0,1,2,3,4,5,6,7,8,9,10,11,12,13,14,15,16,17,18,19,20,21,22,23,24,25,26,27,28,29,30,31,32,33,34,35,36,37,38,39,40,41,42,43,44,45,46,47,48,49,50,51,52,53,54,55,56,57,58,59,60,61,62,63,64,65,66,67,68,69,70,71,72,73,74,75,76,77,78,79,80,81,82,83,84
0.0,123.28601,124.97553,122.918724,124.36339,4113154.0,0.0,0.0,0.0,0.0,0.0,-1.5791621,0.0,0.008738816,0.01370406,-0.002979146,12.0,1.0,124.77963,126.297745,123.824684,124.387856,13927198.0,0.0,0.0,0.0,0.0,0.0,-1.5547122,0.012115096,-0.0031397294,0.012166369,-0.007653049,12.0,2.0,125.95496,126.518135,124.65721,125.78356,14593554.0,0.0,0.0,0.0,0.0,0.0,-1.5354726,0.009419255,-0.0013608324,0.0044712047,-0.010303301,12.0,3.0,121.57199,125.36729,120.76396,124.387856,20280902.0,0.0,0.0,0.0,0.0,0.0,-1.6072198,-0.034797937,0.023162136,0.03121853,-0.006646501,12.0,4.0,122.64937,123.70226,120.95985,121.44956,17623672.0,123.64839,0.0,0.0,0.0,0.0,-1.5895836,0.008862052,-0.0097823795,0.008584584,-0.013775192,12.0
1.0,124.77963,126.297745,123.824684,124.387856,13927198.0,0.0,0.0,0.0,0.0,0.0,-1.5547122,0.012115096,-0.0031397294,0.012166369,-0.007653049,12.0,2.0,125.95496,126.518135,124.65721,125.78356,14593554.0,0.0,0.0,0.0,0.0,0.0,-1.5354726,0.009419255,-0.0013608324,0.0044712047,-0.010303301,12.0,3.0,121.57199,125.36729,120.76396,124.387856,20280902.0,0.0,0.0,0.0,0.0,0.0,-1.6072198,-0.034797937,0.023162136,0.03121853,-0.006646501,12.0,4.0,122.64937,123.70226,120.95985,121.44956,17623672.0,123.64839,0.0,0.0,0.0,0.0,-1.5895836,0.008862052,-0.0097823795,0.008584584,-0.013775192,12.0,5.0,122.96769,124.33889,122.2576,123.40843,8281636.0,123.58473,0.0,0.0,0.0,0.0,-1.5843729,0.002595376,0.003584205,0.011150887,-0.0057746405,12.0
2.0,125.95496,126.518135,124.65721,125.78356,14593554.0,0.0,0.0,0.0,0.0,0.0,-1.5354726,0.009419255,-0.0013608324,0.0044712047,-0.010303301,12.0,3.0,121.57199,125.36729,120.76396,124.387856,20280902.0,0.0,0.0,0.0,0.0,0.0,-1.6072198,-0.034797937,0.023162136,0.03121853,-0.006646501,12.0,4.0,122.64937,123.70226,120.95985,121.44956,17623672.0,123.64839,0.0,0.0,0.0,0.0,-1.5895836,0.008862052,-0.0097823795,0.008584584,-0.013775192,12.0,5.0,122.96769,124.33889,122.2576,123.40843,8281636.0,123.58473,0.0,0.0,0.0,0.0,-1.5843729,0.002595376,0.003584205,0.011150887,-0.0057746405,12.0,6.0,121.44957,122.82078,121.05779,122.82078,3817166.0,122.91872,0.0,0.0,0.0,0.0,-1.6092238,-0.012345681,0.011290335,0.011290335,-0.0032258187,12.0
3.0,121.57199,125.36729,120.76396,124.387856,20280902.0,0.0,0.0,0.0,0.0,0.0,-1.6072198,-0.034797937,0.023162136,0.03121853,-0.006646501,12.0,4.0,122.64937,123.70226,120.95985,121.44956,17623672.0,123.64839,0.0,0.0,0.0,0.0,-1.5895836,0.008862052,-0.0097823795,0.008584584,-0.013775192,12.0,5.0,122.96769,124.33889,122.2576,123.40843,8281636.0,123.58473,0.0,0.0,0.0,0.0,-1.5843729,0.002595376,0.003584205,0.011150887,-0.0057746405,12.0,6.0,121.44957,122.82078,121.05779,122.82078,3817166.0,122.91872,0.0,0.0,0.0,0.0,-1.6092238,-0.012345681,0.011290335,0.011290335,-0.0032258187,12.0,7.0,121.00883,121.54751,120.47014,121.4006,3015884.0,121.92949,0.0,0.0,0.0,0.0,-1.6164386,-0.0036290165,0.0032375061,0.0044516018,-0.0044516637,12.0
4.0,122.64937,123.70226,120.95985,121.44956,17623672.0,123.64839,0.0,0.0,0.0,0.0,-1.5895836,0.008862052,-0.0097823795,0.008584584,-0.013775192,12.0,5.0,122.96769,124.33889,122.2576,123.40843,8281636.0,123.58473,0.0,0.0,0.0,0.0,-1.5843729,0.002595376,0.003584205,0.011150887,-0.0057746405,12.0,6.0,121.44957,122.82078,121.05779,122.82078,3817166.0,122.91872,0.0,0.0,0.0,0.0,-1.6092238,-0.012345681,0.011290335,0.011290335,-0.0032258187,12.0,7.0,121.00883,121.54751,120.47014,121.4006,3015884.0,121.92949,0.0,0.0,0.0,0.0,-1.6164386,-0.0036290165,0.0032375061,0.0044516018,-0.0044516637,12.0,8.0,120.39668,123.38395,120.17631,121.7434,6800848.0,121.69443,0.0,0.0,0.0,0.0,-1.6264591,-0.005058676,0.011185682,0.02481184,-0.001830434,12.0
5.0,122.96769,124.33889,122.2576,123.40843,8281636.0,123.58473,0.0,0.0,0.0,0.0,-1.5843729,0.002595376,0.003584205,0.011150887,-0.0057746405,12.0,6.0,121.44957,122.82078,121.05779,122.82078,3817166.0,122.91872,0.0,0.0,0.0,0.0,-1.6092238,-0.012345681,0.011290335,0.011290335,-0.0032258187,12.0,7.0,121.00883,121.54751,120.47014,121.4006,3015884.0,121.92949,0.0,0.0,0.0,0.0,-1.6164386,-0.0036290165,0.0032375061,0.0044516018,-0.0044516637,12.0,8.0,120.39668,123.38395,120.17631,121.7434,6800848.0,121.69443,0.0,0.0,0.0,0.0,-1.6264591,-0.005058676,0.011185682,0.02481184,-0.001830434,12.0,9.0,121.79236,121.98825,120.15182,120.6905,3393088.0,121.523026,0.0,0.0,0.0,0.0,-1.6036125,0.01159231,-0.009047044,0.0016084004,-0.013470008,12.0
6.0,121.44957,122.82078,121.05779,122.82078,3817166.0,122.91872,0.0,0.0,0.0,0.0,-1.6092238,-0.012345681,0.011290335,0.011290335,-0.0032258187,12.0,7.0,121.00883,121.54751,120.47014,121.4006,3015884.0,121.92949,0.0,0.0,0.0,0.0,-1.6164386,-0.0036290165,0.0032375061,0.0044516018,-0.0044516637,12.0,8.0,120.39668,123.38395,120.17631,121.7434,6800848.0,121.69443,0.0,0.0,0.0,0.0,-1.6264591,-0.005058676,0.011185682,0.02481184,-0.001830434,12.0,9.0,121.79236,121.98825,120.15182,120.6905,3393088.0,121.523026,0.0,0.0,0.0,0.0,-1.6036125,0.01159231,-0.009047044,0.0016084004,-0.013470008,12.0,10.0,121.7432,122.65283,121.079414,122.259476,3421554.0,121.27813,0.0,0.0,0.0,0.0,-1.6044172,-0.0004036065,0.0042406614,0.0074716914,-0.005452367,12.0
7.0,121.00883,121.54751,120.47014,121.4006,3015884.0,121.92949,0.0,0.0,0.0,0.0,-1.6164386,-0.0036290165,0.0032375061,0.0044516018,-0.0044516637,12.0,8.0,120.39668,123.38395,120.17631,121.7434,6800848.0,121.69443,0.0,0.0,0.0,0.0,-1.6264591,-0.005058676,0.011185682,0.02481184,-0.001830434,12.0,9.0,121.79236,121.98825,120.15182,120.6905,3393088.0,121.523026,0.0,0.0,0.0,0.0,-1.6036125,0.01159231,-0.009047044,0.0016084004,-0.013470008,12.0,10.0,121.7432,122.65283,121.079414,122.259476,3421554.0,121.27813,0.0,0.0,0.0,0.0,-1.6044172,-0.0004036065,0.0042406614,0.0074716914,-0.005452367,12.0,11.0,120.6369,121.89072,120.34188,121.89072,3306994.0,121.11559,0.0,0.0,0.0,0.0,-1.6225269,-0.009087163,0.010393266,0.010393266,-0.0024455108,12.0
8.0,120.39668,123.38395,120.17631,121.7434,6800848.0,121.69443,0.0,0.0,0.0,0.0,-1.6264591,-0.005058676,0.011185682,0.02481184,-0.001830434,12.0,9.0,121.79236,121.98825,120.15182,120.6905,3393088.0,121.523026,0.0,0.0,0.0,0.0,-1.6036125,0.01159231,-0.009047044,0.0016084004,-0.013470008,12.0,10.0,121.7432,122.65283,121.079414,122.259476,3421554.0,121.27813,0.0,0.0,0.0,0.0,-1.6044172,-0.0004036065,0.0042406614,0.0074716914,-0.005452367,12.0,11.0,120.6369,121.89072,120.34188,121.89072,3306994.0,121.11559,0.0,0.0,0.0,0.0,-1.6225269,-0.009087163,0.010393266,0.010393266,-0.0024455108,12.0,12.0,119.997696,121.00567,118.89139,120.907326,4272362.0,120.91337,0.0,0.0,0.0,0.0,-1.6329904,-0.0052985935,0.007580376,0.008399931,-0.009219422,12.0
9.0,121.79236,121.98825,120.15182,120.6905,3393088.0,121.523026,0.0,0.0,0.0,0.0,-1.6036125,0.01159231,-0.009047044,0.0016084004,-0.013470008,12.0,10.0,121.7432,122.65283,121.079414,122.259476,3421554.0,121.27813,0.0,0.0,0.0,0.0,-1.6044172,-0.0004036065,0.0042406614,0.0074716914,-0.005452367,12.0,11.0,120.6369,121.89072,120.34188,121.89072,3306994.0,121.11559,0.0,0.0,0.0,0.0,-1.6225269,-0.009087163,0.010393266,0.010393266,-0.0024455108,12.0,12.0,119.997696,121.00567,118.89139,120.907326,4272362.0,120.91337,0.0,0.0,0.0,0.0,-1.6329904,-0.0052985935,0.007580376,0.008399931,-0.009219422,12.0,13.0,121.32526,121.64485,119.60433,120.26812,4009378.0,121.09908,0.0,0.0,0.0,0.0,-1.6112587,0.011063216,-0.008713248,0.0026342205,-0.014184397,12.0
10.0,121.7432,122.65283,121.079414,122.259476,3421554.0,121.27813,0.0,0.0,0.0,0.0,-1.6044172,-0.0004036065,0.0042406614,0.0074716914,-0.005452367,12.0,11.0,120.6369,121.89072,120.34188,121.89072,3306994.0,121.11559,0.0,0.0,0.0,0.0,-1.6225269,-0.009087163,0.010393266,0.010393266,-0.0024455108,12.0,12.0,119.997696,121.00567,118.89139,120.907326,4272362.0,120.91337,0.0,0.0,0.0,0.0,-1.6329904,-0.0052985935,0.007580376,0.008399931,-0.009219422,12.0,13.0,121.32526,121.64485,119.60433,120.26812,4009378.0,121.09908,0.0,0.0,0.0,0.0,-1.6112587,0.011063216,-0.008713248,0.0026342205,-0.014184397,12.0,14.0,118.350525,121.74321,118.104675,121.74321,4294930.0,120.41071,121.86071,0.0,0.0,0.0,-1.6599538,-0.02451865,0.028666427,0.028666427,-0.0020772747,12.0
11.0,120.6369,121.89072,120.34188,121.89072,3306994.0,121.11559,0.0,0.0,0.0,0.0,-1.6225269,-0.009087163,0.010393266,0.010393266,-0.0024455108,12.0,12.0,119.997696,121.00567,118.89139,120.907326,4272362.0,120.91337,0.0,0.0,0.0,0.0,-1.6329904,-0.0052985935,0.007580376,0.008399931,-0.009219422,12.0,13.0,121.32526,121.64485,119.60433,120.26812,4009378.0,121.09908,0.0,0.0,0.0,0.0,-1.6112587,0.011063216,-0.008713248,0.0026342205,-0.014184397,12.0,14.0,118.350525,121.74321,118.104675,121.74321,4294930.0,120.41071,121.86071,0.0,0.0,0.0,-1.6599538,-0.02451865,0.028666427,0.028666427,-0.0020772747,12.0,15.0,116.432915,117.58839,115.54787,117.02294,11107276.0,119.348656,121.40384,0.0,0.0,0.0,-1.6913441,-0.016202802,0.005067555,0.009923948,-0.007601364,12.0
12.0,119.997696,121.00567,118.89139,120.907326,4272362.0,120.91337,0.0,0.0,0.0,0.0,-1.6329904,-0.0052985935,0.007580376,0.008399931,-0.009219422,12.0,13.0,121.32526,121.64485,119.60433,120.26812,4009378.0,121.09908,0.0,0.0,0.0,0.0,-1.6112587,0.011063216,-0.008713248,0.0026342205,-0.014184397,12.0,14.0,118.350525,121.74321,118.104675,121.74321,4294930.0,120.41071,121.86071,0.0,0.0,0.0,-1.6599538,-0.02451865,0.028666427,0.028666427,-0.0020772747,12.0,15.0,116.432915,117.58839,115.54787,117.02294,11107276.0,119.348656,121.40384,0.0,0.0,0.0,-1.6913441,-0.016202802,0.005067555,0.009923948,-0.007601364,12.0,16.0,116.72793,118.080086,115.67079,116.875435,8463660.0,118.566864,120.86706,0.0,0.0,0.0,-1.686515,0.0025337632,0.0012637029,0.011583825,-0.009056419,12.0
13.0,121.32526,121.64485,119.60433,120.26812,4009378.0,121.09908,0.0,0.0,0.0,0.0,-1.6112587,0.011063216,-0.008713248,0.0026342205,-0.014184397,12.0,14.0,118.350525,121.74321,118.104675,121.74321,4294930.0,120.41071,121.86071,0.0,0.0,0.0,-1.6599538,-0.02451865,0.028666427,0.028666427,-0.0020772747,12.0,15.0,116.432915,117.58839,115.54787,117.02294,11107276.0,119.348656,121.40384,0.0,0.0,0.0,-1.6913441,-0.016202802,0.005067555,0.009923948,-0.007601364,12.0,16.0,116.72793,118.080086,115.67079,116.875435,8463660.0,118.566864,120.86706,0.0,0.0,0.0,-1.686515,0.0025337632,0.0012637029,0.011583825,-0.009056419,12.0,17.0,118.12925,118.62094,116.97377,117.51463,6329512.0,118.19318,120.345345,0.0,0.0,0.0,-1.663576,0.012005023,-0.0052029137,0.004162331,-0.009781503,12.0
14.0,118.350525,121.74321,118.104675,121.74321,4294930.0,120.41071,121.86071,0.0,0.0,0.0,-1.6599538,-0.02451865,0.028666427,0.028666427,-0.0020772747,12.0,15.0,116.432915,117.58839,115.54787,117.02294,11107276.0,119.348656,121.40384,0.0,0.0,0.0,-1.6913441,-0.016202802,0.005067555,0.009923948,-0.007601364,12.0,16.0,116.72793,118.080086,115.67079,116.875435,8463660.0,118.566864,120.86706,0.0,0.0,0.0,-1.686515,0.0025337632,0.0012637029,0.011583825,-0.009056419,12.0,17.0,118.12925,118.62094,116.97377,117.51463,6329512.0,118.19318,120.345345,0.0,0.0,0.0,-1.663576,0.012005023,-0.0052029137,0.004162331,-0.009781503,12.0,18.0,119.11265,119.481415,116.67877,118.79305,7751206.0,117.750656,120.18139,0.0,0.0,0.0,-1.6474782,0.0083247665,-0.0026831534,0.0030959751,-0.020433424,12.0
15.0,116.432915,117.58839,115.54787,117.02294,11107276.0,119.348656,121.40384,0.0,0.0,0.0,-1.6913441,-0.016202802,0.005067555,0.009923948,-0.007601364,12.0,16.0,116.72793,118.080086,115.67079,116.875435,8463660.0,118.566864,120.86706,0.0,0.0,0.0,-1.686515,0.0025337632,0.0012637029,0.011583825,-0.009056419,12.0,17.0,118.12925,118.62094,116.97377,117.51463,6329512.0,118.19318,120.345345,0.0,0.0,0.0,-1.663576,0.012005023,-0.0052029137,0.004162331,-0.009781503,12.0,18.0,119.11265,119.481415,116.67877,118.79305,7751206.0,117.750656,120.18139,0.0,0.0,0.0,-1.6474782,0.0083247665,-0.0026831534,0.0030959751,-0.020433424,12.0,19.0,119.801,120.9319,118.81762,119.35848,6112396.0,118.04075,119.99149,120.90572,0.0,0.0,-1.6362101,0.005779021,-0.003693798,0.009439783,-0.008208496,12.0
16.0,116.72793,118.080086,115.67079,116.875435,8463660.0,118.566864,120.86706,0.0,0.0,0.0,-1.686515,0.0025337632,0.0012637029,0.011583825,-0.009056419,12.0,17.0,118.12925,118.62094,116.97377,117.51463,6329512.0,118.19318,120.345345,0.0,0.0,0.0,-1.663576,0.012005023,-0.0052029137,0.004162331,-0.009781503,12.0,18.0,119.11265,119.481415,116.67877,118.79305,7751206.0,117.750656,120.18139,0.0,0.0,0.0,-1.6474782,0.0083247665,-0.0026831534,0.0030959751,-0.020433424,12.0,19.0,119.801,120.9319,118.81762,119.35848,6112396.0,118.04075,119.99149,120.90572,0.0,0.0,-1.6362101,0.005779021,-0.003693798,0.009439783,-0.008208496,12.0,20.0,119.948524,121.44819,119.45683,121.44819,5519024.0,118.74387,119.79022,120.738846,0.0,0.0,-1.6337953,0.0012313918,0.012502574,0.012502574,-0.0040992005,12.0
17.0,118.12925,118.62094,116.97377,117.51463,6329512.0,118.19318,120.345345,0.0,0.0,0.0,-1.663576,0.012005023,-0.0052029137,0.004162331,-0.009781503,12.0,18.0,119.11265,119.481415,116.67877,118.79305,7751206.0,117.750656,120.18139,0.0,0.0,0.0,-1.6474782,0.0083247665,-0.0026831534,0.0030959751,-0.020433424,12.0,19.0,119.801,120.9319,118.81762,119.35848,6112396.0,118.04075,119.99149,120.90572,0.0,0.0,-1.6362101,0.005779021,-0.003693798,0.009439783,-0.008208496,12.0,20.0,119.948524,121.44819,119.45683,121.44819,5519024.0,118.74387,119.79022,120.738846,0.0,0.0,-1.6337953,0.0012313918,0.012502574,0.012502574,-0.0040992005,12.0,21.0,118.44885,120.78439,117.7359,120.66147,4517992.0,119.08806,119.59017,120.42231,0.0,0.0,-1.6583443,-0.012502629,0.01867995,0.019717725,-0.0060190824,12.0
18.0,119.11265,119.481415,116.67877,118.79305,7751206.0,117.750656,120.18139,0.0,0.0,0.0,-1.6474782,0.0083247665,-0.0026831534,0.0030959751,-0.020433424,12.0,19.0,119.801,120.9319,118.81762,119.35848,6112396.0,118.04075,119.99149,120.90572,0.0,0.0,-1.6362101,0.005779021,-0.003693798,0.009439783,-0.008208496,12.0,20.0,119.948524,121.44819,119.45683,121.44819,5519024.0,118.74387,119.79022,120.738846,0.0,0.0,-1.6337953,0.0012313918,0.012502574,0.012502574,-0.0040992005,12.0,21.0,118.44885,120.78439,117.7359,120.66147,4517992.0,119.08806,119.59017,120.42231,0.0,0.0,-1.6583443,-0.012502629,0.01867995,0.019717725,-0.0060190824,12.0,22.0,118.62095,119.432236,117.908,118.276764,5460620.0,119.18639,119.43098,120.0556,0.0,0.0,-1.6555271,0.0014529162,-0.0029015418,0.006839353,-0.00601035,12.0
19.0,119.801,120.9319,118.81762,119.35848,6112396.0,118.04075,119.99149,120.90572,0.0,0.0,-1.6362101,0.005779021,-0.003693798,0.009439783,-0.008208496,12.0,20.0,119.948524,121.44819,119.45683,121.44819,5519024.0,118.74387,119.79022,120.738846,0.0,0.0,-1.6337953,0.0012313918,0.012502574,0.012502574,-0.0040992005,12.0,21.0,118.44885,120.78439,117.7359,120.66147,4517992.0,119.08806,119.59017,120.42231,0.0,0.0,-1.6583443,-0.012502629,0.01867995,0.019717725,-0.0060190824,12.0,22.0,118.62095,119.432236,117.908,118.276764,5460620.0,119.18639,119.43098,120.0556,0.0,0.0,-1.6555271,0.0014529162,-0.0029015418,0.006839353,-0.00601035,12.0,23.0,120.19435,121.52192,118.84219,118.84219,6838800.0,119.40273,119.41749,119.986725,0.0,0.0,-1.6297712,0.01326412,-0.011249744,0.011045191,-0.011249744,12.0
20.0,119.948524,121.44819,119.45683,121.44819,5519024.0,118.74387,119.79022,120.738846,0.0,0.0,-1.6337953,0.0012313918,0.012502574,0.012502574,-0.0040992005,12.0,21.0,118.44885,120.78439,117.7359,120.66147,4517992.0,119.08806,119.59017,120.42231,0.0,0.0,-1.6583443,-0.012502629,0.01867995,0.019717725,-0.0060190824,12.0,22.0,118.62095,119.432236,117.908,118.276764,5460620.0,119.18639,119.43098,120.0556,0.0,0.0,-1.6555271,0.0014529162,-0.0029015418,0.006839353,-0.00601035,12.0,23.0,120.19435,121.52192,118.84219,118.84219,6838800.0,119.40273,119.41749,119.986725,0.0,0.0,-1.6297712,0.01326412,-0.011249744,0.011045191,-0.011249744,12.0,24.0,119.85018,120.858154,119.235565,120.858154,4829910.0,119.412575,119.28801,119.84676,120.60709,0.0,-1.6354051,-0.0028634425,0.008410269,0.008410269,-0.0051282053,12.0
21.0,118.44885,120.78439,117.7359,120.66147,4517992.0,119.08806,119.59017,120.42231,0.0,0.0,-1.6583443,-0.012502629,0.01867995,0.019717725,-0.0060190824,12.0,22.0,118.62095,119.432236,117.908,118.276764,5460620.0,119.18639,119.43098,120.0556,0.0,0.0,-1.6555271,0.0014529162,-0.0029015418,0.006839353,-0.00601035,12.0,23.0,120.19435,121.52192,118.84219,118.84219,6838800.0,119.40273,119.41749,119.986725,0.0,0.0,-1.6297712,0.01326412,-0.011249744,0.011045191,-0.011249744,12.0,24.0,119.85018,120.858154,119.235565,120.858154,4829910.0,119.412575,119.28801,119.84676,120.60709,0.0,-1.6354051,-0.0028634425,0.008410269,0.008410269,-0.0051282053,12.0,25.0,119.432236,120.63689,118.989716,119.87476,3619586.0,119.30931,119.13395,119.66999,120.45294,0.0,-1.6422467,-0.0034872359,0.0037052662,0.010086506,-0.0037052035,12.0
22.0,118.62095,119.432236,117.908,118.276764,5460620.0,119.18639,119.43098,120.0556,0.0,0.0,-1.6555271,0.0014529162,-0.0029015418,0.006839353,-0.00601035,12.0,23.0,120.19435,121.52192,118.84219,118.84219,6838800.0,119.40273,119.41749,119.986725,0.0,0.0,-1.6297712,0.01326412,-0.011249744,0.011045191,-0.011249744,12.0,24.0,119.85018,120.858154,119.235565,120.858154,4829910.0,119.412575,119.28801,119.84676,120.60709,0.0,-1.6354051,-0.0028634425,0.008410269,0.008410269,-0.0051282053,12.0,25.0,119.432236,120.63689,118.989716,119.87476,3619586.0,119.30931,119.13395,119.66999,120.45294,0.0,-1.6422467,-0.0034872359,0.0037052662,0.010086506,-0.0037052035,12.0,26.0,119.87477,120.4648,118.96513,119.43224,2035556.0,119.5945,119.08314,119.591255,120.256744,0.0,-1.6350026,0.0037053262,-0.003691588,0.0049220547,-0.007588212,12.0
23.0,120.19435,121.52192,118.84219,118.84219,6838800.0,119.40273,119.41749,119.986725,0.0,0.0,-1.6297712,0.01326412,-0.011249744,0.011045191,-0.011249744,12.0,24.0,119.85018,120.858154,119.235565,120.858154,4829910.0,119.412575,119.28801,119.84676,120.60709,0.0,-1.6354051,-0.0028634425,0.008410269,0.008410269,-0.0051282053,12.0,25.0,119.432236,120.63689,118.989716,119.87476,3619586.0,119.30931,119.13395,119.66999,120.45294,0.0,-1.6422467,-0.0034872359,0.0037052662,0.010086506,-0.0037052035,12.0,26.0,119.87477,120.4648,118.96513,119.43224,2035556.0,119.5945,119.08314,119.591255,120.256744,0.0,-1.6350026,0.0037053262,-0.003691588,0.0049220547,-0.007588212,12.0,27.0,119.997696,120.39105,118.62096,119.85019,2505274.0,119.86985,119.08314,119.540695,120.018456,0.0,-1.6329904,0.0010254435,-0.0012292687,0.0032780292,-0.011473071,12.0
24.0,119.85018,120.858154,119.235565,120.858154,4829910.0,119.412575,119.28801,119.84676,120.60709,0.0,-1.6354051,-0.0028634425,0.008410269,0.008410269,-0.0051282053,12.0,25.0,119.432236,120.63689,118.989716,119.87476,3619586.0,119.30931,119.13395,119.66999,120.45294,0.0,-1.6422467,-0.0034872359,0.0037052662,0.010086506,-0.0037052035,12.0,26.0,119.87477,120.4648,118.96513,119.43224,2035556.0,119.5945,119.08314,119.591255,120.256744,0.0,-1.6350026,0.0037053262,-0.003691588,0.0049220547,-0.007588212,12.0,27.0,119.997696,120.39105,118.62096,119.85019,2505274.0,119.86985,119.08314,119.540695,120.018456,0.0,-1.6329904,0.0010254435,-0.0012292687,0.0032780292,-0.011473071,12.0,28.0,121.7432,122.11197,120.21895,120.21895,3570768.0,120.17962,119.111,119.608025,120.02531,0.0,-1.6044172,0.014546165,-0.012520218,0.0030290792,-0.012520218,12.0
25.0,119.432236,120.63689,118.989716,119.87476,3619586.0,119.30931,119.13395,119.66999,120.45294,0.0,-1.6422467,-0.0034872359,0.0037052662,0.010086506,-0.0037052035,12.0,26.0,119.87477,120.4648,118.96513,119.43224,2035556.0,119.5945,119.08314,119.591255,120.256744,0.0,-1.6350026,0.0037053262,-0.003691588,0.0049220547,-0.007588212,12.0,27.0,119.997696,120.39105,118.62096,119.85019,2505274.0,119.86985,119.08314,119.540695,120.018456,0.0,-1.6329904,0.0010254435,-0.0012292687,0.0032780292,-0.011473071,12.0,28.0,121.7432,122.11197,120.21895,120.21895,3570768.0,120.17962,119.111,119.608025,120.02531,0.0,-1.6044172,0.014546165,-0.012520218,0.0030290792,-0.012520218,12.0,29.0,120.80898,122.21031,120.51397,121.93988,4241614.0,120.371376,119.2749,119.55885,119.95169,120.5678,-1.61971,-0.0076736882,0.009361022,0.011599537,-0.0024419653,12.0
26.0,119.87477,120.4648,118.96513,119.43224,2035556.0,119.5945,119.08314,119.591255,120.256744,0.0,-1.6350026,0.0037053262,-0.003691588,0.0049220547,-0.007588212,12.0,27.0,119.997696,120.39105,118.62096,119.85019,2505274.0,119.86985,119.08314,119.540695,120.018456,0.0,-1.6329904,0.0010254435,-0.0012292687,0.0032780292,-0.011473071,12.0,28.0,121.7432,122.11197,120.21895,120.21895,3570768.0,120.17962,119.111,119.608025,120.02531,0.0,-1.6044172,0.014546165,-0.012520218,0.0030290792,-0.012520218,12.0,29.0,120.80898,122.21031,120.51397,121.93988,4241614.0,120.371376,119.2749,119.55885,119.95169,120.5678,-1.61971,-0.0076736882,0.009361022,0.011599537,-0.0024419653,12.0,30.0,120.07145,121.841545,119.1864,120.464806,7043950.0,120.49922,119.51747,119.475266,119.83584,120.460655,-1.631783,-0.0061049564,0.0032760159,0.01474204,-0.00737102,12.0
27.0,119.997696,120.39105,118.62096,119.85019,2505274.0,119.86985,119.08314,119.540695,120.018456,0.0,-1.6329904,0.0010254435,-0.0012292687,0.0032780292,-0.011473071,12.0,28.0,121.7432,122.11197,120.21895,120.21895,3570768.0,120.17962,119.111,119.608025,120.02531,0.0,-1.6044172,0.014546165,-0.012520218,0.0030290792,-0.012520218,12.0,29.0,120.80898,122.21031,120.51397,121.93988,4241614.0,120.371376,119.2749,119.55885,119.95169,120.5678,-1.61971,-0.0076736882,0.009361022,0.011599537,-0.0024419653,12.0,30.0,120.07145,121.841545,119.1864,120.464806,7043950.0,120.49922,119.51747,119.475266,119.83584,120.460655,-1.631783,-0.0061049564,0.0032760159,0.01474204,-0.00737102,12.0,31.0,120.02228,121.27609,119.21098,120.04686,5059572.0,120.528725,119.73709,119.444534,119.77875,120.30208,-1.6325879,-0.00040951822,0.00020478407,0.010446488,-0.006759562,12.0
28.0,121.7432,122.11197,120.21895,120.21895,3570768.0,120.17962,119.111,119.608025,120.02531,0.0,-1.6044172,0.014546165,-0.012520218,0.0030290792,-0.012520218,12.0,29.0,120.80898,122.21031,120.51397,121.93988,4241614.0,120.371376,119.2749,119.55885,119.95169,120.5678,-1.61971,-0.0076736882,0.009361022,0.011599537,-0.0024419653,12.0,30.0,120.07145,121.841545,119.1864,120.464806,7043950.0,120.49922,119.51747,119.475266,119.83584,120.460655,-1.631783,-0.0061049564,0.0032760159,0.01474204,-0.00737102,12.0,31.0,120.02228,121.27609,119.21098,120.04686,5059572.0,120.528725,119.73709,119.444534,119.77875,120.30208,-1.6325879,-0.00040951822,0.00020478407,0.010446488,-0.006759562,12.0,32.0,117.95716,119.702675,117.21962,119.506,7988388.0,120.12061,119.72562,119.34251,119.65668,120.035484,-1.6663929,-0.017206114,0.013130509,0.014797846,-0.0062526055,12.0
29.0,120.80898,122.21031,120.51397,121.93988,4241614.0,120.371376,119.2749,119.55885,119.95169,120.5678,-1.61971,-0.0076736882,0.009361022,0.011599537,-0.0024419653,12.0,30.0,120.07145,121.841545,119.1864,120.464806,7043950.0,120.49922,119.51747,119.475266,119.83584,120.460655,-1.631783,-0.0061049564,0.0032760159,0.01474204,-0.00737102,12.0,31.0,120.02228,121.27609,119.21098,120.04686,5059572.0,120.528725,119.73709,119.444534,119.77875,120.30208,-1.6325879,-0.00040951822,0.00020478407,0.010446488,-0.006759562,12.0,32.0,117.95716,119.702675,117.21962,119.506,7988388.0,120.12061,119.72562,119.34251,119.65668,120.035484,-1.6663929,-0.017206114,0.013130509,0.014797846,-0.0062526055,12.0,33.0,113.876114,117.49005,113.33525,117.49005,9733628.0,118.547195,119.37652,118.97005,119.39586,119.77895,-1.7331978,-0.034597706,0.03173571,0.03173571,-0.0047495943,12.0
30.0,120.07145,121.841545,119.1864,120.464806,7043950.0,120.49922,119.51747,119.475266,119.83584,120.460655,-1.631783,-0.0061049564,0.0032760159,0.01474204,-0.00737102,12.0,31.0,120.02228,121.27609,119.21098,120.04686,5059572.0,120.528725,119.73709,119.444534,119.77875,120.30208,-1.6325879,-0.00040951822,0.00020478407,0.010446488,-0.006759562,12.0,32.0,117.95716,119.702675,117.21962,119.506,7988388.0,120.12061,119.72562,119.34251,119.65668,120.035484,-1.6663929,-0.017206114,0.013130509,0.014797846,-0.0062526055,12.0,33.0,113.876114,117.49005,113.33525,117.49005,9733628.0,118.547195,119.37652,118.97005,119.39586,119.77895,-1.7331978,-0.034597706,0.03173571,0.03173571,-0.0047495943,12.0,34.0,108.88542,112.84355,108.024956,112.35186,11274618.0,116.16248,118.64881,118.496796,118.87958,119.32015,-1.8148932,-0.043825626,0.03183564,0.036351334,-0.007902461,12.0
31.0,120.02228,121.27609,119.21098,120.04686,5059572.0,120.528725,119.73709,119.444534,119.77875,120.30208,-1.6325879,-0.00040951822,0.00020478407,0.010446488,-0.006759562,12.0,32.0,117.95716,119.702675,117.21962,119.506,7988388.0,120.12061,119.72562,119.34251,119.65668,120.035484,-1.6663929,-0.017206114,0.013130509,0.014797846,-0.0062526055,12.0,33.0,113.876114,117.49005,113.33525,117.49005,9733628.0,118.547195,119.37652,118.97005,119.39586,119.77895,-1.7331978,-0.034597706,0.03173571,0.03173571,-0.0047495943,12.0,34.0,108.88542,112.84355,108.024956,112.35186,11274618.0,116.16248,118.64881,118.496796,118.87958,119.32015,-1.8148932,-0.043825626,0.03183564,0.036351334,-0.007902461,12.0,35.0,108.565834,111.61433,107.385765,111.0243,11532350.0,113.86136,117.88997,118.10344,118.352486,118.840096,-1.8201247,-0.0029350827,0.022644928,0.028079696,-0.010869606,12.0
32.0,117.95716,119.702675,117.21962,119.506,7988388.0,120.12061,119.72562,119.34251,119.65668,120.035484,-1.6663929,-0.017206114,0.013130509,0.014797846,-0.0062526055,12.0,33.0,113.876114,117.49005,113.33525,117.49005,9733628.0,118.547195,119.37652,118.97005,119.39586,119.77895,-1.7331978,-0.034597706,0.03173571,0.03173571,-0.0047495943,12.0,34.0,108.88542,112.84355,108.024956,112.35186,11274618.0,116.16248,118.64881,118.496796,118.87958,119.32015,-1.8148932,-0.043825626,0.03183564,0.036351334,-0.007902461,12.0,35.0,108.565834,111.61433,107.385765,111.0243,11532350.0,113.86136,117.88997,118.10344,118.352486,118.840096,-1.8201247,-0.0029350827,0.022644928,0.028079696,-0.010869606,12.0,36.0,109.99173,111.024284,108.46748,110.13924,10346226.0,111.855255,117.32616,117.76663,117.92668,118.45816,-1.7967834,0.013133926,0.0013410954,0.0093876,-0.013857804,12.0
33.0,113.876114,117.49005,113.33525,117.49005,9733628.0,118.547195,119.37652,118.97005,119.39586,119.77895,-1.7331978,-0.034597706,0.03173571,0.03173571,-0.0047495943,12.0,34.0,108.88542,112.84355,108.024956,112.35186,11274618.0,116.16248,118.64881,118.496796,118.87958,119.32015,-1.8148932,-0.043825626,0.03183564,0.036351334,-0.007902461,12.0,35.0,108.565834,111.61433,107.385765,111.0243,11532350.0,113.86136,117.88997,118.10344,118.352486,118.840096,-1.8201247,-0.0029350827,0.022644928,0.028079696,-0.010869606,12.0,36.0,109.99173,111.024284,108.46748,110.13924,10346226.0,111.855255,117.32616,117.76663,117.92668,118.45816,-1.7967834,0.013133926,0.0013410954,0.0093876,-0.013857804,12.0,37.0,112.52396,112.96648,109.37711,110.581764,9036356.0,110.76861,116.91969,117.48637,117.62773,118.17534,-1.7553321,0.023021972,-0.017260266,0.0039326805,-0.027965955,12.0
34.0,108.88542,112.84355,108.024956,112.35186,11274618.0,116.16248,118.64881,118.496796,118.87958,119.32015,-1.8148932,-0.043825626,0.03183564,0.036351334,-0.007902461,12.0,35.0,108.565834,111.61433,107.385765,111.0243,11532350.0,113.86136,117.88997,118.10344,118.352486,118.840096,-1.8201247,-0.0029350827,0.022644928,0.028079696,-0.010869606,12.0,36.0,109.99173,111.024284,108.46748,110.13924,10346226.0,111.855255,117.32616,117.76663,117.92668,118.45816,-1.7967834,0.013133926,0.0013410954,0.0093876,-0.013857804,12.0,37.0,112.52396,112.96648,109.37711,110.581764,9036356.0,110.76861,116.91969,117.48637,117.62773,118.17534,-1.7553321,0.023021972,-0.017260266,0.0039326805,-0.027965955,12.0,38.0,112.941895,115.007,112.42561,112.6223,5941556.0,110.581764,116.436195,117.177826,117.2924,117.92684,-1.7484906,0.0037142155,-0.0028297515,0.018284706,-0.0045711934,12.0
35.0,108.565834,111.61433,107.385765,111.0243,11532350.0,113.86136,117.88997,118.10344,118.352486,118.840096,-1.8201247,-0.0029350827,0.022644928,0.028079696,-0.010869606,12.0,36.0,109.99173,111.024284,108.46748,110.13924,10346226.0,111.855255,117.32616,117.76663,117.92668,118.45816,-1.7967834,0.013133926,0.0013410954,0.0093876,-0.013857804,12.0,37.0,112.52396,112.96648,109.37711,110.581764,9036356.0,110.76861,116.91969,117.48637,117.62773,118.17534,-1.7553321,0.023021972,-0.017260266,0.0039326805,-0.027965955,12.0,38.0,112.941895,115.007,112.42561,112.6223,5941556.0,110.581764,116.436195,117.177826,117.2924,117.92684,-1.7484906,0.0037142155,-0.0028297515,0.018284706,-0.0045711934,12.0,39.0,109.917984,111.12263,109.42629,110.630936,5868566.0,110.78828,115.77405,116.68368,116.95509,117.53103,-1.7979907,-0.026774038,0.006486231,0.010959503,-0.0044732722,12.0
36.0,109.99173,111.024284,108.46748,110.13924,10346226.0,111.855255,117.32616,117.76663,117.92668,118.45816,-1.7967834,0.013133926,0.0013410954,0.0093876,-0.013857804,12.0,37.0,112.52396,112.96648,109.37711,110.581764,9036356.0,110.76861,116.91969,117.48637,117.62773,118.17534,-1.7553321,0.023021972,-0.017260266,0.0039326805,-0.027965955,12.0,38.0,112.941895,115.007,112.42561,112.6223,5941556.0,110.581764,116.436195,117.177826,117.2924,117.92684,-1.7484906,0.0037142155,-0.0028297515,0.018284706,-0.0045711934,12.0,39.0,109.917984,111.12263,109.42629,110.630936,5868566.0,110.78828,115.77405,116.68368,116.95509,117.53103,-1.7979907,-0.026774038,0.006486231,0.010959503,-0.0044732722,12.0,40.0,105.41899,108.66417,104.73062,108.27081,17462228.0,110.15891,114.83983,115.9572,116.514534,116.98689,-1.8716371,-0.040930454,0.027052253,0.030783612,-0.0065298225,12.0
37.0,112.52396,112.96648,109.37711,110.581764,9036356.0,110.76861,116.91969,117.48637,117.62773,118.17534,-1.7553321,0.023021972,-0.017260266,0.0039326805,-0.027965955,12.0,38.0,112.941895,115.007,112.42561,112.6223,5941556.0,110.581764,116.436195,117.177826,117.2924,117.92684,-1.7484906,0.0037142155,-0.0028297515,0.018284706,-0.0045711934,12.0,39.0,109.917984,111.12263,109.42629,110.630936,5868566.0,110.78828,115.77405,116.68368,116.95509,117.53103,-1.7979907,-0.026774038,0.006486231,0.010959503,-0.0044732722,12.0,40.0,105.41899,108.66417,104.73062,108.27081,17462228.0,110.15891,114.83983,115.9572,116.514534,116.98689,-1.8716371,-0.040930454,0.027052253,0.030783612,-0.0065298225,12.0,41.0,104.77979,105.41899,100.157875,100.157875,12270332.0,109.11652,113.833496,115.27375,116.03661,116.45832,-1.8821005,-0.0060634073,-0.044110786,0.006100365,-0.044110786,12.0
38.0,112.941895,115.007,112.42561,112.6223,5941556.0,110.581764,116.436195,117.177826,117.2924,117.92684,-1.7484906,0.0037142155,-0.0028297515,0.018284706,-0.0045711934,12.0,39.0,109.917984,111.12263,109.42629,110.630936,5868566.0,110.78828,115.77405,116.68368,116.95509,117.53103,-1.7979907,-0.026774038,0.006486231,0.010959503,-0.0044732722,12.0,40.0,105.41899,108.66417,104.73062,108.27081,17462228.0,110.15891,114.83983,115.9572,116.514534,116.98689,-1.8716371,-0.040930454,0.027052253,0.030783612,-0.0065298225,12.0,41.0,104.77979,105.41899,100.157875,100.157875,12270332.0,109.11652,113.833496,115.27375,116.03661,116.45832,-1.8821005,-0.0060634073,-0.044110786,0.006100365,-0.044110786,12.0,42.0,97.89609,101.755875,97.109375,100.30538,10764010.0,106.19095,112.36006,114.2375,115.22729,115.721596,-1.9947836,-0.06569688,0.024610717,0.039427377,-0.008036193,12.0
39.0,109.917984,111.12263,109.42629,110.630936,5868566.0,110.78828,115.77405,116.68368,116.95509,117.53103,-1.7979907,-0.026774038,0.006486231,0.010959503,-0.0044732722,12.0,40.0,105.41899,108.66417,104.73062,108.27081,17462228.0,110.15891,114.83983,115.9572,116.514534,116.98689,-1.8716371,-0.040930454,0.027052253,0.030783612,-0.0065298225,12.0,41.0,104.77979,105.41899,100.157875,100.157875,12270332.0,109.11652,113.833496,115.27375,116.03661,116.45832,-1.8821005,-0.0060634073,-0.044110786,0.006100365,-0.044110786,12.0,42.0,97.89609,101.755875,97.109375,100.30538,10764010.0,106.19095,112.36006,114.2375,115.22729,115.721596,-1.9947836,-0.06569688,0.024610717,0.039427377,-0.008036193,12.0,43.0,97.0602,100.52664,83.21905,97.84692,13043196.0,103.01461,110.71452,113.080795,114.345184,114.912766,-2.0084667,-0.008538483,0.008105401,0.035714302,-0.14260383,12.0
40.0,105.41899,108.66417,104.73062,108.27081,17462228.0,110.15891,114.83983,115.9572,116.514534,116.98689,-1.8716371,-0.040930454,0.027052253,0.030783612,-0.0065298225,12.0,41.0,104.77979,105.41899,100.157875,100.157875,12270332.0,109.11652,113.833496,115.27375,116.03661,116.45832,-1.8821005,-0.0060634073,-0.044110786,0.006100365,-0.044110786,12.0,42.0,97.89609,101.755875,97.109375,100.30538,10764010.0,106.19095,112.36006,114.2375,115.22729,115.721596,-1.9947836,-0.06569688,0.024610717,0.039427377,-0.008036193,12.0,43.0,97.0602,100.52664,83.21905,97.84692,13043196.0,103.01461,110.71452,113.080795,114.345184,114.912766,-2.0084667,-0.008538483,0.008105401,0.035714302,-0.14260383,12.0,44.0,88.38183,95.36387,87.7918,95.36387,11201148.0,98.70738,108.55271,111.50738,113.08842,113.91381,-2.1505277,-0.089412294,0.078998595,0.078998595,-0.006675922,12.0
41.0,104.77979,105.41899,100.157875,100.157875,12270332.0,109.11652,113.833496,115.27375,116.03661,116.45832,-1.8821005,-0.0060634073,-0.044110786,0.006100365,-0.044110786,12.0,42.0,97.89609,101.755875,97.109375,100.30538,10764010.0,106.19095,112.36006,114.2375,115.22729,115.721596,-1.9947836,-0.06569688,0.024610717,0.039427377,-0.008036193,12.0,43.0,97.0602,100.52664,83.21905,97.84692,13043196.0,103.01461,110.71452,113.080795,114.345184,114.912766,-2.0084667,-0.008538483,0.008105401,0.035714302,-0.14260383,12.0,44.0,88.38183,95.36387,87.7918,95.36387,11201148.0,98.70738,108.55271,111.50738,113.08842,113.91381,-2.1505277,-0.089412294,0.078998595,0.078998595,-0.006675922,12.0,45.0,85.11207,91.23364,83.95659,87.791794,12175374.0,94.645996,106.22209,109.791374,111.69496,112.86978,-2.2040522,-0.036995843,0.03148467,0.071923725,-0.013576003,12.0
42.0,97.89609,101.755875,97.109375,100.30538,10764010.0,106.19095,112.36006,114.2375,115.22729,115.721596,-1.9947836,-0.06569688,0.024610717,0.039427377,-0.008036193,12.0,43.0,97.0602,100.52664,83.21905,97.84692,13043196.0,103.01461,110.71452,113.080795,114.345184,114.912766,-2.0084667,-0.008538483,0.008105401,0.035714302,-0.14260383,12.0,44.0,88.38183,95.36387,87.7918,95.36387,11201148.0,98.70738,108.55271,111.50738,113.08842,113.91381,-2.1505277,-0.089412294,0.078998595,0.078998595,-0.006675922,12.0,45.0,85.11207,91.23364,83.95659,87.791794,12175374.0,94.645996,106.22209,109.791374,111.69496,112.86978,-2.2040522,-0.036995843,0.03148467,0.071923725,-0.013576003,12.0,46.0,83.563225,87.767204,82.85027,86.88216,12733198.0,90.40268,103.79149,107.97579,110.29954,111.76429,-2.229406,-0.018197695,0.039717566,0.05030893,-0.008531903,12.0
43.0,97.0602,100.52664,83.21905,97.84692,13043196.0,103.01461,110.71452,113.080795,114.345184,114.912766,-2.0084667,-0.008538483,0.008105401,0.035714302,-0.14260383,12.0,44.0,88.38183,95.36387,87.7918,95.36387,11201148.0,98.70738,108.55271,111.50738,113.08842,113.91381,-2.1505277,-0.089412294,0.078998595,0.078998595,-0.006675922,12.0,45.0,85.11207,91.23364,83.95659,87.791794,12175374.0,94.645996,106.22209,109.791374,111.69496,112.86978,-2.2040522,-0.036995843,0.03148467,0.071923725,-0.013576003,12.0,46.0,83.563225,87.767204,82.85027,86.88216,12733198.0,90.40268,103.79149,107.97579,110.29954,111.76429,-2.229406,-0.018197695,0.039717566,0.05030893,-0.008531903,12.0,47.0,79.82637,84.25161,78.37587,81.12936,11980172.0,86.78874,101.249435,105.96723,108.74775,110.487526,-2.2905767,-0.044718888,0.01632272,0.055435784,-0.018170694,12.0
44.0,88.38183,95.36387,87.7918,95.36387,11201148.0,98.70738,108.55271,111.50738,113.08842,113.91381,-2.1505277,-0.089412294,0.078998595,0.078998595,-0.006675922,12.0,45.0,85.11207,91.23364,83.95659,87.791794,12175374.0,94.645996,106.22209,109.791374,111.69496,112.86978,-2.2040522,-0.036995843,0.03148467,0.071923725,-0.013576003,12.0,46.0,83.563225,87.767204,82.85027,86.88216,12733198.0,90.40268,103.79149,107.97579,110.29954,111.76429,-2.229406,-0.018197695,0.039717566,0.05030893,-0.008531903,12.0,47.0,79.82637,84.25161,78.37587,81.12936,11980172.0,86.78874,101.249435,105.96723,108.74775,110.487526,-2.2905767,-0.044718888,0.01632272,0.055435784,-0.018170694,12.0,48.0,88.1114,91.356575,79.90012,80.195145,20319490.0,84.99898,99.531784,104.28564,107.46443,109.45415,-2.1549544,0.10378809,-0.0898437,0.03683039,-0.09319195,12.0
45.0,85.11207,91.23364,83.95659,87.791794,12175374.0,94.645996,106.22209,109.791374,111.69496,112.86978,-2.2040522,-0.036995843,0.03148467,0.071923725,-0.013576003,12.0,46.0,83.563225,87.767204,82.85027,86.88216,12733198.0,90.40268,103.79149,107.97579,110.29954,111.76429,-2.229406,-0.018197695,0.039717566,0.05030893,-0.008531903,12.0,47.0,79.82637,84.25161,78.37587,81.12936,11980172.0,86.78874,101.249435,105.96723,108.74775,110.487526,-2.2905767,-0.044718888,0.01632272,0.055435784,-0.018170694,12.0,48.0,88.1114,91.356575,79.90012,80.195145,20319490.0,84.99898,99.531784,104.28564,107.46443,109.45415,-2.1549544,0.10378809,-0.0898437,0.03683039,-0.09319195,12.0,49.0,83.66157,87.02967,81.12935,81.12935,10720786.0,84.054924,97.8502,102.42827,106.01689,108.249504,-2.2277963,-0.05050231,-0.030267376,0.04025863,-0.030267376,12.0
46.0,83.563225,87.767204,82.85027,86.88216,12733198.0,90.40268,103.79149,107.97579,110.29954,111.76429,-2.229406,-0.018197695,0.039717566,0.05030893,-0.008531903,12.0,47.0,79.82637,84.25161,78.37587,81.12936,11980172.0,86.78874,101.249435,105.96723,108.74775,110.487526,-2.2905767,-0.044718888,0.01632272,0.055435784,-0.018170694,12.0,48.0,88.1114,91.356575,79.90012,80.195145,20319490.0,84.99898,99.531784,104.28564,107.46443,109.45415,-2.1549544,0.10378809,-0.0898437,0.03683039,-0.09319195,12.0,49.0,83.66157,87.02967,81.12935,81.12935,10720786.0,84.054924,97.8502,102.42827,106.01689,108.249504,-2.2277963,-0.05050231,-0.030267376,0.04025863,-0.030267376,12.0,50.0,86.71008,89.36522,82.62903,82.85029,12061562.0,84.37453,96.39314,100.7602,104.708,107.141556,-2.1778934,0.03643866,-0.044513784,0.030620888,-0.04706551,12.0
47.0,79.82637,84.25161,78.37587,81.12936,11980172.0,86.78874,101.249435,105.96723,108.74775,110.487526,-2.2905767,-0.044718888,0.01632272,0.055435784,-0.018170694,12.0,48.0,88.1114,91.356575,79.90012,80.195145,20319490.0,84.99898,99.531784,104.28564,107.46443,109.45415,-2.1549544,0.10378809,-0.0898437,0.03683039,-0.09319195,12.0,49.0,83.66157,87.02967,81.12935,81.12935,10720786.0,84.054924,97.8502,102.42827,106.01689,108.249504,-2.2277963,-0.05050231,-0.030267376,0.04025863,-0.030267376,12.0,50.0,86.71008,89.36522,82.62903,82.85029,12061562.0,84.37453,96.39314,100.7602,104.708,107.141556,-2.1778934,0.03643866,-0.044513784,0.030620888,-0.04706551,12.0,51.0,85.87419,92.43829,83.68616,87.22635,13456292.0,84.83672,94.78531,99.052795,103.34798,106.05573,-2.1915765,-0.009640075,0.015745778,0.07643863,-0.025479514,12.0
48.0,88.1114,91.356575,79.90012,80.195145,20319490.0,84.99898,99.531784,104.28564,107.46443,109.45415,-2.1549544,0.10378809,-0.0898437,0.03683039,-0.09319195,12.0,49.0,83.66157,87.02967,81.12935,81.12935,10720786.0,84.054924,97.8502,102.42827,106.01689,108.249504,-2.2277963,-0.05050231,-0.030267376,0.04025863,-0.030267376,12.0,50.0,86.71008,89.36522,82.62903,82.85029,12061562.0,84.37453,96.39314,100.7602,104.708,107.141556,-2.1778934,0.03643866,-0.044513784,0.030620888,-0.04706551,12.0,51.0,85.87419,92.43829,83.68616,87.22635,13456292.0,84.83672,94.78531,99.052795,103.34798,106.05573,-2.1915765,-0.009640075,0.015745778,0.07643863,-0.025479514,12.0,52.0,89.78315,91.84826,84.81705,87.00508,10247690.0,86.82808,93.26926,97.6441,102.1394,105.094475,-2.1275887,0.045519594,-0.030941999,0.023001079,-0.05531219,12.0
49.0,83.66157,87.02967,81.12935,81.12935,10720786.0,84.054924,97.8502,102.42827,106.01689,108.249504,-2.2277963,-0.05050231,-0.030267376,0.04025863,-0.030267376,12.0,50.0,86.71008,89.36522,82.62903,82.85029,12061562.0,84.37453,96.39314,100.7602,104.708,107.141556,-2.1778934,0.03643866,-0.044513784,0.030620888,-0.04706551,12.0,51.0,85.87419,92.43829,83.68616,87.22635,13456292.0,84.83672,94.78531,99.052795,103.34798,106.05573,-2.1915765,-0.009640075,0.015745778,0.07643863,-0.025479514,12.0,52.0,89.78315,91.84826,84.81705,87.00508,10247690.0,86.82808,93.26926,97.6441,102.1394,105.094475,-2.1275887,0.045519594,-0.030941999,0.023001079,-0.05531219,12.0,53.0,90.22568,93.175835,89.242294,90.05358,13535120.0,87.25093,91.754845,96.46157,100.8787,104.09552,-2.1203446,0.004928851,-0.0019073902,0.032697547,-0.010899182,12.0
50.0,86.71008,89.36522,82.62903,82.85029,12061562.0,84.37453,96.39314,100.7602,104.708,107.141556,-2.1778934,0.03643866,-0.044513784,0.030620888,-0.04706551,12.0,51.0,85.87419,92.43829,83.68616,87.22635,13456292.0,84.83672,94.78531,99.052795,103.34798,106.05573,-2.1915765,-0.009640075,0.015745778,0.07643863,-0.025479514,12.0,52.0,89.78315,91.84826,84.81705,87.00508,10247690.0,86.82808,93.26926,97.6441,102.1394,105.094475,-2.1275887,0.045519594,-0.030941999,0.023001079,-0.05531219,12.0,53.0,90.22568,93.175835,89.242294,90.05358,13535120.0,87.25093,91.754845,96.46157,100.8787,104.09552,-2.1203446,0.004928851,-0.0019073902,0.032697547,-0.010899182,12.0,54.0,90.54527,92.14327,88.18515,89.045616,7334804.0,88.62768,90.463326,95.54456,99.66815,103.11869,-2.115113,0.0035421771,-0.01656252,0.017648656,-0.026065642,12.0
51.0,85.87419,92.43829,83.68616,87.22635,13456292.0,84.83672,94.78531,99.052795,103.34798,106.05573,-2.1915765,-0.009640075,0.015745778,0.07643863,-0.025479514,12.0,52.0,89.78315,91.84826,84.81705,87.00508,10247690.0,86.82808,93.26926,97.6441,102.1394,105.094475,-2.1275887,0.045519594,-0.030941999,0.023001079,-0.05531219,12.0,53.0,90.22568,93.175835,89.242294,90.05358,13535120.0,87.25093,91.754845,96.46157,100.8787,104.09552,-2.1203446,0.004928851,-0.0019073902,0.032697547,-0.010899182,12.0,54.0,90.54527,92.14327,88.18515,89.045616,7334804.0,88.62768,90.463326,95.54456,99.66815,103.11869,-2.115113,0.0035421771,-0.01656252,0.017648656,-0.026065642,12.0,55.0,96.71602,98.24027,91.28281,91.946594,10615252.0,90.62886,89.883125,94.95207,98.73393,102.36148,-2.0141008,0.068150945,-0.04931366,0.015760072,-0.056176934,12.0
52.0,89.78315,91.84826,84.81705,87.00508,10247690.0,86.82808,93.26926,97.6441,102.1394,105.094475,-2.1275887,0.045519594,-0.030941999,0.023001079,-0.05531219,12.0,53.0,90.22568,93.175835,89.242294,90.05358,13535120.0,87.25093,91.754845,96.46157,100.8787,104.09552,-2.1203446,0.004928851,-0.0019073902,0.032697547,-0.010899182,12.0,54.0,90.54527,92.14327,88.18515,89.045616,7334804.0,88.62768,90.463326,95.54456,99.66815,103.11869,-2.115113,0.0035421771,-0.01656252,0.017648656,-0.026065642,12.0,55.0,96.71602,98.24027,91.28281,91.946594,10615252.0,90.62886,89.883125,94.95207,98.73393,102.36148,-2.0141008,0.068150945,-0.04931366,0.015760072,-0.056176934,12.0,56.0,93.175835,96.22433,91.9466,96.22433,9875668.0,92.08919,89.109535,94.11128,97.66007,101.47151,-2.072052,-0.036603905,0.032717664,0.032717664,-0.013192612,12.0
53.0,90.22568,93.175835,89.242294,90.05358,13535120.0,87.25093,91.754845,96.46157,100.8787,104.09552,-2.1203446,0.004928851,-0.0019073902,0.032697547,-0.010899182,12.0,54.0,90.54527,92.14327,88.18515,89.045616,7334804.0,88.62768,90.463326,95.54456,99.66815,103.11869,-2.115113,0.0035421771,-0.01656252,0.017648656,-0.026065642,12.0,55.0,96.71602,98.24027,91.28281,91.946594,10615252.0,90.62886,89.883125,94.95207,98.73393,102.36148,-2.0141008,0.068150945,-0.04931366,0.015760072,-0.056176934,12.0,56.0,93.175835,96.22433,91.9466,96.22433,9875668.0,92.08919,89.109535,94.11128,97.66007,101.47151,-2.072052,-0.036603905,0.032717664,0.032717664,-0.013192612,12.0,57.0,88.504745,93.225,87.39844,92.43829,13147474.0,91.83351,88.483444,92.91032,96.48198,100.42175,-2.1485157,-0.05013198,0.044444446,0.05333337,-0.0125,12.0
54.0,90.54527,92.14327,88.18515,89.045616,7334804.0,88.62768,90.463326,95.54456,99.66815,103.11869,-2.115113,0.0035421771,-0.01656252,0.017648656,-0.026065642,12.0,55.0,96.71602,98.24027,91.28281,91.946594,10615252.0,90.62886,89.883125,94.95207,98.73393,102.36148,-2.0141008,0.068150945,-0.04931366,0.015760072,-0.056176934,12.0,56.0,93.175835,96.22433,91.9466,96.22433,9875668.0,92.08919,89.109535,94.11128,97.66007,101.47151,-2.072052,-0.036603905,0.032717664,0.032717664,-0.013192612,12.0,57.0,88.504745,93.225,87.39844,92.43829,13147474.0,91.83351,88.483444,92.91032,96.48198,100.42175,-2.1485157,-0.05013198,0.044444446,0.05333337,-0.0125,12.0,58.0,94.35589,94.749245,90.00441,92.56121,9562862.0,92.65955,88.303154,91.98102,95.70117,99.50884,-2.052735,0.066111065,-0.019020291,0.004168854,-0.046117723,12.0
55.0,96.71602,98.24027,91.28281,91.946594,10615252.0,90.62886,89.883125,94.95207,98.73393,102.36148,-2.0141008,0.068150945,-0.04931366,0.015760072,-0.056176934,12.0,56.0,93.175835,96.22433,91.9466,96.22433,9875668.0,92.08919,89.109535,94.11128,97.66007,101.47151,-2.072052,-0.036603905,0.032717664,0.032717664,-0.013192612,12.0,57.0,88.504745,93.225,87.39844,92.43829,13147474.0,91.83351,88.483444,92.91032,96.48198,100.42175,-2.1485157,-0.05013198,0.044444446,0.05333337,-0.0125,12.0,58.0,94.35589,94.749245,90.00441,92.56121,9562862.0,92.65955,88.303154,91.98102,95.70117,99.50884,-2.052735,0.066111065,-0.019020291,0.004168854,-0.046117723,12.0,59.0,94.84759,98.33861,92.83165,94.15922,10275308.0,93.52001,88.73421,91.2275,95.139656,98.64346,-2.044686,0.005211113,-0.007257615,0.03680667,-0.02125449,12.0
56.0,93.175835,96.22433,91.9466,96.22433,9875668.0,92.08919,89.109535,94.11128,97.66007,101.47151,-2.072052,-0.036603905,0.032717664,0.032717664,-0.013192612,12.0,57.0,88.504745,93.225,87.39844,92.43829,13147474.0,91.83351,88.483444,92.91032,96.48198,100.42175,-2.1485157,-0.05013198,0.044444446,0.05333337,-0.0125,12.0,58.0,94.35589,94.749245,90.00441,92.56121,9562862.0,92.65955,88.303154,91.98102,95.70117,99.50884,-2.052735,0.066111065,-0.019020291,0.004168854,-0.046117723,12.0,59.0,94.84759,98.33861,92.83165,94.15922,10275308.0,93.52001,88.73421,91.2275,95.139656,98.64346,-2.044686,0.005211113,-0.007257615,0.03680667,-0.02125449,12.0,60.0,96.71602,99.7891,95.90473,97.551895,6930346.0,93.52001,89.507805,90.79235,94.665665,97.864944,-2.0141008,0.0196993,0.008642588,0.031774275,-0.008388378,12.0
57.0,88.504745,93.225,87.39844,92.43829,13147474.0,91.83351,88.483444,92.91032,96.48198,100.42175,-2.1485157,-0.05013198,0.044444446,0.05333337,-0.0125,12.0,58.0,94.35589,94.749245,90.00441,92.56121,9562862.0,92.65955,88.303154,91.98102,95.70117,99.50884,-2.052735,0.066111065,-0.019020291,0.004168854,-0.046117723,12.0,59.0,94.84759,98.33861,92.83165,94.15922,10275308.0,93.52001,88.73421,91.2275,95.139656,98.64346,-2.044686,0.005211113,-0.007257615,0.03680667,-0.02125449,12.0,60.0,96.71602,99.7891,95.90473,97.551895,6930346.0,93.52001,89.507805,90.79235,94.665665,97.864944,-2.0141008,0.0196993,0.008642588,0.031774275,-0.008388378,12.0,61.0,93.02832,97.35522,89.93066,97.35522,12384376.0,93.49051,90.13881,90.20477,93.98713,96.96515,-2.0744667,-0.038129136,0.046511646,0.046511646,-0.033298112,12.0
58.0,94.35589,94.749245,90.00441,92.56121,9562862.0,92.65955,88.303154,91.98102,95.70117,99.50884,-2.052735,0.066111065,-0.019020291,0.004168854,-0.046117723,12.0,59.0,94.84759,98.33861,92.83165,94.15922,10275308.0,93.52001,88.73421,91.2275,95.139656,98.64346,-2.044686,0.005211113,-0.007257615,0.03680667,-0.02125449,12.0,60.0,96.71602,99.7891,95.90473,97.551895,6930346.0,93.52001,89.507805,90.79235,94.665665,97.864944,-2.0141008,0.0196993,0.008642588,0.031774275,-0.008388378,12.0,61.0,93.02832,97.35522,89.93066,97.35522,12384376.0,93.49051,90.13881,90.20477,93.98713,96.96515,-2.0744667,-0.038129136,0.046511646,0.046511646,-0.033298112,12.0,62.0,91.725334,95.19177,91.35657,93.44626,22652006.0,94.13463,90.932076,89.89624,93.15518,96.09075,-2.095796,-0.014006338,0.018761726,0.037791494,-0.0040203696,12.0
59.0,94.84759,98.33861,92.83165,94.15922,10275308.0,93.52001,88.73421,91.2275,95.139656,98.64346,-2.044686,0.005211113,-0.007257615,0.03680667,-0.02125449,12.0,60.0,96.71602,99.7891,95.90473,97.551895,6930346.0,93.52001,89.507805,90.79235,94.665665,97.864944,-2.0141008,0.0196993,0.008642588,0.031774275,-0.008388378,12.0,61.0,93.02832,97.35522,89.93066,97.35522,12384376.0,93.49051,90.13881,90.20477,93.98713,96.96515,-2.0744667,-0.038129136,0.046511646,0.046511646,-0.033298112,12.0,62.0,91.725334,95.19177,91.35657,93.44626,22652006.0,94.13463,90.932076,89.89624,93.15518,96.09075,-2.095796,-0.014006338,0.018761726,0.037791494,-0.0040203696,12.0,63.0,92.36454,93.29875,88.504745,88.504745,43380850.0,93.73636,91.215614,89.66145,92.332085,95.3737,-2.0853326,0.0069686957,-0.041788694,0.01011442,-0.041788694,12.0
60.0,96.71602,99.7891,95.90473,97.551895,6930346.0,93.52001,89.507805,90.79235,94.665665,97.864944,-2.0141008,0.0196993,0.008642588,0.031774275,-0.008388378,12.0,61.0,93.02832,97.35522,89.93066,97.35522,12384376.0,93.49051,90.13881,90.20477,93.98713,96.96515,-2.0744667,-0.038129136,0.046511646,0.046511646,-0.033298112,12.0,62.0,91.725334,95.19177,91.35657,93.44626,22652006.0,94.13463,90.932076,89.89624,93.15518,96.09075,-2.095796,-0.014006338,0.018761726,0.037791494,-0.0040203696,12.0,63.0,92.36454,93.29875,88.504745,88.504745,43380850.0,93.73636,91.215614,89.66145,92.332085,95.3737,-2.0853326,0.0069686957,-0.041788694,0.01011442,-0.041788694,12.0,64.0,91.94661,95.26554,91.23366,94.650925,13212894.0,93.156166,91.76795,89.83969,91.613235,94.809074,-2.0921738,-0.004524795,0.029411765,0.036096256,-0.0077539943,12.0
61.0,93.02832,97.35522,89.93066,97.35522,12384376.0,93.49051,90.13881,90.20477,93.98713,96.96515,-2.0744667,-0.038129136,0.046511646,0.046511646,-0.033298112,12.0,62.0,91.725334,95.19177,91.35657,93.44626,22652006.0,94.13463,90.932076,89.89624,93.15518,96.09075,-2.095796,-0.014006338,0.018761726,0.037791494,-0.0040203696,12.0,63.0,92.36454,93.29875,88.504745,88.504745,43380850.0,93.73636,91.215614,89.66145,92.332085,95.3737,-2.0853326,0.0069686957,-0.041788694,0.01011442,-0.041788694,12.0,64.0,91.94661,95.26554,91.23366,94.650925,13212894.0,93.156166,91.76795,89.83969,91.613235,94.809074,-2.0921738,-0.004524795,0.029411765,0.036096256,-0.0077539943,12.0,65.0,89.04562,92.92999,88.57851,92.92999,16203026.0,91.622086,91.92365,90.03637,90.9583,94.1584,-2.1396618,-0.031550765,0.043622274,0.043622274,-0.005245788,12.0
62.0,91.725334,95.19177,91.35657,93.44626,22652006.0,94.13463,90.932076,89.89624,93.15518,96.09075,-2.095796,-0.014006338,0.018761726,0.037791494,-0.0040203696,12.0,63.0,92.36454,93.29875,88.504745,88.504745,43380850.0,93.73636,91.215614,89.66145,92.332085,95.3737,-2.0853326,0.0069686957,-0.041788694,0.01011442,-0.041788694,12.0,64.0,91.94661,95.26554,91.23366,94.650925,13212894.0,93.156166,91.76795,89.83969,91.613235,94.809074,-2.0921738,-0.004524795,0.029411765,0.036096256,-0.0077539943,12.0,65.0,89.04562,92.92999,88.57851,92.92999,16203026.0,91.622086,91.92365,90.03637,90.9583,94.1584,-2.1396618,-0.031550765,0.043622274,0.043622274,-0.005245788,12.0,66.0,87.54595,88.45558,85.45625,88.01306,18086618.0,90.52561,92.0351,90.23551,90.26894,93.41021,-2.1642106,-0.016841613,0.005335563,0.010390288,-0.023869699,12.0
63.0,92.36454,93.29875,88.504745,88.504745,43380850.0,93.73636,91.215614,89.66145,92.332085,95.3737,-2.0853326,0.0069686957,-0.041788694,0.01011442,-0.041788694,12.0,64.0,91.94661,95.26554,91.23366,94.650925,13212894.0,93.156166,91.76795,89.83969,91.613235,94.809074,-2.0921738,-0.004524795,0.029411765,0.036096256,-0.0077539943,12.0,65.0,89.04562,92.92999,88.57851,92.92999,16203026.0,91.622086,91.92365,90.03637,90.9583,94.1584,-2.1396618,-0.031550765,0.043622274,0.043622274,-0.005245788,12.0,66.0,87.54595,88.45558,85.45625,88.01306,18086618.0,90.52561,92.0351,90.23551,90.26894,93.41021,-2.1642106,-0.016841613,0.005335563,0.010390288,-0.023869699,12.0,67.0,87.791794,88.2589,86.07087,87.02967,10621898.0,89.73891,91.90235,90.63378,89.86477,92.5858,-2.1601863,0.0028081478,-0.008681059,0.005320621,-0.019602353,12.0
64.0,91.94661,95.26554,91.23366,94.650925,13212894.0,93.156166,91.76795,89.83969,91.613235,94.809074,-2.0921738,-0.004524795,0.029411765,0.036096256,-0.0077539943,12.0,65.0,89.04562,92.92999,88.57851,92.92999,16203026.0,91.622086,91.92365,90.03637,90.9583,94.1584,-2.1396618,-0.031550765,0.043622274,0.043622274,-0.005245788,12.0,66.0,87.54595,88.45558,85.45625,88.01306,18086618.0,90.52561,92.0351,90.23551,90.26894,93.41021,-2.1642106,-0.016841613,0.005335563,0.010390288,-0.023869699,12.0,67.0,87.791794,88.2589,86.07087,87.02967,10621898.0,89.73891,91.90235,90.63378,89.86477,92.5858,-2.1601863,0.0028081478,-0.008681059,0.005320621,-0.019602353,12.0,68.0,88.947266,89.78315,87.078835,88.209724,11104460.0,89.05545,91.81712,90.675575,89.54025,91.78598,-2.1412718,0.013161501,-0.008291874,0.009397525,-0.021006014,12.0
65.0,89.04562,92.92999,88.57851,92.92999,16203026.0,91.622086,91.92365,90.03637,90.9583,94.1584,-2.1396618,-0.031550765,0.043622274,0.043622274,-0.005245788,12.0,66.0,87.54595,88.45558,85.45625,88.01306,18086618.0,90.52561,92.0351,90.23551,90.26894,93.41021,-2.1642106,-0.016841613,0.005335563,0.010390288,-0.023869699,12.0,67.0,87.791794,88.2589,86.07087,87.02967,10621898.0,89.73891,91.90235,90.63378,89.86477,92.5858,-2.1601863,0.0028081478,-0.008681059,0.005320621,-0.019602353,12.0,68.0,88.947266,89.78315,87.078835,88.209724,11104460.0,89.05545,91.81712,90.675575,89.54025,91.78598,-2.1412718,0.013161501,-0.008291874,0.009397525,-0.021006014,12.0,69.0,87.39844,88.8981,87.10342,88.48016,9282278.0,88.14581,91.60733,90.86242,89.500916,91.03533,-2.1666253,-0.01741288,0.012376917,0.017158948,-0.0033755617,12.0
66.0,87.54595,88.45558,85.45625,88.01306,18086618.0,90.52561,92.0351,90.23551,90.26894,93.41021,-2.1642106,-0.016841613,0.005335563,0.010390288,-0.023869699,12.0,67.0,87.791794,88.2589,86.07087,87.02967,10621898.0,89.73891,91.90235,90.63378,89.86477,92.5858,-2.1601863,0.0028081478,-0.008681059,0.005320621,-0.019602353,12.0,68.0,88.947266,89.78315,87.078835,88.209724,11104460.0,89.05545,91.81712,90.675575,89.54025,91.78598,-2.1412718,0.013161501,-0.008291874,0.009397525,-0.021006014,12.0,69.0,87.39844,88.8981,87.10342,88.48016,9282278.0,88.14581,91.60733,90.86242,89.500916,91.03533,-2.1666253,-0.01741288,0.012376917,0.017158948,-0.0033755617,12.0,70.0,89.512726,89.930664,86.29214,88.50475,18283250.0,88.239235,91.12711,91.00255,89.67695,90.50512,-2.1320155,0.024191374,-0.011260659,0.0046689967,-0.035979144,12.0
67.0,87.791794,88.2589,86.07087,87.02967,10621898.0,89.73891,91.90235,90.63378,89.86477,92.5858,-2.1601863,0.0028081478,-0.008681059,0.005320621,-0.019602353,12.0,68.0,88.947266,89.78315,87.078835,88.209724,11104460.0,89.05545,91.81712,90.675575,89.54025,91.78598,-2.1412718,0.013161501,-0.008291874,0.009397525,-0.021006014,12.0,69.0,87.39844,88.8981,87.10342,88.48016,9282278.0,88.14581,91.60733,90.86242,89.500916,91.03533,-2.1666253,-0.01741288,0.012376917,0.017158948,-0.0033755617,12.0,70.0,89.512726,89.930664,86.29214,88.50475,18283250.0,88.239235,91.12711,91.00255,89.67695,90.50512,-2.1320155,0.024191374,-0.011260659,0.0046689967,-0.035979144,12.0,71.0,88.35724,89.95524,87.52136,89.53731,13329834.0,88.40149,90.80587,91.1267,89.868706,89.9577,-2.1509302,-0.012908635,0.0133556435,0.0180857,-0.009460195,12.0
68.0,88.947266,89.78315,87.078835,88.209724,11104460.0,89.05545,91.81712,90.675575,89.54025,91.78598,-2.1412718,0.013161501,-0.008291874,0.009397525,-0.021006014,12.0,69.0,87.39844,88.8981,87.10342,88.48016,9282278.0,88.14581,91.60733,90.86242,89.500916,91.03533,-2.1666253,-0.01741288,0.012376917,0.017158948,-0.0033755617,12.0,70.0,89.512726,89.930664,86.29214,88.50475,18283250.0,88.239235,91.12711,91.00255,89.67695,90.50512,-2.1320155,0.024191374,-0.011260659,0.0046689967,-0.035979144,12.0,71.0,88.35724,89.95524,87.52136,89.53731,13329834.0,88.40149,90.80587,91.1267,89.868706,89.9577,-2.1509302,-0.012908635,0.0133556435,0.0180857,-0.009460195,12.0,72.0,88.82435,89.7094,88.20973,88.553925,10060582.0,88.608,90.82718,91.07876,90.22862,89.65531,-2.1432838,0.0052866032,-0.0030444937,0.009964036,-0.0069194576,12.0
69.0,87.39844,88.8981,87.10342,88.48016,9282278.0,88.14581,91.60733,90.86242,89.500916,91.03533,-2.1666253,-0.01741288,0.012376917,0.017158948,-0.0033755617,12.0,70.0,89.512726,89.930664,86.29214,88.50475,18283250.0,88.239235,91.12711,91.00255,89.67695,90.50512,-2.1320155,0.024191374,-0.011260659,0.0046689967,-0.035979144,12.0,71.0,88.35724,89.95524,87.52136,89.53731,13329834.0,88.40149,90.80587,91.1267,89.868706,89.9577,-2.1509302,-0.012908635,0.0133556435,0.0180857,-0.009460195,12.0,72.0,88.82435,89.7094,88.20973,88.553925,10060582.0,88.608,90.82718,91.07876,90.22862,89.65531,-2.1432838,0.0052866032,-0.0030444937,0.009964036,-0.0069194576,12.0,73.0,93.88878,94.70007,90.25025,90.9632,17667854.0,89.596306,90.796036,91.26192,90.45972,89.5496,-2.0603814,0.05701624,-0.031159975,0.008641054,-0.03875357,12.0
70.0,89.512726,89.930664,86.29214,88.50475,18283250.0,88.239235,91.12711,91.00255,89.67695,90.50512,-2.1320155,0.024191374,-0.011260659,0.0046689967,-0.035979144,12.0,71.0,88.35724,89.95524,87.52136,89.53731,13329834.0,88.40149,90.80587,91.1267,89.868706,89.9577,-2.1509302,-0.012908635,0.0133556435,0.0180857,-0.009460195,12.0,72.0,88.82435,89.7094,88.20973,88.553925,10060582.0,88.608,90.82718,91.07876,90.22862,89.65531,-2.1432838,0.0052866032,-0.0030444937,0.009964036,-0.0069194576,12.0,73.0,93.88878,94.70007,90.25025,90.9632,17667854.0,89.596306,90.796036,91.26192,90.45972,89.5496,-2.0603814,0.05701624,-0.031159975,0.008641054,-0.03875357,12.0,74.0,93.446266,94.06088,90.00442,90.71737,17140740.0,90.80587,90.702614,91.40697,90.851105,89.718414,-2.067625,-0.0047131567,-0.029202856,0.0065772166,-0.03683241,12.0
71.0,88.35724,89.95524,87.52136,89.53731,13329834.0,88.40149,90.80587,91.1267,89.868706,89.9577,-2.1509302,-0.012908635,0.0133556435,0.0180857,-0.009460195,12.0,72.0,88.82435,89.7094,88.20973,88.553925,10060582.0,88.608,90.82718,91.07876,90.22862,89.65531,-2.1432838,0.0052866032,-0.0030444937,0.009964036,-0.0069194576,12.0,73.0,93.88878,94.70007,90.25025,90.9632,17667854.0,89.596306,90.796036,91.26192,90.45972,89.5496,-2.0603814,0.05701624,-0.031159975,0.008641054,-0.03875357,12.0,74.0,93.446266,94.06088,90.00442,90.71737,17140740.0,90.80587,90.702614,91.40697,90.851105,89.718414,-2.067625,-0.0047131567,-0.029202856,0.0065772166,-0.03683241,12.0,75.0,90.569855,95.38845,89.58647,94.13463,13864778.0,91.017296,90.29287,91.099655,91.0055,89.90034,-2.1147108,-0.030781448,0.039359394,0.053203057,-0.010857764,12.0
72.0,88.82435,89.7094,88.20973,88.553925,10060582.0,88.608,90.82718,91.07876,90.22862,89.65531,-2.1432838,0.0052866032,-0.0030444937,0.009964036,-0.0069194576,12.0,73.0,93.88878,94.70007,90.25025,90.9632,17667854.0,89.596306,90.796036,91.26192,90.45972,89.5496,-2.0603814,0.05701624,-0.031159975,0.008641054,-0.03875357,12.0,74.0,93.446266,94.06088,90.00442,90.71737,17140740.0,90.80587,90.702614,91.40697,90.851105,89.718414,-2.067625,-0.0047131567,-0.029202856,0.0065772166,-0.03683241,12.0,75.0,90.569855,95.38845,89.58647,94.13463,13864778.0,91.017296,90.29287,91.099655,91.0055,89.90034,-2.1147108,-0.030781448,0.039359394,0.053203057,-0.010857764,12.0,76.0,91.97119,92.4383,88.996445,91.3074,10885580.0,91.74009,90.2224,91.03943,91.24938,90.1806,-2.0917714,0.01547244,-0.007217354,0.0050788396,-0.032344308,12.0
73.0,93.88878,94.70007,90.25025,90.9632,17667854.0,89.596306,90.796036,91.26192,90.45972,89.5496,-2.0603814,0.05701624,-0.031159975,0.008641054,-0.03875357,12.0,74.0,93.446266,94.06088,90.00442,90.71737,17140740.0,90.80587,90.702614,91.40697,90.851105,89.718414,-2.067625,-0.0047131567,-0.029202856,0.0065772166,-0.03683241,12.0,75.0,90.569855,95.38845,89.58647,94.13463,13864778.0,91.017296,90.29287,91.099655,91.0055,89.90034,-2.1147108,-0.030781448,0.039359394,0.053203057,-0.010857764,12.0,76.0,91.97119,92.4383,88.996445,91.3074,10885580.0,91.74009,90.2224,91.03943,91.24938,90.1806,-2.0917714,0.01547244,-0.007217354,0.0050788396,-0.032344308,12.0,77.0,90.5207,91.1599,89.09479,90.47153,11402138.0,92.07936,90.14209,91.14022,91.27888,90.53708,-2.1155155,-0.015771165,-0.0005432162,0.0070613134,-0.015752358,12.0
74.0,93.446266,94.06088,90.00442,90.71737,17140740.0,90.80587,90.702614,91.40697,90.851105,89.718414,-2.067625,-0.0047131567,-0.029202856,0.0065772166,-0.03683241,12.0,75.0,90.569855,95.38845,89.58647,94.13463,13864778.0,91.017296,90.29287,91.099655,91.0055,89.90034,-2.1147108,-0.030781448,0.039359394,0.053203057,-0.010857764,12.0,76.0,91.97119,92.4383,88.996445,91.3074,10885580.0,91.74009,90.2224,91.03943,91.24938,90.1806,-2.0917714,0.01547244,-0.007217354,0.0050788396,-0.032344308,12.0,77.0,90.5207,91.1599,89.09479,90.47153,11402138.0,92.07936,90.14209,91.14022,91.27888,90.53708,-2.1155155,-0.015771165,-0.0005432162,0.0070613134,-0.015752358,12.0,78.0,90.47152,91.4549,89.75857,91.06155,8227344.0,91.395905,90.015884,90.94601,91.28871,90.61575,-2.1163204,-0.000543291,0.006521723,0.010869565,-0.007880419,12.0
75.0,90.569855,95.38845,89.58647,94.13463,13864778.0,91.017296,90.29287,91.099655,91.0055,89.90034,-2.1147108,-0.030781448,0.039359394,0.053203057,-0.010857764,12.0,76.0,91.97119,92.4383,88.996445,91.3074,10885580.0,91.74009,90.2224,91.03943,91.24938,90.1806,-2.0917714,0.01547244,-0.007217354,0.0050788396,-0.032344308,12.0,77.0,90.5207,91.1599,89.09479,90.47153,11402138.0,92.07936,90.14209,91.14022,91.27888,90.53708,-2.1155155,-0.015771165,-0.0005432162,0.0070613134,-0.015752358,12.0,78.0,90.47152,91.4549,89.75857,91.06155,8227344.0,91.395905,90.015884,90.94601,91.28871,90.61575,-2.1163204,-0.000543291,0.006521723,0.010869565,-0.007880419,12.0,79.0,90.815704,93.397095,90.52069,90.96321,8787666.0,90.8698,89.94049,90.74441,91.29953,90.854225,-2.1106863,0.003804345,0.0016242721,0.028424473,-0.0032484615,12.0
76.0,91.97119,92.4383,88.996445,91.3074,10885580.0,91.74009,90.2224,91.03943,91.24938,90.1806,-2.0917714,0.01547244,-0.007217354,0.0050788396,-0.032344308,12.0,77.0,90.5207,91.1599,89.09479,90.47153,11402138.0,92.07936,90.14209,91.14022,91.27888,90.53708,-2.1155155,-0.015771165,-0.0005432162,0.0070613134,-0.015752358,12.0,78.0,90.47152,91.4549,89.75857,91.06155,8227344.0,91.395905,90.015884,90.94601,91.28871,90.61575,-2.1163204,-0.000543291,0.006521723,0.010869565,-0.007880419,12.0,79.0,90.815704,93.397095,90.52069,90.96321,8787666.0,90.8698,89.94049,90.74441,91.29953,90.854225,-2.1106863,0.003804345,0.0016242721,0.028424473,-0.0032484615,12.0,80.0,91.97119,92.4383,89.78316,90.56986,7030818.0,91.15006,90.13553,90.50717,91.10974,91.029594,-2.0917714,0.012723428,-0.0152366,0.0050788396,-0.023790414,12.0
77.0,90.5207,91.1599,89.09479,90.47153,11402138.0,92.07936,90.14209,91.14022,91.27888,90.53708,-2.1155155,-0.015771165,-0.0005432162,0.0070613134,-0.015752358,12.0,78.0,90.47152,91.4549,89.75857,91.06155,8227344.0,91.395905,90.015884,90.94601,91.28871,90.61575,-2.1163204,-0.000543291,0.006521723,0.010869565,-0.007880419,12.0,79.0,90.815704,93.397095,90.52069,90.96321,8787666.0,90.8698,89.94049,90.74441,91.29953,90.854225,-2.1106863,0.003804345,0.0016242721,0.028424473,-0.0032484615,12.0,80.0,91.97119,92.4383,89.78316,90.56986,7030818.0,91.15006,90.13553,90.50717,91.10974,91.029594,-2.0917714,0.012723428,-0.0152366,0.0050788396,-0.023790414,12.0,81.0,93.27417,94.15922,91.036964,94.15922,10560968.0,91.41066,90.51741,90.51946,91.11367,91.27626,-2.0704422,0.014167246,0.009488682,0.009488682,-0.023985256,12.0
78.0,90.47152,91.4549,89.75857,91.06155,8227344.0,91.395905,90.015884,90.94601,91.28871,90.61575,-2.1163204,-0.000543291,0.006521723,0.010869565,-0.007880419,12.0,79.0,90.815704,93.397095,90.52069,90.96321,8787666.0,90.8698,89.94049,90.74441,91.29953,90.854225,-2.1106863,0.003804345,0.0016242721,0.028424473,-0.0032484615,12.0,80.0,91.97119,92.4383,89.78316,90.56986,7030818.0,91.15006,90.13553,90.50717,91.10974,91.029594,-2.0917714,0.012723428,-0.0152366,0.0050788396,-0.023790414,12.0,81.0,93.27417,94.15922,91.036964,94.15922,10560968.0,91.41066,90.51741,90.51946,91.11367,91.27626,-2.0704422,0.014167246,0.009488682,0.009488682,-0.023985256,12.0,82.0,91.45491,92.1187,90.02901,90.840294,10324394.0,91.597496,90.76162,90.50594,91.23168,91.331985,-2.1002228,-0.019504432,-0.00672043,0.007258097,-0.015591365,12.0
79.0,90.815704,93.397095,90.52069,90.96321,8787666.0,90.8698,89.94049,90.74441,91.29953,90.854225,-2.1106863,0.003804345,0.0016242721,0.028424473,-0.0032484615,12.0,80.0,91.97119,92.4383,89.78316,90.56986,7030818.0,91.15006,90.13553,90.50717,91.10974,91.029594,-2.0917714,0.012723428,-0.0152366,0.0050788396,-0.023790414,12.0,81.0,93.27417,94.15922,91.036964,94.15922,10560968.0,91.41066,90.51741,90.51946,91.11367,91.27626,-2.0704422,0.014167246,0.009488682,0.009488682,-0.023985256,12.0,82.0,91.45491,92.1187,90.02901,90.840294,10324394.0,91.597496,90.76162,90.50594,91.23168,91.331985,-2.1002228,-0.019504432,-0.00672043,0.007258097,-0.015591365,12.0,83.0,90.373184,91.45491,89.80773,91.45491,6849030.0,91.577835,90.85668,90.40637,91.07237,91.3369,-2.1179302,-0.011827972,0.011969515,0.011969515,-0.0062568504,12.0
80.0,91.97119,92.4383,89.78316,90.56986,7030818.0,91.15006,90.13553,90.50717,91.10974,91.029594,-2.0917714,0.012723428,-0.0152366,0.0050788396,-0.023790414,12.0,81.0,93.27417,94.15922,91.036964,94.15922,10560968.0,91.41066,90.51741,90.51946,91.11367,91.27626,-2.0704422,0.014167246,0.009488682,0.009488682,-0.023985256,12.0,82.0,91.45491,92.1187,90.02901,90.840294,10324394.0,91.597496,90.76162,90.50594,91.23168,91.331985,-2.1002228,-0.019504432,-0.00672043,0.007258097,-0.015591365,12.0,83.0,90.373184,91.45491,89.80773,91.45491,6849030.0,91.577835,90.85668,90.40637,91.07237,91.3369,-2.1179302,-0.011827972,0.011969515,0.011969515,-0.0062568504,12.0,84.0,89.58648,90.96322,88.30808,89.512726,14454486.0,91.331985,91.00255,90.28837,90.86192,91.30494,-2.130808,-0.008705071,-0.00082323764,0.0153677445,-0.014269982,12.0
81.0,93.27417,94.15922,91.036964,94.15922,10560968.0,91.41066,90.51741,90.51946,91.11367,91.27626,-2.0704422,0.014167246,0.009488682,0.009488682,-0.023985256,12.0,82.0,91.45491,92.1187,90.02901,90.840294,10324394.0,91.597496,90.76162,90.50594,91.23168,91.331985,-2.1002228,-0.019504432,-0.00672043,0.007258097,-0.015591365,12.0,83.0,90.373184,91.45491,89.80773,91.45491,6849030.0,91.577835,90.85668,90.40637,91.07237,91.3369,-2.1179302,-0.011827972,0.011969515,0.011969515,-0.0062568504,12.0,84.0,89.58648,90.96322,88.30808,89.512726,14454486.0,91.331985,91.00255,90.28837,90.86192,91.30494,-2.130808,-0.008705071,-0.00082323764,0.0153677445,-0.014269982,12.0,85.0,90.66819,91.4549,87.521355,89.61105,11486668.0,91.07139,91.07958,90.36949,90.62001,91.10335,-2.113101,0.012074487,-0.011659403,0.008676823,-0.034707125,12.0
82.0,91.45491,92.1187,90.02901,90.840294,10324394.0,91.597496,90.76162,90.50594,91.23168,91.331985,-2.1002228,-0.019504432,-0.00672043,0.007258097,-0.015591365,12.0,83.0,90.373184,91.45491,89.80773,91.45491,6849030.0,91.577835,90.85668,90.40637,91.07237,91.3369,-2.1179302,-0.011827972,0.011969515,0.011969515,-0.0062568504,12.0,84.0,89.58648,90.96322,88.30808,89.512726,14454486.0,91.331985,91.00255,90.28837,90.86192,91.30494,-2.130808,-0.008705071,-0.00082323764,0.0153677445,-0.014269982,12.0,85.0,90.66819,91.4549,87.521355,89.61105,11486668.0,91.07139,91.07958,90.36949,90.62001,91.10335,-2.113101,0.012074487,-0.011659403,0.008676823,-0.034707125,12.0,86.0,90.93863,91.40574,89.58647,90.96322,15415706.0,90.60428,91.25167,90.53913,90.53642,91.02877,-2.108674,0.0029827347,0.00027035983,0.005136507,-0.014868883,12.0
83.0,90.373184,91.45491,89.80773,91.45491,6849030.0,91.577835,90.85668,90.40637,91.07237,91.3369,-2.1179302,-0.011827972,0.011969515,0.011969515,-0.0062568504,12.0,84.0,89.58648,90.96322,88.30808,89.512726,14454486.0,91.331985,91.00255,90.28837,90.86192,91.30494,-2.130808,-0.008705071,-0.00082323764,0.0153677445,-0.014269982,12.0,85.0,90.66819,91.4549,87.521355,89.61105,11486668.0,91.07139,91.07958,90.36949,90.62001,91.10335,-2.113101,0.012074487,-0.011659403,0.008676823,-0.034707125,12.0,86.0,90.93863,91.40574,89.58647,90.96322,15415706.0,90.60428,91.25167,90.53913,90.53642,91.02877,-2.108674,0.0029827347,0.00027035983,0.005136507,-0.014868883,12.0,87.0,92.979164,94.25756,90.176506,90.176506,14258230.0,90.90913,91.52866,90.7985,90.58658,91.17792,-2.0752714,0.022438593,-0.030142846,0.01374929,-0.030142846,12.0
84.0,89.58648,90.96322,88.30808,89.512726,14454486.0,91.331985,91.00255,90.28837,90.86192,91.30494,-2.130808,-0.008705071,-0.00082323764,0.0153677445,-0.014269982,12.0,85.0,90.66819,91.4549,87.521355,89.61105,11486668.0,91.07139,91.07958,90.36949,90.62001,91.10335,-2.113101,0.012074487,-0.011659403,0.008676823,-0.034707125,12.0,86.0,90.93863,91.40574,89.58647,90.96322,15415706.0,90.60428,91.25167,90.53913,90.53642,91.02877,-2.108674,0.0029827347,0.00027035983,0.005136507,-0.014868883,12.0,87.0,92.979164,94.25756,90.176506,90.176506,14258230.0,90.90913,91.52866,90.7985,90.58658,91.17792,-2.0752714,0.022438593,-0.030142846,0.01374929,-0.030142846,12.0,88.0,92.92998,93.839615,91.676155,92.95457,9177652.0,91.42049,91.464745,90.997635,90.6092,91.13039,-2.0760765,-0.0005290078,0.00026456642,0.009788392,-0.013492079,12.0
85.0,90.66819,91.4549,87.521355,89.61105,11486668.0,91.07139,91.07958,90.36949,90.62001,91.10335,-2.113101,0.012074487,-0.011659403,0.008676823,-0.034707125,12.0,86.0,90.93863,91.40574,89.58647,90.96322,15415706.0,90.60428,91.25167,90.53913,90.53642,91.02877,-2.108674,0.0029827347,0.00027035983,0.005136507,-0.014868883,12.0,87.0,92.979164,94.25756,90.176506,90.176506,14258230.0,90.90913,91.52866,90.7985,90.58658,91.17792,-2.0752714,0.022438593,-0.030142846,0.01374929,-0.030142846,12.0,88.0,92.92998,93.839615,91.676155,92.95457,9177652.0,91.42049,91.464745,90.997635,90.6092,91.13039,-2.0760765,-0.0005290078,0.00026456642,0.009788392,-0.013492079,12.0,89.0,92.83165,94.995094,91.307396,92.929985,11822268.0,92.06952,91.42377,91.269295,90.6446,91.063194,-2.077686,-0.001058083,0.0010593059,0.023305053,-0.016419524,12.0
86.0,90.93863,91.40574,89.58647,90.96322,15415706.0,90.60428,91.25167,90.53913,90.53642,91.02877,-2.108674,0.0029827347,0.00027035983,0.005136507,-0.014868883,12.0,87.0,92.979164,94.25756,90.176506,90.176506,14258230.0,90.90913,91.52866,90.7985,90.58658,91.17792,-2.0752714,0.022438593,-0.030142846,0.01374929,-0.030142846,12.0,88.0,92.92998,93.839615,91.676155,92.95457,9177652.0,91.42049,91.464745,90.997635,90.6092,91.13039,-2.0760765,-0.0005290078,0.00026456642,0.009788392,-0.013492079,12.0,89.0,92.83165,94.995094,91.307396,92.929985,11822268.0,92.06952,91.42377,91.269295,90.6446,91.063194,-2.077686,-0.001058083,0.0010593059,0.023305053,-0.016419524,12.0,90.0,98.95323,101.04293,92.29079,93.22501,36165936.0,93.72653,91.98266,91.74132,91.0409,91.137764,-1.9774786,0.06594283,-0.05788817,0.021118013,-0.067329206,12.0
87.0,92.979164,94.25756,90.176506,90.176506,14258230.0,90.90913,91.52866,90.7985,90.58658,91.17792,-2.0752714,0.022438593,-0.030142846,0.01374929,-0.030142846,12.0,88.0,92.92998,93.839615,91.676155,92.95457,9177652.0,91.42049,91.464745,90.997635,90.6092,91.13039,-2.0760765,-0.0005290078,0.00026456642,0.009788392,-0.013492079,12.0,89.0,92.83165,94.995094,91.307396,92.929985,11822268.0,92.06952,91.42377,91.269295,90.6446,91.063194,-2.077686,-0.001058083,0.0010593059,0.023305053,-0.016419524,12.0,90.0,98.95323,101.04293,92.29079,93.22501,36165936.0,93.72653,91.98266,91.74132,91.0409,91.137764,-1.9774786,0.06594283,-0.05788817,0.021118013,-0.067329206,12.0,91.0,98.01901,100.05953,96.39642,100.05953,24695246.0,95.14261,92.38585,92.22441,91.45982,91.30412,-1.9927714,-0.009441019,0.020817626,0.020817626,-0.016553815,12.0
88.0,92.92998,93.839615,91.676155,92.95457,9177652.0,91.42049,91.464745,90.997635,90.6092,91.13039,-2.0760765,-0.0005290078,0.00026456642,0.009788392,-0.013492079,12.0,89.0,92.83165,94.995094,91.307396,92.929985,11822268.0,92.06952,91.42377,91.269295,90.6446,91.063194,-2.077686,-0.001058083,0.0010593059,0.023305053,-0.016419524,12.0,90.0,98.95323,101.04293,92.29079,93.22501,36165936.0,93.72653,91.98266,91.74132,91.0409,91.137764,-1.9774786,0.06594283,-0.05788817,0.021118013,-0.067329206,12.0,91.0,98.01901,100.05953,96.39642,100.05953,24695246.0,95.14261,92.38585,92.22441,91.45982,91.30412,-1.9927714,-0.009441019,0.020817626,0.020817626,-0.016553815,12.0,92.0,104.632286,105.66484,96.445595,98.01901,61260424.0,97.47323,93.32662,93.0148,92.133446,91.73435,-1.8845152,0.06746929,-0.06320487,0.009868378,-0.078242525,12.0
89.0,92.83165,94.995094,91.307396,92.929985,11822268.0,92.06952,91.42377,91.269295,90.6446,91.063194,-2.077686,-0.001058083,0.0010593059,0.023305053,-0.016419524,12.0,90.0,98.95323,101.04293,92.29079,93.22501,36165936.0,93.72653,91.98266,91.74132,91.0409,91.137764,-1.9774786,0.06594283,-0.05788817,0.021118013,-0.067329206,12.0,91.0,98.01901,100.05953,96.39642,100.05953,24695246.0,95.14261,92.38585,92.22441,91.45982,91.30412,-1.9927714,-0.009441019,0.020817626,0.020817626,-0.016553815,12.0,92.0,104.632286,105.66484,96.445595,98.01901,61260424.0,97.47323,93.32662,93.0148,92.133446,91.73435,-1.8845152,0.06746929,-0.06320487,0.009868378,-0.078242525,12.0,93.0,105.738594,108.66417,104.9273,105.959854,26749248.0,100.03496,94.34442,93.60729,92.8051,92.18015,-1.8664054,0.010573295,0.0020925223,0.02766797,-0.007672677,12.0
90.0,98.95323,101.04293,92.29079,93.22501,36165936.0,93.72653,91.98266,91.74132,91.0409,91.137764,-1.9774786,0.06594283,-0.05788817,0.021118013,-0.067329206,12.0,91.0,98.01901,100.05953,96.39642,100.05953,24695246.0,95.14261,92.38585,92.22441,91.45982,91.30412,-1.9927714,-0.009441019,0.020817626,0.020817626,-0.016553815,12.0,92.0,104.632286,105.66484,96.445595,98.01901,61260424.0,97.47323,93.32662,93.0148,92.133446,91.73435,-1.8845152,0.06746929,-0.06320487,0.009868378,-0.078242525,12.0,93.0,105.738594,108.66417,104.9273,105.959854,26749248.0,100.03496,94.34442,93.60729,92.8051,92.18015,-1.8664054,0.010573295,0.0020925223,0.02766797,-0.007672677,12.0,94.0,106.131935,107.4595,103.72263,105.76317,12812554.0,102.695015,95.36551,94.24158,93.554436,92.653,-1.8599665,0.0037199385,-0.003474635,0.012508672,-0.022700991,12.0
91.0,98.01901,100.05953,96.39642,100.05953,24695246.0,95.14261,92.38585,92.22441,91.45982,91.30412,-1.9927714,-0.009441019,0.020817626,0.020817626,-0.016553815,12.0,92.0,104.632286,105.66484,96.445595,98.01901,61260424.0,97.47323,93.32662,93.0148,92.133446,91.73435,-1.8845152,0.06746929,-0.06320487,0.009868378,-0.078242525,12.0,93.0,105.738594,108.66417,104.9273,105.959854,26749248.0,100.03496,94.34442,93.60729,92.8051,92.18015,-1.8664054,0.010573295,0.0020925223,0.02766797,-0.007672677,12.0,94.0,106.131935,107.4595,103.72263,105.76317,12812554.0,102.695015,95.36551,94.24158,93.554436,92.653,-1.8599665,0.0037199385,-0.003474635,0.012508672,-0.022700991,12.0,95.0,103.919334,106.918655,103.52598,106.254875,16844202.0,103.68823,96.16205,94.90905,94.1307,93.14879,-1.8961858,-0.020847643,0.022474568,0.028862033,-0.0037852048,12.0
92.0,104.632286,105.66484,96.445595,98.01901,61260424.0,97.47323,93.32662,93.0148,92.133446,91.73435,-1.8845152,0.06746929,-0.06320487,0.009868378,-0.078242525,12.0,93.0,105.738594,108.66417,104.9273,105.959854,26749248.0,100.03496,94.34442,93.60729,92.8051,92.18015,-1.8664054,0.010573295,0.0020925223,0.02766797,-0.007672677,12.0,94.0,106.131935,107.4595,103.72263,105.76317,12812554.0,102.695015,95.36551,94.24158,93.554436,92.653,-1.8599665,0.0037199385,-0.003474635,0.012508672,-0.022700991,12.0,95.0,103.919334,106.918655,103.52598,106.254875,16844202.0,103.68823,96.16205,94.90905,94.1307,93.14879,-1.8961858,-0.020847643,0.022474568,0.028862033,-0.0037852048,12.0,96.0,106.32862,108.14788,103.32929,103.91933,14794936.0,105.35015,97.03235,95.62692,94.849556,93.77488,-1.8567469,0.023184199,-0.022658931,0.017109813,-0.02820812,12.0
93.0,105.738594,108.66417,104.9273,105.959854,26749248.0,100.03496,94.34442,93.60729,92.8051,92.18015,-1.8664054,0.010573295,0.0020925223,0.02766797,-0.007672677,12.0,94.0,106.131935,107.4595,103.72263,105.76317,12812554.0,102.695015,95.36551,94.24158,93.554436,92.653,-1.8599665,0.0037199385,-0.003474635,0.012508672,-0.022700991,12.0,95.0,103.919334,106.918655,103.52598,106.254875,16844202.0,103.68823,96.16205,94.90905,94.1307,93.14879,-1.8961858,-0.020847643,0.022474568,0.028862033,-0.0037852048,12.0,96.0,106.32862,108.14788,103.32929,103.91933,14794936.0,105.35015,97.03235,95.62692,94.849556,93.77488,-1.8567469,0.023184199,-0.022658931,0.017109813,-0.02820812,12.0,97.0,107.55785,108.295395,105.714005,108.17247,14491168.0,105.935265,98.10587,96.47878,95.5989,94.43375,-1.8366249,0.011560695,0.0057142857,0.006857143,-0.017142856,12.0
94.0,106.131935,107.4595,103.72263,105.76317,12812554.0,102.695015,95.36551,94.24158,93.554436,92.653,-1.8599665,0.0037199385,-0.003474635,0.012508672,-0.022700991,12.0,95.0,103.919334,106.918655,103.52598,106.254875,16844202.0,103.68823,96.16205,94.90905,94.1307,93.14879,-1.8961858,-0.020847643,0.022474568,0.028862033,-0.0037852048,12.0,96.0,106.32862,108.14788,103.32929,103.91933,14794936.0,105.35015,97.03235,95.62692,94.849556,93.77488,-1.8567469,0.023184199,-0.022658931,0.017109813,-0.02820812,12.0,97.0,107.55785,108.295395,105.714005,108.17247,14491168.0,105.935265,98.10587,96.47878,95.5989,94.43375,-1.8366249,0.011560695,0.0057142857,0.006857143,-0.017142856,12.0,98.0,111.343895,111.76184,106.13195,107.680786,24427392.0,107.05633,99.50392,97.5224,96.297104,95.180305,-1.7746491,0.035200045,-0.03289908,0.003753615,-0.04680941,12.0
95.0,103.919334,106.918655,103.52598,106.254875,16844202.0,103.68823,96.16205,94.90905,94.1307,93.14879,-1.8961858,-0.020847643,0.022474568,0.028862033,-0.0037852048,12.0,96.0,106.32862,108.14788,103.32929,103.91933,14794936.0,105.35015,97.03235,95.62692,94.849556,93.77488,-1.8567469,0.023184199,-0.022658931,0.017109813,-0.02820812,12.0,97.0,107.55785,108.295395,105.714005,108.17247,14491168.0,105.935265,98.10587,96.47878,95.5989,94.43375,-1.8366249,0.011560695,0.0057142857,0.006857143,-0.017142856,12.0,98.0,111.343895,111.76184,106.13195,107.680786,24427392.0,107.05633,99.50392,97.5224,96.297104,95.180305,-1.7746491,0.035200045,-0.03289908,0.003753615,-0.04680941,12.0,99.0,107.36118,111.27014,106.77115,110.188416,15690504.0,107.30218,100.6889,98.34968,96.8537,95.845726,-1.8398443,-0.035769466,0.026333867,0.03640942,-0.0054958193,12.0
96.0,106.32862,108.14788,103.32929,103.91933,14794936.0,105.35015,97.03235,95.62692,94.849556,93.77488,-1.8567469,0.023184199,-0.022658931,0.017109813,-0.02820812,12.0,97.0,107.55785,108.295395,105.714005,108.17247,14491168.0,105.935265,98.10587,96.47878,95.5989,94.43375,-1.8366249,0.011560695,0.0057142857,0.006857143,-0.017142856,12.0,98.0,111.343895,111.76184,106.13195,107.680786,24427392.0,107.05633,99.50392,97.5224,96.297104,95.180305,-1.7746491,0.035200045,-0.03289908,0.003753615,-0.04680941,12.0,99.0,107.36118,111.27014,106.77115,110.188416,15690504.0,107.30218,100.6889,98.34968,96.8537,95.845726,-1.8398443,-0.035769466,0.026333867,0.03640942,-0.0054958193,12.0,100.0,106.69739,108.68874,106.00902,108.17247,14787292.0,107.85779,101.757515,99.08598,97.4988,96.41855,-1.8507104,-0.0061828257,0.013824885,0.01866361,-0.006451585,12.0
97.0,107.55785,108.295395,105.714005,108.17247,14491168.0,105.935265,98.10587,96.47878,95.5989,94.43375,-1.8366249,0.011560695,0.0057142857,0.006857143,-0.017142856,12.0,98.0,111.343895,111.76184,106.13195,107.680786,24427392.0,107.05633,99.50392,97.5224,96.297104,95.180305,-1.7746491,0.035200045,-0.03289908,0.003753615,-0.04680941,12.0,99.0,107.36118,111.27014,106.77115,110.188416,15690504.0,107.30218,100.6889,98.34968,96.8537,95.845726,-1.8398443,-0.035769466,0.026333867,0.03640942,-0.0054958193,12.0,100.0,106.69739,108.68874,106.00902,108.17247,14787292.0,107.85779,101.757515,99.08598,97.4988,96.41855,-1.8507104,-0.0061828257,0.013824885,0.01866361,-0.006451585,12.0,101.0,104.68145,107.01699,104.411026,106.697395,12497490.0,107.52835,102.673706,99.65635,98.00721,96.96269,-1.8837103,-0.018893976,0.019257898,0.022310944,-0.0025833151,12.0
98.0,111.343895,111.76184,106.13195,107.680786,24427392.0,107.05633,99.50392,97.5224,96.297104,95.180305,-1.7746491,0.035200045,-0.03289908,0.003753615,-0.04680941,12.0,99.0,107.36118,111.27014,106.77115,110.188416,15690504.0,107.30218,100.6889,98.34968,96.8537,95.845726,-1.8398443,-0.035769466,0.026333867,0.03640942,-0.0054958193,12.0,100.0,106.69739,108.68874,106.00902,108.17247,14787292.0,107.85779,101.757515,99.08598,97.4988,96.41855,-1.8507104,-0.0061828257,0.013824885,0.01866361,-0.006451585,12.0,101.0,104.68145,107.01699,104.411026,106.697395,12497490.0,107.52835,102.673706,99.65635,98.00721,96.96269,-1.8837103,-0.018893976,0.019257898,0.022310944,-0.0025833151,12.0,102.0,102.222984,103.0097,101.43628,102.272156,12418688.0,106.46138,103.28996,100.194756,98.4753,97.40931,-1.9239542,-0.023485208,0.00048102986,0.007696037,-0.007695964,12.0
99.0,107.36118,111.27014,106.77115,110.188416,15690504.0,107.30218,100.6889,98.34968,96.8537,95.845726,-1.8398443,-0.035769466,0.026333867,0.03640942,-0.0054958193,12.0,100.0,106.69739,108.68874,106.00902,108.17247,14787292.0,107.85779,101.757515,99.08598,97.4988,96.41855,-1.8507104,-0.0061828257,0.013824885,0.01866361,-0.006451585,12.0,101.0,104.68145,107.01699,104.411026,106.697395,12497490.0,107.52835,102.673706,99.65635,98.00721,96.96269,-1.8837103,-0.018893976,0.019257898,0.022310944,-0.0025833151,12.0,102.0,102.222984,103.0097,101.43628,102.272156,12418688.0,106.46138,103.28996,100.194756,98.4753,97.40931,-1.9239542,-0.023485208,0.00048102986,0.007696037,-0.007695964,12.0,103.0,105.123985,107.13992,102.34592,104.21435,28511450.0,105.2174,104.10289,100.93229,99.0614,97.78382,-1.8764663,0.028379146,-0.008652975,0.019176757,-0.02642661,12.0
100.0,106.69739,108.68874,106.00902,108.17247,14787292.0,107.85779,101.757515,99.08598,97.4988,96.41855,-1.8507104,-0.0061828257,0.013824885,0.01866361,-0.006451585,12.0,101.0,104.68145,107.01699,104.411026,106.697395,12497490.0,107.52835,102.673706,99.65635,98.00721,96.96269,-1.8837103,-0.018893976,0.019257898,0.022310944,-0.0025833151,12.0,102.0,102.222984,103.0097,101.43628,102.272156,12418688.0,106.46138,103.28996,100.194756,98.4753,97.40931,-1.9239542,-0.023485208,0.00048102986,0.007696037,-0.007695964,12.0,103.0,105.123985,107.13992,102.34592,104.21435,28511450.0,105.2174,104.10289,100.93229,99.0614,97.78382,-1.8764663,0.028379146,-0.008652975,0.019176757,-0.02642661,12.0,104.0,104.43559,107.13991,103.05886,106.91864,15921712.0,104.63228,104.87649,101.67475,99.60619,98.15013,-1.8877349,-0.006548388,0.02377591,0.02589454,-0.013182617,12.0
101.0,104.68145,107.01699,104.411026,106.697395,12497490.0,107.52835,102.673706,99.65635,98.00721,96.96269,-1.8837103,-0.018893976,0.019257898,0.022310944,-0.0025833151,12.0,102.0,102.222984,103.0097,101.43628,102.272156,12418688.0,106.46138,103.28996,100.194756,98.4753,97.40931,-1.9239542,-0.023485208,0.00048102986,0.007696037,-0.007695964,12.0,103.0,105.123985,107.13992,102.34592,104.21435,28511450.0,105.2174,104.10289,100.93229,99.0614,97.78382,-1.8764663,0.028379146,-0.008652975,0.019176757,-0.02642661,12.0,104.0,104.43559,107.13991,103.05886,106.91864,15921712.0,104.63228,104.87649,101.67475,99.60619,98.15013,-1.8877349,-0.006548388,0.02377591,0.02589454,-0.013182617,12.0,105.0,107.09075,107.55786,103.77182,104.23893,27938908.0,104.71095,105.41899,102.49587,100.210976,98.70083,-1.8442712,0.02542389,-0.026629949,0.004361786,-0.030991735,12.0
102.0,102.222984,103.0097,101.43628,102.272156,12418688.0,106.46138,103.28996,100.194756,98.4753,97.40931,-1.9239542,-0.023485208,0.00048102986,0.007696037,-0.007695964,12.0,103.0,105.123985,107.13992,102.34592,104.21435,28511450.0,105.2174,104.10289,100.93229,99.0614,97.78382,-1.8764663,0.028379146,-0.008652975,0.019176757,-0.02642661,12.0,104.0,104.43559,107.13991,103.05886,106.91864,15921712.0,104.63228,104.87649,101.67475,99.60619,98.15013,-1.8877349,-0.006548388,0.02377591,0.02589454,-0.013182617,12.0,105.0,107.09075,107.55786,103.77182,104.23893,27938908.0,104.71095,105.41899,102.49587,100.210976,98.70083,-1.8442712,0.02542389,-0.026629949,0.004361786,-0.030991735,12.0,106.0,107.26283,107.828285,105.54191,106.59905,12408426.0,105.22723,106.03525,103.31209,100.77052,99.21055,-1.8414543,0.0016068707,-0.0061883605,0.0052716443,-0.016044008,12.0
103.0,105.123985,107.13992,102.34592,104.21435,28511450.0,105.2174,104.10289,100.93229,99.0614,97.78382,-1.8764663,0.028379146,-0.008652975,0.019176757,-0.02642661,12.0,104.0,104.43559,107.13991,103.05886,106.91864,15921712.0,104.63228,104.87649,101.67475,99.60619,98.15013,-1.8877349,-0.006548388,0.02377591,0.02589454,-0.013182617,12.0,105.0,107.09075,107.55786,103.77182,104.23893,27938908.0,104.71095,105.41899,102.49587,100.210976,98.70083,-1.8442712,0.02542389,-0.026629949,0.004361786,-0.030991735,12.0,106.0,107.26283,107.828285,105.54191,106.59905,12408426.0,105.22723,106.03525,103.31209,100.77052,99.21055,-1.8414543,0.0016068707,-0.0061883605,0.0052716443,-0.016044008,12.0,107.0,109.18045,110.18842,105.71401,107.189095,22447354.0,106.61872,106.338455,104.12215,101.479546,99.832535,-1.8100637,0.017877746,-0.018239148,0.009232168,-0.03174962,12.0
104.0,104.43559,107.13991,103.05886,106.91864,15921712.0,104.63228,104.87649,101.67475,99.60619,98.15013,-1.8877349,-0.006548388,0.02377591,0.02589454,-0.013182617,12.0,105.0,107.09075,107.55786,103.77182,104.23893,27938908.0,104.71095,105.41899,102.49587,100.210976,98.70083,-1.8442712,0.02542389,-0.026629949,0.004361786,-0.030991735,12.0,106.0,107.26283,107.828285,105.54191,106.59905,12408426.0,105.22723,106.03525,103.31209,100.77052,99.21055,-1.8414543,0.0016068707,-0.0061883605,0.0052716443,-0.016044008,12.0,107.0,109.18045,110.18842,105.71401,107.189095,22447354.0,106.61872,106.338455,104.12215,101.479546,99.832535,-1.8100637,0.017877746,-0.018239148,0.009232168,-0.03174962,12.0,108.0,107.21368,109.032936,106.59906,108.73792,12961806.0,107.03666,106.4368,104.836334,102.15317,100.39061,-1.8422589,-0.018013977,0.01421688,0.01696857,-0.00573263,12.0
105.0,107.09075,107.55786,103.77182,104.23893,27938908.0,104.71095,105.41899,102.49587,100.210976,98.70083,-1.8442712,0.02542389,-0.026629949,0.004361786,-0.030991735,12.0,106.0,107.26283,107.828285,105.54191,106.59905,12408426.0,105.22723,106.03525,103.31209,100.77052,99.21055,-1.8414543,0.0016068707,-0.0061883605,0.0052716443,-0.016044008,12.0,107.0,109.18045,110.18842,105.71401,107.189095,22447354.0,106.61872,106.338455,104.12215,101.479546,99.832535,-1.8100637,0.017877746,-0.018239148,0.009232168,-0.03174962,12.0,108.0,107.21368,109.032936,106.59906,108.73792,12961806.0,107.03666,106.4368,104.836334,102.15317,100.39061,-1.8422589,-0.018013977,0.01421688,0.01696857,-0.00573263,12.0,109.0,108.46748,109.30336,104.73061,105.714,14850298.0,107.84304,106.5925,105.618126,102.90841,100.979004,-1.8217347,0.0116944695,-0.02538534,0.0077062417,-0.034451522,12.0
106.0,107.26283,107.828285,105.54191,106.59905,12408426.0,105.22723,106.03525,103.31209,100.77052,99.21055,-1.8414543,0.0016068707,-0.0061883605,0.0052716443,-0.016044008,12.0,107.0,109.18045,110.18842,105.71401,107.189095,22447354.0,106.61872,106.338455,104.12215,101.479546,99.832535,-1.8100637,0.017877746,-0.018239148,0.009232168,-0.03174962,12.0,108.0,107.21368,109.032936,106.59906,108.73792,12961806.0,107.03666,106.4368,104.836334,102.15317,100.39061,-1.8422589,-0.018013977,0.01421688,0.01696857,-0.00573263,12.0,109.0,108.46748,109.30336,104.73061,105.714,14850298.0,107.84304,106.5925,105.618126,102.90841,100.979004,-1.8217347,0.0116944695,-0.02538534,0.0077062417,-0.034451522,12.0,110.0,107.28742,110.139244,106.96783,110.139244,16492172.0,107.88237,106.81704,106.034836,103.57317,101.48955,-1.8410517,-0.010879402,0.026581133,0.026581133,-0.0029788904,12.0
107.0,109.18045,110.18842,105.71401,107.189095,22447354.0,106.61872,106.338455,104.12215,101.479546,99.832535,-1.8100637,0.017877746,-0.018239148,0.009232168,-0.03174962,12.0,108.0,107.21368,109.032936,106.59906,108.73792,12961806.0,107.03666,106.4368,104.836334,102.15317,100.39061,-1.8422589,-0.018013977,0.01421688,0.01696857,-0.00573263,12.0,109.0,108.46748,109.30336,104.73061,105.714,14850298.0,107.84304,106.5925,105.618126,102.90841,100.979004,-1.8217347,0.0116944695,-0.02538534,0.0077062417,-0.034451522,12.0,110.0,107.28742,110.139244,106.96783,110.139244,16492172.0,107.88237,106.81704,106.034836,103.57317,101.48955,-1.8410517,-0.010879402,0.026581133,0.026581133,-0.0029788904,12.0,111.0,107.28742,109.15586,105.86152,106.672806,10193692.0,107.88729,106.88096,106.49826,104.22713,101.95665,-1.8410517,0.0,-0.0057286895,0.01741523,-0.013290531,12.0
108.0,107.21368,109.032936,106.59906,108.73792,12961806.0,107.03666,106.4368,104.836334,102.15317,100.39061,-1.8422589,-0.018013977,0.01421688,0.01696857,-0.00573263,12.0,109.0,108.46748,109.30336,104.73061,105.714,14850298.0,107.84304,106.5925,105.618126,102.90841,100.979004,-1.8217347,0.0116944695,-0.02538534,0.0077062417,-0.034451522,12.0,110.0,107.28742,110.139244,106.96783,110.139244,16492172.0,107.88237,106.81704,106.034836,103.57317,101.48955,-1.8410517,-0.010879402,0.026581133,0.026581133,-0.0029788904,12.0,111.0,107.28742,109.15586,105.86152,106.672806,10193692.0,107.88729,106.88096,106.49826,104.22713,101.95665,-1.8410517,0.0,-0.0057286895,0.01741523,-0.013290531,12.0,112.0,110.85219,113.08939,107.336586,107.82828,38389012.0,108.22164,107.10058,106.80925,104.94205,102.603226,-1.7826982,0.03322632,-0.02727875,0.020181872,-0.031714324,12.0
109.0,108.46748,109.30336,104.73061,105.714,14850298.0,107.84304,106.5925,105.618126,102.90841,100.979004,-1.8217347,0.0116944695,-0.02538534,0.0077062417,-0.034451522,12.0,110.0,107.28742,110.139244,106.96783,110.139244,16492172.0,107.88237,106.81704,106.034836,103.57317,101.48955,-1.8410517,-0.010879402,0.026581133,0.026581133,-0.0029788904,12.0,111.0,107.28742,109.15586,105.86152,106.672806,10193692.0,107.88729,106.88096,106.49826,104.22713,101.95665,-1.8410517,0.0,-0.0057286895,0.01741523,-0.013290531,12.0,112.0,110.85219,113.08939,107.336586,107.82828,38389012.0,108.22164,107.10058,106.80925,104.94205,102.603226,-1.7826982,0.03322632,-0.02727875,0.020181872,-0.031714324,12.0,113.0,108.02496,111.073456,107.53327,109.18044,13374148.0,108.383896,106.87932,106.92357,105.545845,103.19162,-1.8289785,-0.025504455,0.010696433,0.028220287,-0.004551661,12.0
110.0,107.28742,110.139244,106.96783,110.139244,16492172.0,107.88237,106.81704,106.034836,103.57317,101.48955,-1.8410517,-0.010879402,0.026581133,0.026581133,-0.0029788904,12.0,111.0,107.28742,109.15586,105.86152,106.672806,10193692.0,107.88729,106.88096,106.49826,104.22713,101.95665,-1.8410517,0.0,-0.0057286895,0.01741523,-0.013290531,12.0,112.0,110.85219,113.08939,107.336586,107.82828,38389012.0,108.22164,107.10058,106.80925,104.94205,102.603226,-1.7826982,0.03322632,-0.02727875,0.020181872,-0.031714324,12.0,113.0,108.02496,111.073456,107.53327,109.18044,13374148.0,108.383896,106.87932,106.92357,105.545845,103.19162,-1.8289785,-0.025504455,0.010696433,0.028220287,-0.004551661,12.0,114.0,108.000374,109.13127,107.18909,107.97579,11001386.0,108.290474,106.92193,107.01699,106.152596,103.80542,-1.8293811,-0.0002276283,-0.00022757931,0.010471218,-0.007511923,12.0
111.0,107.28742,109.15586,105.86152,106.672806,10193692.0,107.88729,106.88096,106.49826,104.22713,101.95665,-1.8410517,0.0,-0.0057286895,0.01741523,-0.013290531,12.0,112.0,110.85219,113.08939,107.336586,107.82828,38389012.0,108.22164,107.10058,106.80925,104.94205,102.603226,-1.7826982,0.03322632,-0.02727875,0.020181872,-0.031714324,12.0,113.0,108.02496,111.073456,107.53327,109.18044,13374148.0,108.383896,106.87932,106.92357,105.545845,103.19162,-1.8289785,-0.025504455,0.010696433,0.028220287,-0.004551661,12.0,114.0,108.000374,109.13127,107.18909,107.97579,11001386.0,108.290474,106.92193,107.01699,106.152596,103.80542,-1.8293811,-0.0002276283,-0.00022757931,0.010471218,-0.007511923,12.0,115.0,107.70537,109.35254,107.36118,108.66417,7905234.0,108.37406,106.98913,107.20629,106.502686,104.37332,-1.8342102,-0.0027315258,0.008902063,0.01529327,-0.0031956034,12.0
112.0,110.85219,113.08939,107.336586,107.82828,38389012.0,108.22164,107.10058,106.80925,104.94205,102.603226,-1.7826982,0.03322632,-0.02727875,0.020181872,-0.031714324,12.0,113.0,108.02496,111.073456,107.53327,109.18044,13374148.0,108.383896,106.87932,106.92357,105.545845,103.19162,-1.8289785,-0.025504455,0.010696433,0.028220287,-0.004551661,12.0,114.0,108.000374,109.13127,107.18909,107.97579,11001386.0,108.290474,106.92193,107.01699,106.152596,103.80542,-1.8293811,-0.0002276283,-0.00022757931,0.010471218,-0.007511923,12.0,115.0,107.70537,109.35254,107.36118,108.66417,7905234.0,108.37406,106.98913,107.20629,106.502686,104.37332,-1.8342102,-0.0027315258,0.008902063,0.01529327,-0.0031956034,12.0,116.0,110.23758,110.852196,107.95121,108.66416,14359882.0,108.964096,107.359535,107.40174,106.991425,105.016624,-1.7927591,0.02351054,-0.014272957,0.0055753794,-0.020740384,12.0
113.0,108.02496,111.073456,107.53327,109.18044,13374148.0,108.383896,106.87932,106.92357,105.545845,103.19162,-1.8289785,-0.025504455,0.010696433,0.028220287,-0.004551661,12.0,114.0,108.000374,109.13127,107.18909,107.97579,11001386.0,108.290474,106.92193,107.01699,106.152596,103.80542,-1.8293811,-0.0002276283,-0.00022757931,0.010471218,-0.007511923,12.0,115.0,107.70537,109.35254,107.36118,108.66417,7905234.0,108.37406,106.98913,107.20629,106.502686,104.37332,-1.8342102,-0.0027315258,0.008902063,0.01529327,-0.0031956034,12.0,116.0,110.23758,110.852196,107.95121,108.66416,14359882.0,108.964096,107.359535,107.40174,106.991425,105.016624,-1.7927591,0.02351054,-0.014272957,0.0055753794,-0.020740384,12.0,117.0,110.5326,112.35186,109.47546,110.23758,10838912.0,108.90018,107.91351,107.550476,107.22744,105.60174,-1.7879297,0.0026762295,-0.0026690662,0.01645906,-0.009564098,12.0
114.0,108.000374,109.13127,107.18909,107.97579,11001386.0,108.290474,106.92193,107.01699,106.152596,103.80542,-1.8293811,-0.0002276283,-0.00022757931,0.010471218,-0.007511923,12.0,115.0,107.70537,109.35254,107.36118,108.66417,7905234.0,108.37406,106.98913,107.20629,106.502686,104.37332,-1.8342102,-0.0027315258,0.008902063,0.01529327,-0.0031956034,12.0,116.0,110.23758,110.852196,107.95121,108.66416,14359882.0,108.964096,107.359535,107.40174,106.991425,105.016624,-1.7927591,0.02351054,-0.014272957,0.0055753794,-0.020740384,12.0,117.0,110.5326,112.35186,109.47546,110.23758,10838912.0,108.90018,107.91351,107.550476,107.22744,105.60174,-1.7879297,0.0026762295,-0.0026690662,0.01645906,-0.009564098,12.0,118.0,109.475464,111.73725,108.95919,111.07346,15175628.0,109.19028,108.20361,107.45706,107.376915,106.15325,-1.8052346,-0.009564024,0.014596901,0.020660257,-0.0047158673,12.0
115.0,107.70537,109.35254,107.36118,108.66417,7905234.0,108.37406,106.98913,107.20629,106.502686,104.37332,-1.8342102,-0.0027315258,0.008902063,0.01529327,-0.0031956034,12.0,116.0,110.23758,110.852196,107.95121,108.66416,14359882.0,108.964096,107.359535,107.40174,106.991425,105.016624,-1.7927591,0.02351054,-0.014272957,0.0055753794,-0.020740384,12.0,117.0,110.5326,112.35186,109.47546,110.23758,10838912.0,108.90018,107.91351,107.550476,107.22744,105.60174,-1.7879297,0.0026762295,-0.0026690662,0.01645906,-0.009564098,12.0,118.0,109.475464,111.73725,108.95919,111.07346,15175628.0,109.19028,108.20361,107.45706,107.376915,106.15325,-1.8052346,-0.009564024,0.014596901,0.020660257,-0.0047158673,12.0,119.0,110.581764,112.30269,109.15586,109.74589,18235138.0,109.70656,108.61336,107.61809,107.55491,106.74493,-1.7871249,0.010105464,-0.007558902,0.015562473,-0.012894593,12.0
116.0,110.23758,110.852196,107.95121,108.66416,14359882.0,108.964096,107.359535,107.40174,106.991425,105.016624,-1.7927591,0.02351054,-0.014272957,0.0055753794,-0.020740384,12.0,117.0,110.5326,112.35186,109.47546,110.23758,10838912.0,108.90018,107.91351,107.550476,107.22744,105.60174,-1.7879297,0.0026762295,-0.0026690662,0.01645906,-0.009564098,12.0,118.0,109.475464,111.73725,108.95919,111.07346,15175628.0,109.19028,108.20361,107.45706,107.376915,106.15325,-1.8052346,-0.009564024,0.014596901,0.020660257,-0.0047158673,12.0,119.0,110.581764,112.30269,109.15586,109.74589,18235138.0,109.70656,108.61336,107.61809,107.55491,106.74493,-1.7871249,0.010105464,-0.007558902,0.015562473,-0.012894593,12.0,120.0,109.69672,111.958496,109.401695,111.44222,14152368.0,110.10483,108.78709,107.76805,107.786,107.10304,-1.8016127,-0.008003561,0.015912091,0.020618515,-0.0026894042,12.0
117.0,110.5326,112.35186,109.47546,110.23758,10838912.0,108.90018,107.91351,107.550476,107.22744,105.60174,-1.7879297,0.0026762295,-0.0026690662,0.01645906,-0.009564098,12.0,118.0,109.475464,111.73725,108.95919,111.07346,15175628.0,109.19028,108.20361,107.45706,107.376915,106.15325,-1.8052346,-0.009564024,0.014596901,0.020660257,-0.0047158673,12.0,119.0,110.581764,112.30269,109.15586,109.74589,18235138.0,109.70656,108.61336,107.61809,107.55491,106.74493,-1.7871249,0.010105464,-0.007558902,0.015562473,-0.012894593,12.0,120.0,109.69672,111.958496,109.401695,111.44222,14152368.0,110.10483,108.78709,107.76805,107.786,107.10304,-1.8016127,-0.008003561,0.015912091,0.020618515,-0.0026894042,12.0,121.0,108.95918,110.434265,108.000374,110.26217,13417996.0,109.849144,108.90018,107.98194,107.89122,107.46771,-1.8136858,-0.0067233876,0.011958456,0.013537906,-0.008799694,12.0
118.0,109.475464,111.73725,108.95919,111.07346,15175628.0,109.19028,108.20361,107.45706,107.376915,106.15325,-1.8052346,-0.009564024,0.014596901,0.020660257,-0.0047158673,12.0,119.0,110.581764,112.30269,109.15586,109.74589,18235138.0,109.70656,108.61336,107.61809,107.55491,106.74493,-1.7871249,0.010105464,-0.007558902,0.015562473,-0.012894593,12.0,120.0,109.69672,111.958496,109.401695,111.44222,14152368.0,110.10483,108.78709,107.76805,107.786,107.10304,-1.8016127,-0.008003561,0.015912091,0.020618515,-0.0026894042,12.0,121.0,108.95918,110.434265,108.000374,110.26217,13417996.0,109.849144,108.90018,107.98194,107.89122,107.46771,-1.8136858,-0.0067233876,0.011958456,0.013537906,-0.008799694,12.0,122.0,109.20504,109.86882,107.926636,108.66418,9097518.0,109.58363,108.90182,108.33104,107.95711,107.62014,-1.8096613,0.002256416,-0.0049527516,0.006078302,-0.011706466,12.0
119.0,110.581764,112.30269,109.15586,109.74589,18235138.0,109.70656,108.61336,107.61809,107.55491,106.74493,-1.7871249,0.010105464,-0.007558902,0.015562473,-0.012894593,12.0,120.0,109.69672,111.958496,109.401695,111.44222,14152368.0,110.10483,108.78709,107.76805,107.786,107.10304,-1.8016127,-0.008003561,0.015912091,0.020618515,-0.0026894042,12.0,121.0,108.95918,110.434265,108.000374,110.26217,13417996.0,109.849144,108.90018,107.98194,107.89122,107.46771,-1.8136858,-0.0067233876,0.011958456,0.013537906,-0.008799694,12.0,122.0,109.20504,109.86882,107.926636,108.66418,9097518.0,109.58363,108.90182,108.33104,107.95711,107.62014,-1.8096613,0.002256416,-0.0049527516,0.006078302,-0.011706466,12.0,123.0,111.90935,112.59772,109.42629,110.11466,24694620.0,110.07041,109.21486,108.67031,107.97973,107.82583,-1.7653929,0.024763579,-0.016036946,0.0061511155,-0.022188062,12.0
120.0,109.69672,111.958496,109.401695,111.44222,14152368.0,110.10483,108.78709,107.76805,107.786,107.10304,-1.8016127,-0.008003561,0.015912091,0.020618515,-0.0026894042,12.0,121.0,108.95918,110.434265,108.000374,110.26217,13417996.0,109.849144,108.90018,107.98194,107.89122,107.46771,-1.8136858,-0.0067233876,0.011958456,0.013537906,-0.008799694,12.0,122.0,109.20504,109.86882,107.926636,108.66418,9097518.0,109.58363,108.90182,108.33104,107.95711,107.62014,-1.8096613,0.002256416,-0.0049527516,0.006078302,-0.011706466,12.0,123.0,111.90935,112.59772,109.42629,110.11466,24694620.0,110.07041,109.21486,108.67031,107.97973,107.82583,-1.7653929,0.024763579,-0.016036946,0.0061511155,-0.022188062,12.0,124.0,110.63094,113.925285,110.18842,112.3027,27877134.0,110.080246,109.35909,108.98008,108.11052,107.97579,-1.7863199,-0.01142357,0.015111084,0.029777763,-0.0039999727,12.0
121.0,108.95918,110.434265,108.000374,110.26217,13417996.0,109.849144,108.90018,107.98194,107.89122,107.46771,-1.8136858,-0.0067233876,0.011958456,0.013537906,-0.008799694,12.0,122.0,109.20504,109.86882,107.926636,108.66418,9097518.0,109.58363,108.90182,108.33104,107.95711,107.62014,-1.8096613,0.002256416,-0.0049527516,0.006078302,-0.011706466,12.0,123.0,111.90935,112.59772,109.42629,110.11466,24694620.0,110.07041,109.21486,108.67031,107.97973,107.82583,-1.7653929,0.024763579,-0.016036946,0.0061511155,-0.022188062,12.0,124.0,110.63094,113.925285,110.18842,112.3027,27877134.0,110.080246,109.35909,108.98008,108.11052,107.97579,-1.7863199,-0.01142357,0.015111084,0.029777763,-0.0039999727,12.0,125.0,129.19235,132.11794,115.54787,116.039566,260735170.0,113.97937,110.81942,110.08516,109.010315,108.81823,-1.482478,0.16777773,-0.1018078,0.022645146,-0.1056137,12.0
122.0,109.20504,109.86882,107.926636,108.66418,9097518.0,109.58363,108.90182,108.33104,107.95711,107.62014,-1.8096613,0.002256416,-0.0049527516,0.006078302,-0.011706466,12.0,123.0,111.90935,112.59772,109.42629,110.11466,24694620.0,110.07041,109.21486,108.67031,107.97973,107.82583,-1.7653929,0.024763579,-0.016036946,0.0061511155,-0.022188062,12.0,124.0,110.63094,113.925285,110.18842,112.3027,27877134.0,110.080246,109.35909,108.98008,108.11052,107.97579,-1.7863199,-0.01142357,0.015111084,0.029777763,-0.0039999727,12.0,125.0,129.19235,132.11794,115.54787,116.039566,260735170.0,113.97937,110.81942,110.08516,109.010315,108.81823,-1.482478,0.16777773,-0.1018078,0.022645146,-0.1056137,12.0,126.0,128.7744,131.995,125.4063,129.06941,104555860.0,117.94241,112.251884,111.160736,109.97404,109.56642,-1.4893197,-0.0032351257,0.0022909741,0.025009615,-0.026154988,12.0
123.0,111.90935,112.59772,109.42629,110.11466,24694620.0,110.07041,109.21486,108.67031,107.97973,107.82583,-1.7653929,0.024763579,-0.016036946,0.0061511155,-0.022188062,12.0,124.0,110.63094,113.925285,110.18842,112.3027,27877134.0,110.080246,109.35909,108.98008,108.11052,107.97579,-1.7863199,-0.01142357,0.015111084,0.029777763,-0.0039999727,12.0,125.0,129.19235,132.11794,115.54787,116.039566,260735170.0,113.97937,110.81942,110.08516,109.010315,108.81823,-1.482478,0.16777773,-0.1018078,0.022645146,-0.1056137,12.0,126.0,128.7744,131.995,125.4063,129.06941,104555860.0,117.94241,112.251884,111.160736,109.97404,109.56642,-1.4893197,-0.0032351257,0.0022909741,0.025009615,-0.026154988,12.0,127.0,128.50398,129.73322,126.36511,127.151825,37713024.0,121.80221,113.42867,112.126915,111.025276,110.264626,-1.4937463,-0.0020999226,-0.010522288,0.009565717,-0.01664437,12.0
124.0,110.63094,113.925285,110.18842,112.3027,27877134.0,110.080246,109.35909,108.98008,108.11052,107.97579,-1.7863199,-0.01142357,0.015111084,0.029777763,-0.0039999727,12.0,125.0,129.19235,132.11794,115.54787,116.039566,260735170.0,113.97937,110.81942,110.08516,109.010315,108.81823,-1.482478,0.16777773,-0.1018078,0.022645146,-0.1056137,12.0,126.0,128.7744,131.995,125.4063,129.06941,104555860.0,117.94241,112.251884,111.160736,109.97404,109.56642,-1.4893197,-0.0032351257,0.0022909741,0.025009615,-0.026154988,12.0,127.0,128.50398,129.73322,126.36511,127.151825,37713024.0,121.80221,113.42867,112.126915,111.025276,110.264626,-1.4937463,-0.0020999226,-0.010522288,0.009565717,-0.01664437,12.0,128.0,133.15048,134.50264,127.34851,128.504,42789980.0,126.05043,115.10371,113.42375,112.14633,110.991516,-1.4176853,0.03615841,-0.034896538,0.010155097,-0.04357455,12.0
125.0,129.19235,132.11794,115.54787,116.039566,260735170.0,113.97937,110.81942,110.08516,109.010315,108.81823,-1.482478,0.16777773,-0.1018078,0.022645146,-0.1056137,12.0,126.0,128.7744,131.995,125.4063,129.06941,104555860.0,117.94241,112.251884,111.160736,109.97404,109.56642,-1.4893197,-0.0032351257,0.0022909741,0.025009615,-0.026154988,12.0,127.0,128.50398,129.73322,126.36511,127.151825,37713024.0,121.80221,113.42867,112.126915,111.025276,110.264626,-1.4937463,-0.0020999226,-0.010522288,0.009565717,-0.01664437,12.0,128.0,133.15048,134.50264,127.34851,128.504,42789980.0,126.05043,115.10371,113.42375,112.14633,110.991516,-1.4176853,0.03615841,-0.034896538,0.010155097,-0.04357455,12.0,129.0,133.42093,138.46078,132.46213,136.93654,65998100.0,130.60843,116.79841,114.671425,113.30575,111.86017,-1.4132582,0.0020311363,0.02634971,0.037774093,-0.0071863355,12.0
126.0,128.7744,131.995,125.4063,129.06941,104555860.0,117.94241,112.251884,111.160736,109.97404,109.56642,-1.4893197,-0.0032351257,0.0022909741,0.025009615,-0.026154988,12.0,127.0,128.50398,129.73322,126.36511,127.151825,37713024.0,121.80221,113.42867,112.126915,111.025276,110.264626,-1.4937463,-0.0020999226,-0.010522288,0.009565717,-0.01664437,12.0,128.0,133.15048,134.50264,127.34851,128.504,42789980.0,126.05043,115.10371,113.42375,112.14633,110.991516,-1.4176853,0.03615841,-0.034896538,0.010155097,-0.04357455,12.0,129.0,133.42093,138.46078,132.46213,136.93654,65998100.0,130.60843,116.79841,114.671425,113.30575,111.86017,-1.4132582,0.0020311363,0.02634971,0.037774093,-0.0071863355,12.0,130.0,130.79036,134.15846,129.63487,133.96179,25167708.0,130.92802,118.33741,115.84657,114.25373,112.66327,-1.4563193,-0.019716319,0.024248166,0.025751902,-0.00883461,12.0
127.0,128.50398,129.73322,126.36511,127.151825,37713024.0,121.80221,113.42867,112.126915,111.025276,110.264626,-1.4937463,-0.0020999226,-0.010522288,0.009565717,-0.01664437,12.0,128.0,133.15048,134.50264,127.34851,128.504,42789980.0,126.05043,115.10371,113.42375,112.14633,110.991516,-1.4176853,0.03615841,-0.034896538,0.010155097,-0.04357455,12.0,129.0,133.42093,138.46078,132.46213,136.93654,65998100.0,130.60843,116.79841,114.671425,113.30575,111.86017,-1.4132582,0.0020311363,0.02634971,0.037774093,-0.0071863355,12.0,130.0,130.79036,134.15846,129.63487,133.96179,25167708.0,130.92802,118.33741,115.84657,114.25373,112.66327,-1.4563193,-0.019716319,0.024248166,0.025751902,-0.00883461,12.0,131.0,131.08537,131.99501,129.09401,131.92125,20736656.0,131.39023,119.727264,117.03647,115.206635,113.5434,-1.4514902,0.0022556207,0.0063765254,0.0069392575,-0.015191366,12.0
128.0,133.15048,134.50264,127.34851,128.504,42789980.0,126.05043,115.10371,113.42375,112.14633,110.991516,-1.4176853,0.03615841,-0.034896538,0.010155097,-0.04357455,12.0,129.0,133.42093,138.46078,132.46213,136.93654,65998100.0,130.60843,116.79841,114.671425,113.30575,111.86017,-1.4132582,0.0020311363,0.02634971,0.037774093,-0.0071863355,12.0,130.0,130.79036,134.15846,129.63487,133.96179,25167708.0,130.92802,118.33741,115.84657,114.25373,112.66327,-1.4563193,-0.019716319,0.024248166,0.025751902,-0.00883461,12.0,131.0,131.08537,131.99501,129.09401,131.92125,20736656.0,131.39023,119.727264,117.03647,115.206635,113.5434,-1.4514902,0.0022556207,0.0063765254,0.0069392575,-0.015191366,12.0,132.0,133.02756,133.64217,130.56909,131.28206,44244250.0,132.29494,121.22693,118.14524,116.16052,114.57022,-1.4196974,0.01481618,-0.013121375,0.004620218,-0.018480873,12.0
129.0,133.42093,138.46078,132.46213,136.93654,65998100.0,130.60843,116.79841,114.671425,113.30575,111.86017,-1.4132582,0.0020311363,0.02634971,0.037774093,-0.0071863355,12.0,130.0,130.79036,134.15846,129.63487,133.96179,25167708.0,130.92802,118.33741,115.84657,114.25373,112.66327,-1.4563193,-0.019716319,0.024248166,0.025751902,-0.00883461,12.0,131.0,131.08537,131.99501,129.09401,131.92125,20736656.0,131.39023,119.727264,117.03647,115.206635,113.5434,-1.4514902,0.0022556207,0.0063765254,0.0069392575,-0.015191366,12.0,132.0,133.02756,133.64217,130.56909,131.28206,44244250.0,132.29494,121.22693,118.14524,116.16052,114.57022,-1.4196974,0.01481618,-0.013121375,0.004620218,-0.018480873,12.0,133.0,132.1917,134.33057,131.3558,133.02757,27980494.0,132.10318,122.74134,119.35358,117.15964,115.47247,-1.4333801,-0.006283369,0.00632316,0.016180048,-0.0063232738,12.0
130.0,130.79036,134.15846,129.63487,133.96179,25167708.0,130.92802,118.33741,115.84657,114.25373,112.66327,-1.4563193,-0.019716319,0.024248166,0.025751902,-0.00883461,12.0,131.0,131.08537,131.99501,129.09401,131.92125,20736656.0,131.39023,119.727264,117.03647,115.206635,113.5434,-1.4514902,0.0022556207,0.0063765254,0.0069392575,-0.015191366,12.0,132.0,133.02756,133.64217,130.56909,131.28206,44244250.0,132.29494,121.22693,118.14524,116.16052,114.57022,-1.4196974,0.01481618,-0.013121375,0.004620218,-0.018480873,12.0,133.0,132.1917,134.33057,131.3558,133.02757,27980494.0,132.10318,122.74134,119.35358,117.15964,115.47247,-1.4333801,-0.006283369,0.00632316,0.016180048,-0.0063232738,12.0,134.0,135.43686,136.07605,132.41293,132.41293,28087614.0,132.50636,124.398346,120.7254,118.23841,116.50585,-1.3802583,0.024548916,-0.022327188,0.004719505,-0.022327188,12.0
131.0,131.08537,131.99501,129.09401,131.92125,20736656.0,131.39023,119.727264,117.03647,115.206635,113.5434,-1.4514902,0.0022556207,0.0063765254,0.0069392575,-0.015191366,12.0,132.0,133.02756,133.64217,130.56909,131.28206,44244250.0,132.29494,121.22693,118.14524,116.16052,114.57022,-1.4196974,0.01481618,-0.013121375,0.004620218,-0.018480873,12.0,133.0,132.1917,134.33057,131.3558,133.02757,27980494.0,132.10318,122.74134,119.35358,117.15964,115.47247,-1.4333801,-0.006283369,0.00632316,0.016180048,-0.0063232738,12.0,134.0,135.43686,136.07605,132.41293,132.41293,28087614.0,132.50636,124.398346,120.7254,118.23841,116.50585,-1.3802583,0.024548916,-0.022327188,0.004719505,-0.022327188,12.0,135.0,136.19897,136.69067,133.9126,134.62555,21567278.0,133.58809,126.16517,122.15008,119.394875,117.47613,-1.3677828,0.0056270906,-0.011552391,0.0036101083,-0.016786981,12.0
132.0,133.02756,133.64217,130.56909,131.28206,44244250.0,132.29494,121.22693,118.14524,116.16052,114.57022,-1.4196974,0.01481618,-0.013121375,0.004620218,-0.018480873,12.0,133.0,132.1917,134.33057,131.3558,133.02757,27980494.0,132.10318,122.74134,119.35358,117.15964,115.47247,-1.4333801,-0.006283369,0.00632316,0.016180048,-0.0063232738,12.0,134.0,135.43686,136.07605,132.41293,132.41293,28087614.0,132.50636,124.398346,120.7254,118.23841,116.50585,-1.3802583,0.024548916,-0.022327188,0.004719505,-0.022327188,12.0,135.0,136.19897,136.69067,133.9126,134.62555,21567278.0,133.58809,126.16517,122.15008,119.394875,117.47613,-1.3677828,0.0056270906,-0.011552391,0.0036101083,-0.016786981,12.0,136.0,139.69,141.01756,137.72324,137.72324,51694590.0,135.30902,128.21388,123.6227,120.69098,118.55703,-1.3106363,0.02563182,-0.014079549,0.009503631,-0.014079549,12.0
133.0,132.1917,134.33057,131.3558,133.02757,27980494.0,132.10318,122.74134,119.35358,117.15964,115.47247,-1.4333801,-0.006283369,0.00632316,0.016180048,-0.0063232738,12.0,134.0,135.43686,136.07605,132.41293,132.41293,28087614.0,132.50636,124.398346,120.7254,118.23841,116.50585,-1.3802583,0.024548916,-0.022327188,0.004719505,-0.022327188,12.0,135.0,136.19897,136.69067,133.9126,134.62555,21567278.0,133.58809,126.16517,122.15008,119.394875,117.47613,-1.3677828,0.0056270906,-0.011552391,0.0036101083,-0.016786981,12.0,136.0,139.69,141.01756,137.72324,137.72324,51694590.0,135.30902,128.21388,123.6227,120.69098,118.55703,-1.3106363,0.02563182,-0.014079549,0.009503631,-0.014079549,12.0,137.0,138.14116,142.98433,136.98567,142.3943,33401320.0,136.33174,130.14296,125.00313,121.78254,119.52239,-1.3359901,-0.011087718,0.030788373,0.03505953,-0.008364499,12.0
134.0,135.43686,136.07605,132.41293,132.41293,28087614.0,132.50636,124.398346,120.7254,118.23841,116.50585,-1.3802583,0.024548916,-0.022327188,0.004719505,-0.022327188,12.0,135.0,136.19897,136.69067,133.9126,134.62555,21567278.0,133.58809,126.16517,122.15008,119.394875,117.47613,-1.3677828,0.0056270906,-0.011552391,0.0036101083,-0.016786981,12.0,136.0,139.69,141.01756,137.72324,137.72324,51694590.0,135.30902,128.21388,123.6227,120.69098,118.55703,-1.3106363,0.02563182,-0.014079549,0.009503631,-0.014079549,12.0,137.0,138.14116,142.98433,136.98567,142.3943,33401320.0,136.33174,130.14296,125.00313,121.78254,119.52239,-1.3359901,-0.011087718,0.030788373,0.03505953,-0.008364499,12.0,138.0,138.43617,140.03418,137.4282,139.14914,17817526.0,137.58063,131.91142,126.451164,122.998985,120.56314,-1.3311609,0.002135594,0.005150106,0.011543243,-0.0072810794,12.0
135.0,136.19897,136.69067,133.9126,134.62555,21567278.0,133.58809,126.16517,122.15008,119.394875,117.47613,-1.3677828,0.0056270906,-0.011552391,0.0036101083,-0.016786981,12.0,136.0,139.69,141.01756,137.72324,137.72324,51694590.0,135.30902,128.21388,123.6227,120.69098,118.55703,-1.3106363,0.02563182,-0.014079549,0.009503631,-0.014079549,12.0,137.0,138.14116,142.98433,136.98567,142.3943,33401320.0,136.33174,130.14296,125.00313,121.78254,119.52239,-1.3359901,-0.011087718,0.030788373,0.03505953,-0.008364499,12.0,138.0,138.43617,140.03418,137.4282,139.14914,17817526.0,137.58063,131.91142,126.451164,122.998985,120.56314,-1.3311609,0.002135594,0.005150106,0.011543243,-0.0072810794,12.0,139.0,138.1903,139.32121,136.81357,138.43616,16239042.0,138.13132,133.7487,127.83159,124.20658,121.5539,-1.3351855,-0.0017760161,0.001779043,0.008183663,-0.009962597,12.0
136.0,139.69,141.01756,137.72324,137.72324,51694590.0,135.30902,128.21388,123.6227,120.69098,118.55703,-1.3106363,0.02563182,-0.014079549,0.009503631,-0.014079549,12.0,137.0,138.14116,142.98433,136.98567,142.3943,33401320.0,136.33174,130.14296,125.00313,121.78254,119.52239,-1.3359901,-0.011087718,0.030788373,0.03505953,-0.008364499,12.0,138.0,138.43617,140.03418,137.4282,139.14914,17817526.0,137.58063,131.91142,126.451164,122.998985,120.56314,-1.3311609,0.002135594,0.005150106,0.011543243,-0.0072810794,12.0,139.0,138.1903,139.32121,136.81357,138.43616,16239042.0,138.13132,133.7487,127.83159,124.20658,121.5539,-1.3351855,-0.0017760161,0.001779043,0.008183663,-0.009962597,12.0,140.0,136.78902,139.86209,136.39566,138.28868,14690906.0,138.24933,134.25516,129.1862,125.369934,122.537285,-1.358124,-0.010140298,0.010963291,0.022465851,-0.0028756948,12.0
137.0,138.14116,142.98433,136.98567,142.3943,33401320.0,136.33174,130.14296,125.00313,121.78254,119.52239,-1.3359901,-0.011087718,0.030788373,0.03505953,-0.008364499,12.0,138.0,138.43617,140.03418,137.4282,139.14914,17817526.0,137.58063,131.91142,126.451164,122.998985,120.56314,-1.3311609,0.002135594,0.005150106,0.011543243,-0.0072810794,12.0,139.0,138.1903,139.32121,136.81357,138.43616,16239042.0,138.13132,133.7487,127.83159,124.20658,121.5539,-1.3351855,-0.0017760161,0.001779043,0.008183663,-0.009962597,12.0,140.0,136.78902,139.86209,136.39566,138.28868,14690906.0,138.24933,134.25516,129.1862,125.369934,122.537285,-1.358124,-0.010140298,0.010963291,0.022465851,-0.0028756948,12.0,141.0,137.50195,139.76375,136.56773,138.01823,20305210.0,137.81172,134.83699,130.61334,126.4605,123.54443,-1.3464537,0.005211942,0.003754759,0.016449155,-0.0067941854,12.0
138.0,138.43617,140.03418,137.4282,139.14914,17817526.0,137.58063,131.91142,126.451164,122.998985,120.56314,-1.3311609,0.002135594,0.005150106,0.011543243,-0.0072810794,12.0,139.0,138.1903,139.32121,136.81357,138.43616,16239042.0,138.13132,133.7487,127.83159,124.20658,121.5539,-1.3351855,-0.0017760161,0.001779043,0.008183663,-0.009962597,12.0,140.0,136.78902,139.86209,136.39566,138.28868,14690906.0,138.24933,134.25516,129.1862,125.369934,122.537285,-1.358124,-0.010140298,0.010963291,0.022465851,-0.0028756948,12.0,141.0,137.50195,139.76375,136.56773,138.01823,20305210.0,137.81172,134.83699,130.61334,126.4605,123.54443,-1.3464537,0.005211942,0.003754759,0.016449155,-0.0067941854,12.0,142.0,136.39565,138.58368,135.90395,138.19032,14642400.0,137.46262,135.3631,131.97287,127.495026,124.39589,-1.3645633,-0.008045762,0.013157873,0.016041862,-0.0036049027,12.0
139.0,138.1903,139.32121,136.81357,138.43616,16239042.0,138.13132,133.7487,127.83159,124.20658,121.5539,-1.3351855,-0.0017760161,0.001779043,0.008183663,-0.009962597,12.0,140.0,136.78902,139.86209,136.39566,138.28868,14690906.0,138.24933,134.25516,129.1862,125.369934,122.537285,-1.358124,-0.010140298,0.010963291,0.022465851,-0.0028756948,12.0,141.0,137.50195,139.76375,136.56773,138.01823,20305210.0,137.81172,134.83699,130.61334,126.4605,123.54443,-1.3464537,0.005211942,0.003754759,0.016449155,-0.0067941854,12.0,142.0,136.39565,138.58368,135.90395,138.19032,14642400.0,137.46262,135.3631,131.97287,127.495026,124.39589,-1.3645633,-0.008045762,0.013157873,0.016041862,-0.0036049027,12.0,143.0,136.39565,138.26408,136.0023,137.67406,12621492.0,137.05452,135.57944,133.19719,128.57184,125.341576,-1.3645633,0.0,0.009372769,0.013698696,-0.0028838783,12.0
140.0,136.78902,139.86209,136.39566,138.28868,14690906.0,138.24933,134.25516,129.1862,125.369934,122.537285,-1.358124,-0.010140298,0.010963291,0.022465851,-0.0028756948,12.0,141.0,137.50195,139.76375,136.56773,138.01823,20305210.0,137.81172,134.83699,130.61334,126.4605,123.54443,-1.3464537,0.005211942,0.003754759,0.016449155,-0.0067941854,12.0,142.0,136.39565,138.58368,135.90395,138.19032,14642400.0,137.46262,135.3631,131.97287,127.495026,124.39589,-1.3645633,-0.008045762,0.013157873,0.016041862,-0.0036049027,12.0,143.0,136.39565,138.26408,136.0023,137.67406,12621492.0,137.05452,135.57944,133.19719,128.57184,125.341576,-1.3645633,0.0,0.009372769,0.013698696,-0.0028838783,12.0,144.0,137.50195,139.96042,136.83817,137.18236,20157816.0,136.91684,135.85152,134.54074,129.64864,126.32496,-1.3464537,0.0081110215,-0.0023243122,0.017879494,-0.004827485,12.0
141.0,137.50195,139.76375,136.56773,138.01823,20305210.0,137.81172,134.83699,130.61334,126.4605,123.54443,-1.3464537,0.005211942,0.003754759,0.016449155,-0.0067941854,12.0,142.0,136.39565,138.58368,135.90395,138.19032,14642400.0,137.46262,135.3631,131.97287,127.495026,124.39589,-1.3645633,-0.008045762,0.013157873,0.016041862,-0.0036049027,12.0,143.0,136.39565,138.26408,136.0023,137.67406,12621492.0,137.05452,135.57944,133.19719,128.57184,125.341576,-1.3645633,0.0,0.009372769,0.013698696,-0.0028838783,12.0,144.0,137.50195,139.96042,136.83817,137.18236,20157816.0,136.91684,135.85152,134.54074,129.64864,126.32496,-1.3464537,0.0081110215,-0.0023243122,0.017879494,-0.004827485,12.0,145.0,135.80562,138.01823,134.99431,137.87073,17807334.0,136.72017,136.18587,134.8714,130.693,127.261635,-1.3742218,-0.012336805,0.015206305,0.01629254,-0.00597402,12.0
142.0,136.39565,138.58368,135.90395,138.19032,14642400.0,137.46262,135.3631,131.97287,127.495026,124.39589,-1.3645633,-0.008045762,0.013157873,0.016041862,-0.0036049027,12.0,143.0,136.39565,138.26408,136.0023,137.67406,12621492.0,137.05452,135.57944,133.19719,128.57184,125.341576,-1.3645633,0.0,0.009372769,0.013698696,-0.0028838783,12.0,144.0,137.50195,139.96042,136.83817,137.18236,20157816.0,136.91684,135.85152,134.54074,129.64864,126.32496,-1.3464537,0.0081110215,-0.0023243122,0.017879494,-0.004827485,12.0,145.0,135.80562,138.01823,134.99431,137.87073,17807334.0,136.72017,136.18587,134.8714,130.693,127.261635,-1.3742218,-0.012336805,0.015206305,0.01629254,-0.00597402,12.0,146.0,136.19897,138.5837,135.11725,136.6415,19307912.0,136.45956,136.52676,135.24263,131.7826,128.12701,-1.3677828,0.0028964658,0.0032490755,0.017509047,-0.007942283,12.0
143.0,136.39565,138.26408,136.0023,137.67406,12621492.0,137.05452,135.57944,133.19719,128.57184,125.341576,-1.3645633,0.0,0.009372769,0.013698696,-0.0028838783,12.0,144.0,137.50195,139.96042,136.83817,137.18236,20157816.0,136.91684,135.85152,134.54074,129.64864,126.32496,-1.3464537,0.0081110215,-0.0023243122,0.017879494,-0.004827485,12.0,145.0,135.80562,138.01823,134.99431,137.87073,17807334.0,136.72017,136.18587,134.8714,130.693,127.261635,-1.3742218,-0.012336805,0.015206305,0.01629254,-0.00597402,12.0,146.0,136.19897,138.5837,135.11725,136.6415,19307912.0,136.45956,136.52676,135.24263,131.7826,128.12701,-1.3677828,0.0028964658,0.0032490755,0.017509047,-0.007942283,12.0,147.0,135.95312,138.04282,135.65811,136.93651,13163422.0,136.37106,136.7218,135.6151,132.85251,128.97437,-1.3718072,-0.0018050768,0.0072332732,0.015370705,-0.002170004,12.0
144.0,137.50195,139.96042,136.83817,137.18236,20157816.0,136.91684,135.85152,134.54074,129.64864,126.32496,-1.3464537,0.0081110215,-0.0023243122,0.017879494,-0.004827485,12.0,145.0,135.80562,138.01823,134.99431,137.87073,17807334.0,136.72017,136.18587,134.8714,130.693,127.261635,-1.3742218,-0.012336805,0.015206305,0.01629254,-0.00597402,12.0,146.0,136.19897,138.5837,135.11725,136.6415,19307912.0,136.45956,136.52676,135.24263,131.7826,128.12701,-1.3677828,0.0028964658,0.0032490755,0.017509047,-0.007942283,12.0,147.0,135.95312,138.04282,135.65811,136.93651,13163422.0,136.37106,136.7218,135.6151,132.85251,128.97437,-1.3718072,-0.0018050768,0.0072332732,0.015370705,-0.002170004,12.0,148.0,138.63287,140.82089,136.51859,136.9857,29094008.0,136.81851,137.15121,135.8892,133.92145,129.94627,-1.327941,0.019710828,-0.01188156,0.015782874,-0.015250996,12.0
145.0,135.80562,138.01823,134.99431,137.87073,17807334.0,136.72017,136.18587,134.8714,130.693,127.261635,-1.3742218,-0.012336805,0.015206305,0.01629254,-0.00597402,12.0,146.0,136.19897,138.5837,135.11725,136.6415,19307912.0,136.45956,136.52676,135.24263,131.7826,128.12701,-1.3677828,0.0028964658,0.0032490755,0.017509047,-0.007942283,12.0,147.0,135.95312,138.04282,135.65811,136.93651,13163422.0,136.37106,136.7218,135.6151,132.85251,128.97437,-1.3718072,-0.0018050768,0.0072332732,0.015370705,-0.002170004,12.0,148.0,138.63287,140.82089,136.51859,136.9857,29094008.0,136.81851,137.15121,135.8892,133.92145,129.94627,-1.327941,0.019710828,-0.01188156,0.015782874,-0.015250996,12.0,149.0,139.00162,141.31256,138.50992,140.00958,24108414.0,137.11844,137.38887,136.16824,135.05627,130.89362,-1.3219048,0.002659859,0.0072514596,0.016625332,-0.0035373187,12.0
146.0,136.19897,138.5837,135.11725,136.6415,19307912.0,136.45956,136.52676,135.24263,131.7826,128.12701,-1.3677828,0.0028964658,0.0032490755,0.017509047,-0.007942283,12.0,147.0,135.95312,138.04282,135.65811,136.93651,13163422.0,136.37106,136.7218,135.6151,132.85251,128.97437,-1.3718072,-0.0018050768,0.0072332732,0.015370705,-0.002170004,12.0,148.0,138.63287,140.82089,136.51859,136.9857,29094008.0,136.81851,137.15121,135.8892,133.92145,129.94627,-1.327941,0.019710828,-0.01188156,0.015782874,-0.015250996,12.0,149.0,139.00162,141.31256,138.50992,140.00958,24108414.0,137.11844,137.38887,136.16824,135.05627,130.89362,-1.3219048,0.002659859,0.0072514596,0.016625332,-0.0035373187,12.0,150.0,137.55113,140.59964,137.30528,140.37837,18745042.0,137.46754,137.47902,136.50629,135.39062,131.82208,-1.3456486,-0.010435024,0.020554066,0.022162689,-0.0017873101,12.0
147.0,135.95312,138.04282,135.65811,136.93651,13163422.0,136.37106,136.7218,135.6151,132.85251,128.97437,-1.3718072,-0.0018050768,0.0072332732,0.015370705,-0.002170004,12.0,148.0,138.63287,140.82089,136.51859,136.9857,29094008.0,136.81851,137.15121,135.8892,133.92145,129.94627,-1.327941,0.019710828,-0.01188156,0.015782874,-0.015250996,12.0,149.0,139.00162,141.31256,138.50992,140.00958,24108414.0,137.11844,137.38887,136.16824,135.05627,130.89362,-1.3219048,0.002659859,0.0072514596,0.016625332,-0.0035373187,12.0,150.0,137.55113,140.59964,137.30528,140.37837,18745042.0,137.46754,137.47902,136.50629,135.39062,131.82208,-1.3456486,-0.010435024,0.020554066,0.022162689,-0.0017873101,12.0,151.0,134.82227,137.18239,134.33057,137.18239,19783530.0,137.1922,137.1545,136.69313,135.63255,132.68419,-1.3903189,-0.019838925,0.017505426,0.017505426,-0.0036469728,12.0
148.0,138.63287,140.82089,136.51859,136.9857,29094008.0,136.81851,137.15121,135.8892,133.92145,129.94627,-1.327941,0.019710828,-0.01188156,0.015782874,-0.015250996,12.0,149.0,139.00162,141.31256,138.50992,140.00958,24108414.0,137.11844,137.38887,136.16824,135.05627,130.89362,-1.3219048,0.002659859,0.0072514596,0.016625332,-0.0035373187,12.0,150.0,137.55113,140.59964,137.30528,140.37837,18745042.0,137.46754,137.47902,136.50629,135.39062,131.82208,-1.3456486,-0.010435024,0.020554066,0.022162689,-0.0017873101,12.0,151.0,134.82227,137.18239,134.33057,137.18239,19783530.0,137.1922,137.1545,136.69313,135.63255,132.68419,-1.3903189,-0.019838925,0.017505426,0.017505426,-0.0036469728,12.0,152.0,134.40428,137.15776,134.08469,137.15776,15939272.0,136.88243,136.90536,136.76196,135.86856,133.52417,-1.3971611,-0.0031002595,0.020486578,0.020486578,-0.0023778814,12.0
149.0,139.00162,141.31256,138.50992,140.00958,24108414.0,137.11844,137.38887,136.16824,135.05627,130.89362,-1.3219048,0.002659859,0.0072514596,0.016625332,-0.0035373187,12.0,150.0,137.55113,140.59964,137.30528,140.37837,18745042.0,137.46754,137.47902,136.50629,135.39062,131.82208,-1.3456486,-0.010435024,0.020554066,0.022162689,-0.0017873101,12.0,151.0,134.82227,137.18239,134.33057,137.18239,19783530.0,137.1922,137.1545,136.69313,135.63255,132.68419,-1.3903189,-0.019838925,0.017505426,0.017505426,-0.0036469728,12.0,152.0,134.40428,137.15776,134.08469,137.15776,15939272.0,136.88243,136.90536,136.76196,135.86856,133.52417,-1.3971611,-0.0031002595,0.020486578,0.020486578,-0.0023778814,12.0,153.0,134.0847,134.94516,133.69135,134.47804,12309628.0,135.9728,136.61528,136.85661,135.90593,134.26335,-1.4023925,-0.0023777522,0.0029335818,0.006417308,-0.0029336938,12.0
150.0,137.55113,140.59964,137.30528,140.37837,18745042.0,137.46754,137.47902,136.50629,135.39062,131.82208,-1.3456486,-0.010435024,0.020554066,0.022162689,-0.0017873101,12.0,151.0,134.82227,137.18239,134.33057,137.18239,19783530.0,137.1922,137.1545,136.69313,135.63255,132.68419,-1.3903189,-0.019838925,0.017505426,0.017505426,-0.0036469728,12.0,152.0,134.40428,137.15776,134.08469,137.15776,15939272.0,136.88243,136.90536,136.76196,135.86856,133.52417,-1.3971611,-0.0031002595,0.020486578,0.020486578,-0.0023778814,12.0,153.0,134.0847,134.94516,133.69135,134.47804,12309628.0,135.9728,136.61528,136.85661,135.90593,134.26335,-1.4023925,-0.0023777522,0.0029335818,0.006417308,-0.0029336938,12.0,154.0,132.73254,135.06808,132.43753,134.896,15592276.0,134.71898,136.25142,136.7214,135.87839,135.00006,-1.4245267,-0.010084354,0.01629929,0.01759585,-0.0022226563,12.0
151.0,134.82227,137.18239,134.33057,137.18239,19783530.0,137.1922,137.1545,136.69313,135.63255,132.68419,-1.3903189,-0.019838925,0.017505426,0.017505426,-0.0036469728,12.0,152.0,134.40428,137.15776,134.08469,137.15776,15939272.0,136.88243,136.90536,136.76196,135.86856,133.52417,-1.3971611,-0.0031002595,0.020486578,0.020486578,-0.0023778814,12.0,153.0,134.0847,134.94516,133.69135,134.47804,12309628.0,135.9728,136.61528,136.85661,135.90593,134.26335,-1.4023925,-0.0023777522,0.0029335818,0.006417308,-0.0029336938,12.0,154.0,132.73254,135.06808,132.43753,134.896,15592276.0,134.71898,136.25142,136.7214,135.87839,135.00006,-1.4245267,-0.010084354,0.01629929,0.01759585,-0.0022226563,12.0,155.0,133.76509,135.06808,131.77374,132.73254,19265334.0,133.96178,136.04984,136.5997,135.99738,135.1525,-1.4076244,0.007779155,-0.00771908,0.009740947,-0.014886925,12.0
152.0,134.40428,137.15776,134.08469,137.15776,15939272.0,136.88243,136.90536,136.76196,135.86856,133.52417,-1.3971611,-0.0031002595,0.020486578,0.020486578,-0.0023778814,12.0,153.0,134.0847,134.94516,133.69135,134.47804,12309628.0,135.9728,136.61528,136.85661,135.90593,134.26335,-1.4023925,-0.0023777522,0.0029335818,0.006417308,-0.0029336938,12.0,154.0,132.73254,135.06808,132.43753,134.896,15592276.0,134.71898,136.25142,136.7214,135.87839,135.00006,-1.4245267,-0.010084354,0.01629929,0.01759585,-0.0022226563,12.0,155.0,133.76509,135.06808,131.77374,132.73254,19265334.0,133.96178,136.04984,136.5997,135.99738,135.1525,-1.4076244,0.007779155,-0.00771908,0.009740947,-0.014886925,12.0,156.0,133.91261,135.31393,133.49467,134.23221,12380336.0,133.77985,135.81053,136.31084,136.11047,135.32376,-1.4052095,0.0011028436,0.0023866124,0.010464498,-0.0031210063,12.0
153.0,134.0847,134.94516,133.69135,134.47804,12309628.0,135.9728,136.61528,136.85661,135.90593,134.26335,-1.4023925,-0.0023777522,0.0029335818,0.006417308,-0.0029336938,12.0,154.0,132.73254,135.06808,132.43753,134.896,15592276.0,134.71898,136.25142,136.7214,135.87839,135.00006,-1.4245267,-0.010084354,0.01629929,0.01759585,-0.0022226563,12.0,155.0,133.76509,135.06808,131.77374,132.73254,19265334.0,133.96178,136.04984,136.5997,135.99738,135.1525,-1.4076244,0.007779155,-0.00771908,0.009740947,-0.014886925,12.0,156.0,133.91261,135.31393,133.49467,134.23221,12380336.0,133.77985,135.81053,136.31084,136.11047,135.32376,-1.4052095,0.0011028436,0.0023866124,0.010464498,-0.0031210063,12.0,157.0,133.76509,135.21559,133.39632,135.06808,15199568.0,133.65201,135.63516,136.09203,136.13997,135.49913,-1.4076244,-0.0011016286,0.009740947,0.01084364,-0.0027568464,12.0
154.0,132.73254,135.06808,132.43753,134.896,15592276.0,134.71898,136.25142,136.7214,135.87839,135.00006,-1.4245267,-0.010084354,0.01629929,0.01759585,-0.0022226563,12.0,155.0,133.76509,135.06808,131.77374,132.73254,19265334.0,133.96178,136.04984,136.5997,135.99738,135.1525,-1.4076244,0.007779155,-0.00771908,0.009740947,-0.014886925,12.0,156.0,133.91261,135.31393,133.49467,134.23221,12380336.0,133.77985,135.81053,136.31084,136.11047,135.32376,-1.4052095,0.0011028436,0.0023866124,0.010464498,-0.0031210063,12.0,157.0,133.76509,135.21559,133.39632,135.06808,15199568.0,133.65201,135.63516,136.09203,136.13997,135.49913,-1.4076244,-0.0011016286,0.009740947,0.01084364,-0.0027568464,12.0,158.0,133.3963,138.65742,131.77373,134.72388,41141936.0,133.51433,135.43521,135.84004,136.18816,135.50732,-1.4136612,-0.002756995,0.009952128,0.039439783,-0.012163612,12.0
155.0,133.76509,135.06808,131.77374,132.73254,19265334.0,133.96178,136.04984,136.5997,135.99738,135.1525,-1.4076244,0.007779155,-0.00771908,0.009740947,-0.014886925,12.0,156.0,133.91261,135.31393,133.49467,134.23221,12380336.0,133.77985,135.81053,136.31084,136.11047,135.32376,-1.4052095,0.0011028436,0.0023866124,0.010464498,-0.0031210063,12.0,157.0,133.76509,135.21559,133.39632,135.06808,15199568.0,133.65201,135.63516,136.09203,136.13997,135.49913,-1.4076244,-0.0011016286,0.009740947,0.01084364,-0.0027568464,12.0,158.0,133.3963,138.65742,131.77373,134.72388,41141936.0,133.51433,135.43521,135.84004,136.18816,135.50732,-1.4136612,-0.002756995,0.009952128,0.039439783,-0.012163612,12.0,159.0,133.54384,137.37904,132.26543,133.24883,24586106.0,133.67659,135.17134,135.60771,136.11244,135.51143,-1.4112462,0.0011060069,-0.0022091535,0.028718658,-0.009572923,12.0
156.0,133.91261,135.31393,133.49467,134.23221,12380336.0,133.77985,135.81053,136.31084,136.11047,135.32376,-1.4052095,0.0011028436,0.0023866124,0.010464498,-0.0031210063,12.0,157.0,133.76509,135.21559,133.39632,135.06808,15199568.0,133.65201,135.63516,136.09203,136.13997,135.49913,-1.4076244,-0.0011016286,0.009740947,0.01084364,-0.0027568464,12.0,158.0,133.3963,138.65742,131.77373,134.72388,41141936.0,133.51433,135.43521,135.84004,136.18816,135.50732,-1.4136612,-0.002756995,0.009952128,0.039439783,-0.012163612,12.0,159.0,133.54384,137.37904,132.26543,133.24883,24586106.0,133.67659,135.17134,135.60771,136.11244,135.51143,-1.4112462,0.0011060069,-0.0022091535,0.028718658,-0.009572923,12.0,160.0,134.5764,135.95314,133.34717,134.18304,16863810.0,133.83885,135.08939,135.49709,136.04753,135.63762,-1.3943436,0.0077320095,-0.002922975,0.010230134,-0.009134088,12.0
157.0,133.76509,135.21559,133.39632,135.06808,15199568.0,133.65201,135.63516,136.09203,136.13997,135.49913,-1.4076244,-0.0011016286,0.009740947,0.01084364,-0.0027568464,12.0,158.0,133.3963,138.65742,131.77373,134.72388,41141936.0,133.51433,135.43521,135.84004,136.18816,135.50732,-1.4136612,-0.002756995,0.009952128,0.039439783,-0.012163612,12.0,159.0,133.54384,137.37904,132.26543,133.24883,24586106.0,133.67659,135.17134,135.60771,136.11244,135.51143,-1.4112462,0.0011060069,-0.0022091535,0.028718658,-0.009572923,12.0,160.0,134.5764,135.95314,133.34717,134.18304,16863810.0,133.83885,135.08939,135.49709,136.04753,135.63762,-1.3943436,0.0077320095,-0.002922975,0.010230134,-0.009134088,12.0,161.0,139.07536,141.53383,134.96973,135.46141,49790330.0,134.8714,135.28114,135.57576,136.02295,135.90396,-1.3206977,0.033430547,-0.025985526,0.017677214,-0.029520968,12.0
158.0,133.3963,138.65742,131.77373,134.72388,41141936.0,133.51433,135.43521,135.84004,136.18816,135.50732,-1.4136612,-0.002756995,0.009952128,0.039439783,-0.012163612,12.0,159.0,133.54384,137.37904,132.26543,133.24883,24586106.0,133.67659,135.17134,135.60771,136.11244,135.51143,-1.4112462,0.0011060069,-0.0022091535,0.028718658,-0.009572923,12.0,160.0,134.5764,135.95314,133.34717,134.18304,16863810.0,133.83885,135.08939,135.49709,136.04753,135.63762,-1.3943436,0.0077320095,-0.002922975,0.010230134,-0.009134088,12.0,161.0,139.07536,141.53383,134.96973,135.46141,49790330.0,134.8714,135.28114,135.57576,136.02295,135.90396,-1.3206977,0.033430547,-0.025985526,0.017677214,-0.029520968,12.0,162.0,135.70729,137.42822,135.26477,137.03487,21415428.0,135.25984,135.26476,135.54134,135.9256,135.99329,-1.3758315,-0.024217607,0.009782653,0.012681159,-0.0032608474,12.0
159.0,133.54384,137.37904,132.26543,133.24883,24586106.0,133.67659,135.17134,135.60771,136.11244,135.51143,-1.4112462,0.0011060069,-0.0022091535,0.028718658,-0.009572923,12.0,160.0,134.5764,135.95314,133.34717,134.18304,16863810.0,133.83885,135.08939,135.49709,136.04753,135.63762,-1.3943436,0.0077320095,-0.002922975,0.010230134,-0.009134088,12.0,161.0,139.07536,141.53383,134.96973,135.46141,49790330.0,134.8714,135.28114,135.57576,136.02295,135.90396,-1.3206977,0.033430547,-0.025985526,0.017677214,-0.029520968,12.0,162.0,135.70729,137.42822,135.26477,137.03487,21415428.0,135.25984,135.26476,135.54134,135.9256,135.99329,-1.3758315,-0.024217607,0.009782653,0.012681159,-0.0032608474,12.0,163.0,137.05945,137.42822,133.49467,135.95314,16651534.0,135.99246,135.15987,135.57452,135.87053,136.15555,-1.3536972,0.00996378,-0.008071749,0.002690583,-0.02600897,12.0
160.0,134.5764,135.95314,133.34717,134.18304,16863810.0,133.83885,135.08939,135.49709,136.04753,135.63762,-1.3943436,0.0077320095,-0.002922975,0.010230134,-0.009134088,12.0,161.0,139.07536,141.53383,134.96973,135.46141,49790330.0,134.8714,135.28114,135.57576,136.02295,135.90396,-1.3206977,0.033430547,-0.025985526,0.017677214,-0.029520968,12.0,162.0,135.70729,137.42822,135.26477,137.03487,21415428.0,135.25984,135.26476,135.54134,135.9256,135.99329,-1.3758315,-0.024217607,0.009782653,0.012681159,-0.0032608474,12.0,163.0,137.05945,137.42822,133.49467,135.95314,16651534.0,135.99246,135.15987,135.57452,135.87053,136.15555,-1.3536972,0.00996378,-0.008071749,0.002690583,-0.02600897,12.0,164.0,138.92786,141.09132,136.93651,138.75578,44589720.0,137.06927,135.15495,135.64583,135.90002,136.27191,-1.3231122,0.013632101,-0.0012386325,0.015572553,-0.014333704,12.0
161.0,139.07536,141.53383,134.96973,135.46141,49790330.0,134.8714,135.28114,135.57576,136.02295,135.90396,-1.3206977,0.033430547,-0.025985526,0.017677214,-0.029520968,12.0,162.0,135.70729,137.42822,135.26477,137.03487,21415428.0,135.25984,135.26476,135.54134,135.9256,135.99329,-1.3758315,-0.024217607,0.009782653,0.012681159,-0.0032608474,12.0,163.0,137.05945,137.42822,133.49467,135.95314,16651534.0,135.99246,135.15987,135.57452,135.87053,136.15555,-1.3536972,0.00996378,-0.008071749,0.002690583,-0.02600897,12.0,164.0,138.92786,141.09132,136.93651,138.75578,44589720.0,137.06927,135.15495,135.64583,135.90002,136.27191,-1.3231122,0.013632101,-0.0012386325,0.015572553,-0.014333704,12.0,165.0,139.07536,142.32054,136.9365,137.57568,45588720.0,137.96907,135.25656,135.80931,135.99149,136.36778,-1.3206977,0.0010617505,-0.010783165,0.023333944,-0.015379198,12.0
162.0,135.70729,137.42822,135.26477,137.03487,21415428.0,135.25984,135.26476,135.54134,135.9256,135.99329,-1.3758315,-0.024217607,0.009782653,0.012681159,-0.0032608474,12.0,163.0,137.05945,137.42822,133.49467,135.95314,16651534.0,135.99246,135.15987,135.57452,135.87053,136.15555,-1.3536972,0.00996378,-0.008071749,0.002690583,-0.02600897,12.0,164.0,138.92786,141.09132,136.93651,138.75578,44589720.0,137.06927,135.15495,135.64583,135.90002,136.27191,-1.3231122,0.013632101,-0.0012386325,0.015572553,-0.014333704,12.0,165.0,139.07536,142.32054,136.9365,137.57568,45588720.0,137.96907,135.25656,135.80931,135.99149,136.36778,-1.3206977,0.0010617505,-0.010783165,0.023333944,-0.015379198,12.0,166.0,139.91127,141.04218,138.21494,140.94383,19035804.0,138.13625,135.59583,135.99492,136.08784,136.37517,-1.3070142,0.0060104607,0.007380096,0.008083003,-0.012124343,12.0
163.0,137.05945,137.42822,133.49467,135.95314,16651534.0,135.99246,135.15987,135.57452,135.87053,136.15555,-1.3536972,0.00996378,-0.008071749,0.002690583,-0.02600897,12.0,164.0,138.92786,141.09132,136.93651,138.75578,44589720.0,137.06927,135.15495,135.64583,135.90002,136.27191,-1.3231122,0.013632101,-0.0012386325,0.015572553,-0.014333704,12.0,165.0,139.07536,142.32054,136.9365,137.57568,45588720.0,137.96907,135.25656,135.80931,135.99149,136.36778,-1.3206977,0.0010617505,-0.010783165,0.023333944,-0.015379198,12.0,166.0,139.91127,141.04218,138.21494,140.94383,19035804.0,138.13625,135.59583,135.99492,136.08784,136.37517,-1.3070142,0.0060104607,0.007380096,0.008083003,-0.012124343,12.0,167.0,144.21356,146.74579,138.90329,138.90329,83871860.0,139.8375,136.24979,136.40794,136.40057,136.57758,-1.2365876,0.030750144,-0.036822326,0.017558897,-0.036822326,12.0
164.0,138.92786,141.09132,136.93651,138.75578,44589720.0,137.06927,135.15495,135.64583,135.90002,136.27191,-1.3231122,0.013632101,-0.0012386325,0.015572553,-0.014333704,12.0,165.0,139.07536,142.32054,136.9365,137.57568,45588720.0,137.96907,135.25656,135.80931,135.99149,136.36778,-1.3206977,0.0010617505,-0.010783165,0.023333944,-0.015379198,12.0,166.0,139.91127,141.04218,138.21494,140.94383,19035804.0,138.13625,135.59583,135.99492,136.08784,136.37517,-1.3070142,0.0060104607,0.007380096,0.008083003,-0.012124343,12.0,167.0,144.21356,146.74579,138.90329,138.90329,83871860.0,139.8375,136.24979,136.40794,136.40057,136.57758,-1.2365876,0.030750144,-0.036822326,0.017558897,-0.036822326,12.0,168.0,151.04811,151.71188,144.13982,144.18898,76179090.0,142.63524,137.38068,137.0287,136.98666,136.99797,-1.1247092,0.04739186,-0.045410194,0.0043944516,-0.045735735,12.0
165.0,139.07536,142.32054,136.9365,137.57568,45588720.0,137.96907,135.25656,135.80931,135.99149,136.36778,-1.3206977,0.0010617505,-0.010783165,0.023333944,-0.015379198,12.0,166.0,139.91127,141.04218,138.21494,140.94383,19035804.0,138.13625,135.59583,135.99492,136.08784,136.37517,-1.3070142,0.0060104607,0.007380096,0.008083003,-0.012124343,12.0,167.0,144.21356,146.74579,138.90329,138.90329,83871860.0,139.8375,136.24979,136.40794,136.40057,136.57758,-1.2365876,0.030750144,-0.036822326,0.017558897,-0.036822326,12.0,168.0,151.04811,151.71188,144.13982,144.18898,76179090.0,142.63524,137.38068,137.0287,136.98666,136.99797,-1.1247092,0.04739186,-0.045410194,0.0043944516,-0.045735735,12.0,169.0,151.12186,153.03946,148.86006,151.04811,56312624.0,145.07404,138.60663,137.63472,137.53146,137.42903,-1.123502,0.00048822674,-0.00048802307,0.012689097,-0.01496667,12.0
166.0,139.91127,141.04218,138.21494,140.94383,19035804.0,138.13625,135.59583,135.99492,136.08784,136.37517,-1.3070142,0.0060104607,0.007380096,0.008083003,-0.012124343,12.0,167.0,144.21356,146.74579,138.90329,138.90329,83871860.0,139.8375,136.24979,136.40794,136.40057,136.57758,-1.2365876,0.030750144,-0.036822326,0.017558897,-0.036822326,12.0,168.0,151.04811,151.71188,144.13982,144.18898,76179090.0,142.63524,137.38068,137.0287,136.98666,136.99797,-1.1247092,0.04739186,-0.045410194,0.0043944516,-0.045735735,12.0,169.0,151.12186,153.03946,148.86006,151.04811,56312624.0,145.07404,138.60663,137.63472,137.53146,137.42903,-1.123502,0.00048822674,-0.00048802307,0.012689097,-0.01496667,12.0,170.0,153.482,154.14578,149.49928,150.94978,29986974.0,147.95535,139.9211,138.43126,138.23853,137.98546,-1.0848676,0.01561745,-0.01649846,0.0043248637,-0.025949083,12.0
167.0,144.21356,146.74579,138.90329,138.90329,83871860.0,139.8375,136.24979,136.40794,136.40057,136.57758,-1.2365876,0.030750144,-0.036822326,0.017558897,-0.036822326,12.0,168.0,151.04811,151.71188,144.13982,144.18898,76179090.0,142.63524,137.38068,137.0287,136.98666,136.99797,-1.1247092,0.04739186,-0.045410194,0.0043944516,-0.045735735,12.0,169.0,151.12186,153.03946,148.86006,151.04811,56312624.0,145.07404,138.60663,137.63472,137.53146,137.42903,-1.123502,0.00048822674,-0.00048802307,0.012689097,-0.01496667,12.0,170.0,153.482,154.14578,149.49928,150.94978,29986974.0,147.95535,139.9211,138.43126,138.23853,137.98546,-1.0848676,0.01561745,-0.01649846,0.0043248637,-0.025949083,12.0,171.0,153.26073,155.7192,151.04811,151.0727,53623304.0,150.62524,141.21097,139.35318,138.92099,138.51076,-1.0884897,-0.0014416525,-0.0142765865,0.016041065,-0.014436958,12.0
168.0,151.04811,151.71188,144.13982,144.18898,76179090.0,142.63524,137.38068,137.0287,136.98666,136.99797,-1.1247092,0.04739186,-0.045410194,0.0043944516,-0.045735735,12.0,169.0,151.12186,153.03946,148.86006,151.04811,56312624.0,145.07404,138.60663,137.63472,137.53146,137.42903,-1.123502,0.00048822674,-0.00048802307,0.012689097,-0.01496667,12.0,170.0,153.482,154.14578,149.49928,150.94978,29986974.0,147.95535,139.9211,138.43126,138.23853,137.98546,-1.0848676,0.01561745,-0.01649846,0.0043248637,-0.025949083,12.0,171.0,153.26073,155.7192,151.04811,151.0727,53623304.0,150.62524,141.21097,139.35318,138.92099,138.51076,-1.0884897,-0.0014416525,-0.0142765865,0.016041065,-0.014436958,12.0,172.0,155.62086,156.8501,153.53117,154.39163,36975464.0,152.90671,142.66801,140.41402,139.7077,139.1516,-1.0498554,0.015399496,-0.007898894,0.007898894,-0.01342812,12.0
169.0,151.12186,153.03946,148.86006,151.04811,56312624.0,145.07404,138.60663,137.63472,137.53146,137.42903,-1.123502,0.00048822674,-0.00048802307,0.012689097,-0.01496667,12.0,170.0,153.482,154.14578,149.49928,150.94978,29986974.0,147.95535,139.9211,138.43126,138.23853,137.98546,-1.0848676,0.01561745,-0.01649846,0.0043248637,-0.025949083,12.0,171.0,153.26073,155.7192,151.04811,151.0727,53623304.0,150.62524,141.21097,139.35318,138.92099,138.51076,-1.0884897,-0.0014416525,-0.0142765865,0.016041065,-0.014436958,12.0,172.0,155.62086,156.8501,153.53117,154.39163,36975464.0,152.90671,142.66801,140.41402,139.7077,139.1516,-1.0498554,0.015399496,-0.007898894,0.007898894,-0.01342812,12.0,173.0,153.35905,159.55438,152.40027,155.32582,45477692.0,153.3689,143.99887,141.37773,140.29675,139.71704,-1.0868801,-0.014534107,0.012824624,0.040397584,-0.006251945,12.0
170.0,153.482,154.14578,149.49928,150.94978,29986974.0,147.95535,139.9211,138.43126,138.23853,137.98546,-1.0848676,0.01561745,-0.01649846,0.0043248637,-0.025949083,12.0,171.0,153.26073,155.7192,151.04811,151.0727,53623304.0,150.62524,141.21097,139.35318,138.92099,138.51076,-1.0884897,-0.0014416525,-0.0142765865,0.016041065,-0.014436958,12.0,172.0,155.62086,156.8501,153.53117,154.39163,36975464.0,152.90671,142.66801,140.41402,139.7077,139.1516,-1.0498554,0.015399496,-0.007898894,0.007898894,-0.01342812,12.0,173.0,153.35905,159.55438,152.40027,155.32582,45477692.0,153.3689,143.99887,141.37773,140.29675,139.71704,-1.0868801,-0.014534107,0.012824624,0.040397584,-0.006251945,12.0,174.0,153.53116,155.74377,149.45012,155.07999,47020668.0,153.85075,145.33136,142.41766,140.87793,140.25134,-1.0840628,0.0011222283,0.010088051,0.0144115295,-0.026581226,12.0
171.0,153.26073,155.7192,151.04811,151.0727,53623304.0,150.62524,141.21097,139.35318,138.92099,138.51076,-1.0884897,-0.0014416525,-0.0142765865,0.016041065,-0.014436958,12.0,172.0,155.62086,156.8501,153.53117,154.39163,36975464.0,152.90671,142.66801,140.41402,139.7077,139.1516,-1.0498554,0.015399496,-0.007898894,0.007898894,-0.01342812,12.0,173.0,153.35905,159.55438,152.40027,155.32582,45477692.0,153.3689,143.99887,141.37773,140.29675,139.71704,-1.0868801,-0.014534107,0.012824624,0.040397584,-0.006251945,12.0,174.0,153.53116,155.74377,149.45012,155.07999,47020668.0,153.85075,145.33136,142.41766,140.87793,140.25134,-1.0840628,0.0011222283,0.010088051,0.0144115295,-0.026581226,12.0,175.0,154.80956,158.2268,152.99028,154.8833,44278870.0,154.11627,146.68024,143.46988,141.56827,140.88481,-1.0631361,0.008326626,0.00047639795,0.022073945,-0.011751667,12.0
172.0,155.62086,156.8501,153.53117,154.39163,36975464.0,152.90671,142.66801,140.41402,139.7077,139.1516,-1.0498554,0.015399496,-0.007898894,0.007898894,-0.01342812,12.0,173.0,153.35905,159.55438,152.40027,155.32582,45477692.0,153.3689,143.99887,141.37773,140.29675,139.71704,-1.0868801,-0.014534107,0.012824624,0.040397584,-0.006251945,12.0,174.0,153.53116,155.74377,149.45012,155.07999,47020668.0,153.85075,145.33136,142.41766,140.87793,140.25134,-1.0840628,0.0011222283,0.010088051,0.0144115295,-0.026581226,12.0,175.0,154.80956,158.2268,152.99028,154.8833,44278870.0,154.11627,146.68024,143.46988,141.56827,140.88481,-1.0631361,0.008326626,0.00047639795,0.022073945,-0.011751667,12.0,176.0,149.81888,154.0966,148.71257,154.0966,35838304.0,153.4279,147.39647,144.2652,142.16812,141.3388,-1.1448312,-0.032237526,0.028552614,0.028552614,-0.0073843123,12.0
173.0,153.35905,159.55438,152.40027,155.32582,45477692.0,153.3689,143.99887,141.37773,140.29675,139.71704,-1.0868801,-0.014534107,0.012824624,0.040397584,-0.006251945,12.0,174.0,153.53116,155.74377,149.45012,155.07999,47020668.0,153.85075,145.33136,142.41766,140.87793,140.25134,-1.0840628,0.0011222283,0.010088051,0.0144115295,-0.026581226,12.0,175.0,154.80956,158.2268,152.99028,154.8833,44278870.0,154.11627,146.68024,143.46988,141.56827,140.88481,-1.0631361,0.008326626,0.00047639795,0.022073945,-0.011751667,12.0,176.0,149.81888,154.0966,148.71257,154.0966,35838304.0,153.4279,147.39647,144.2652,142.16812,141.3388,-1.1448312,-0.032237526,0.028552614,0.028552614,-0.0073843123,12.0,177.0,154.34244,155.00623,149.57303,150.60556,44013790.0,153.17221,148.63881,145.29407,142.96565,141.95178,-1.0707825,0.030193523,-0.024211552,0.004300752,-0.030901503,12.0
174.0,153.53116,155.74377,149.45012,155.07999,47020668.0,153.85075,145.33136,142.41766,140.87793,140.25134,-1.0840628,0.0011222283,0.010088051,0.0144115295,-0.026581226,12.0,175.0,154.80956,158.2268,152.99028,154.8833,44278870.0,154.11627,146.68024,143.46988,141.56827,140.88481,-1.0631361,0.008326626,0.00047639795,0.022073945,-0.011751667,12.0,176.0,149.81888,154.0966,148.71257,154.0966,35838304.0,153.4279,147.39647,144.2652,142.16812,141.3388,-1.1448312,-0.032237526,0.028552614,0.028552614,-0.0073843123,12.0,177.0,154.34244,155.00623,149.57303,150.60556,44013790.0,153.17221,148.63881,145.29407,142.96565,141.95178,-1.0707825,0.030193523,-0.024211552,0.004300752,-0.030901503,12.0,178.0,153.18698,155.86671,152.2282,154.88333,24921524.0,153.1378,149.71397,146.2836,143.72975,142.43692,-1.0896969,-0.007486318,0.011073704,0.01749322,-0.0062589687,12.0
175.0,154.80956,158.2268,152.99028,154.8833,44278870.0,154.11627,146.68024,143.46988,141.56827,140.88481,-1.0631361,0.008326626,0.00047639795,0.022073945,-0.011751667,12.0,176.0,149.81888,154.0966,148.71257,154.0966,35838304.0,153.4279,147.39647,144.2652,142.16812,141.3388,-1.1448312,-0.032237526,0.028552614,0.028552614,-0.0073843123,12.0,177.0,154.34244,155.00623,149.57303,150.60556,44013790.0,153.17221,148.63881,145.29407,142.96565,141.95178,-1.0707825,0.030193523,-0.024211552,0.004300752,-0.030901503,12.0,178.0,153.18698,155.86671,152.2282,154.88333,24921524.0,153.1378,149.71397,146.2836,143.72975,142.43692,-1.0896969,-0.007486318,0.011073704,0.01749322,-0.0062589687,12.0,179.0,153.16238,156.62881,152.67068,154.88332,29660738.0,153.06404,150.66295,147.26453,144.54694,142.90895,-1.0900995,-0.00016056957,0.011235955,0.022632385,-0.0032102729,12.0
176.0,149.81888,154.0966,148.71257,154.0966,35838304.0,153.4279,147.39647,144.2652,142.16812,141.3388,-1.1448312,-0.032237526,0.028552614,0.028552614,-0.0073843123,12.0,177.0,154.34244,155.00623,149.57303,150.60556,44013790.0,153.17221,148.63881,145.29407,142.96565,141.95178,-1.0707825,0.030193523,-0.024211552,0.004300752,-0.030901503,12.0,178.0,153.18698,155.86671,152.2282,154.88333,24921524.0,153.1378,149.71397,146.2836,143.72975,142.43692,-1.0896969,-0.007486318,0.011073704,0.01749322,-0.0062589687,12.0,179.0,153.16238,156.62881,152.67068,154.88332,29660738.0,153.06404,150.66295,147.26453,144.54694,142.90895,-1.0900995,-0.00016056957,0.011235955,0.022632385,-0.0032102729,12.0,180.0,154.17035,155.30125,152.22816,153.40823,24786634.0,152.9362,151.66928,148.24423,145.36314,143.46292,-1.0735996,0.0065810224,-0.0049433513,0.007335412,-0.012597614,12.0
177.0,154.34244,155.00623,149.57303,150.60556,44013790.0,153.17221,148.63881,145.29407,142.96565,141.95178,-1.0707825,0.030193523,-0.024211552,0.004300752,-0.030901503,12.0,178.0,153.18698,155.86671,152.2282,154.88333,24921524.0,153.1378,149.71397,146.2836,143.72975,142.43692,-1.0896969,-0.007486318,0.011073704,0.01749322,-0.0062589687,12.0,179.0,153.16238,156.62881,152.67068,154.88332,29660738.0,153.06404,150.66295,147.26453,144.54694,142.90895,-1.0900995,-0.00016056957,0.011235955,0.022632385,-0.0032102729,12.0,180.0,154.17035,155.30125,152.22816,153.40823,24786634.0,152.9362,151.66928,148.24423,145.36314,143.46292,-1.0735996,0.0065810224,-0.0049433513,0.007335412,-0.012597614,12.0,181.0,153.9245,156.28464,153.4328,155.57167,18514618.0,153.75732,152.6035,148.98668,146.16362,144.09966,-1.077624,-0.0015946621,0.010701186,0.015333073,-0.003194378,12.0
178.0,153.18698,155.86671,152.2282,154.88333,24921524.0,153.1378,149.71397,146.2836,143.72975,142.43692,-1.0896969,-0.007486318,0.011073704,0.01749322,-0.0062589687,12.0,179.0,153.16238,156.62881,152.67068,154.88332,29660738.0,153.06404,150.66295,147.26453,144.54694,142.90895,-1.0900995,-0.00016056957,0.011235955,0.022632385,-0.0032102729,12.0,180.0,154.17035,155.30125,152.22816,153.40823,24786634.0,152.9362,151.66928,148.24423,145.36314,143.46292,-1.0735996,0.0065810224,-0.0049433513,0.007335412,-0.012597614,12.0,181.0,153.9245,156.28464,153.4328,155.57167,18514618.0,153.75732,152.6035,148.98668,146.16362,144.09966,-1.077624,-0.0015946621,0.010701186,0.015333073,-0.003194378,12.0,182.0,164.2009,165.20886,154.98166,154.98166,77811260.0,155.72902,153.93599,150.41136,147.38106,145.09288,-0.9094041,0.06676259,-0.056146126,0.006138607,-0.056146126,12.0
179.0,153.16238,156.62881,152.67068,154.88332,29660738.0,153.06404,150.66295,147.26453,144.54694,142.90895,-1.0900995,-0.00016056957,0.011235955,0.022632385,-0.0032102729,12.0,180.0,154.17035,155.30125,152.22816,153.40823,24786634.0,152.9362,151.66928,148.24423,145.36314,143.46292,-1.0735996,0.0065810224,-0.0049433513,0.007335412,-0.012597614,12.0,181.0,153.9245,156.28464,153.4328,155.57167,18514618.0,153.75732,152.6035,148.98668,146.16362,144.09966,-1.077624,-0.0015946621,0.010701186,0.015333073,-0.003194378,12.0,182.0,164.2009,165.20886,154.98166,154.98166,77811260.0,155.72902,153.93599,150.41136,147.38106,145.09288,-0.9094041,0.06676259,-0.056146126,0.006138607,-0.056146126,12.0,183.0,162.2833,164.86469,158.81686,164.71718,55159850.0,157.54828,154.685,151.67256,148.53654,146.03284,-0.94079435,-0.011678393,0.014997765,0.015906682,-0.021360364,12.0
180.0,154.17035,155.30125,152.22816,153.40823,24786634.0,152.9362,151.66928,148.24423,145.36314,143.46292,-1.0735996,0.0065810224,-0.0049433513,0.007335412,-0.012597614,12.0,181.0,153.9245,156.28464,153.4328,155.57167,18514618.0,153.75732,152.6035,148.98668,146.16362,144.09966,-1.077624,-0.0015946621,0.010701186,0.015333073,-0.003194378,12.0,182.0,164.2009,165.20886,154.98166,154.98166,77811260.0,155.72902,153.93599,150.41136,147.38106,145.09288,-0.9094041,0.06676259,-0.056146126,0.006138607,-0.056146126,12.0,183.0,162.2833,164.86469,158.81686,164.71718,55159850.0,157.54828,154.685,151.67256,148.53654,146.03284,-0.94079435,-0.011678393,0.014997765,0.015906682,-0.021360364,12.0,184.0,164.86469,165.4793,160.0461,160.78365,35479916.0,159.88875,155.60118,152.96939,149.78937,147.10391,-0.8985382,0.015906692,-0.024753917,0.0037280049,-0.029227521,12.0
181.0,153.9245,156.28464,153.4328,155.57167,18514618.0,153.75732,152.6035,148.98668,146.16362,144.09966,-1.077624,-0.0015946621,0.010701186,0.015333073,-0.003194378,12.0,182.0,164.2009,165.20886,154.98166,154.98166,77811260.0,155.72902,153.93599,150.41136,147.38106,145.09288,-0.9094041,0.06676259,-0.056146126,0.006138607,-0.056146126,12.0,183.0,162.2833,164.86469,158.81686,164.71718,55159850.0,157.54828,154.685,151.67256,148.53654,146.03284,-0.94079435,-0.011678393,0.014997765,0.015906682,-0.021360364,12.0,184.0,164.86469,165.4793,160.0461,160.78365,35479916.0,159.88875,155.60118,152.96939,149.78937,147.10391,-0.8985382,0.015906692,-0.024753917,0.0037280049,-0.029227521,12.0,185.0,176.73907,180.82011,170.34706,172.58426,214540500.0,164.4025,157.15166,154.85258,151.47588,148.53638,-0.7041598,0.07202507,-0.02350817,0.023090798,-0.036166362,12.0
182.0,164.2009,165.20886,154.98166,154.98166,77811260.0,155.72902,153.93599,150.41136,147.38106,145.09288,-0.9094041,0.06676259,-0.056146126,0.006138607,-0.056146126,12.0,183.0,162.2833,164.86469,158.81686,164.71718,55159850.0,157.54828,154.685,151.67256,148.53654,146.03284,-0.94079435,-0.011678393,0.014997765,0.015906682,-0.021360364,12.0,184.0,164.86469,165.4793,160.0461,160.78365,35479916.0,159.88875,155.60118,152.96939,149.78937,147.10391,-0.8985382,0.015906692,-0.024753917,0.0037280049,-0.029227521,12.0,185.0,176.73907,180.82011,170.34706,172.58426,214540500.0,164.4025,157.15166,154.85258,151.47588,148.53638,-0.7041598,0.07202507,-0.02350817,0.023090798,-0.036166362,12.0,186.0,183.89322,184.92578,175.65736,177.9929,110861500.0,170.39624,159.19382,157.05168,153.26859,150.2024,-0.5870497,0.040478565,-0.03208556,0.0056149894,-0.044786096,12.0
183.0,162.2833,164.86469,158.81686,164.71718,55159850.0,157.54828,154.685,151.67256,148.53654,146.03284,-0.94079435,-0.011678393,0.014997765,0.015906682,-0.021360364,12.0,184.0,164.86469,165.4793,160.0461,160.78365,35479916.0,159.88875,155.60118,152.96939,149.78937,147.10391,-0.8985382,0.015906692,-0.024753917,0.0037280049,-0.029227521,12.0,185.0,176.73907,180.82011,170.34706,172.58426,214540500.0,164.4025,157.15166,154.85258,151.47588,148.53638,-0.7041598,0.07202507,-0.02350817,0.023090798,-0.036166362,12.0,186.0,183.89322,184.92578,175.65736,177.9929,110861500.0,170.39624,159.19382,157.05168,153.26859,150.2024,-0.5870497,0.040478565,-0.03208556,0.0056149894,-0.044786096,12.0,187.0,185.61414,186.74503,181.48392,185.36829,105931920.0,174.67888,161.19337,159.1217,155.26486,151.9307,-0.5588791,0.009358239,-0.0013245033,0.006092683,-0.02225164,12.0
184.0,164.86469,165.4793,160.0461,160.78365,35479916.0,159.88875,155.60118,152.96939,149.78937,147.10391,-0.8985382,0.015906692,-0.024753917,0.0037280049,-0.029227521,12.0,185.0,176.73907,180.82011,170.34706,172.58426,214540500.0,164.4025,157.15166,154.85258,151.47588,148.53638,-0.7041598,0.07202507,-0.02350817,0.023090798,-0.036166362,12.0,186.0,183.89322,184.92578,175.65736,177.9929,110861500.0,170.39624,159.19382,157.05168,153.26859,150.2024,-0.5870497,0.040478565,-0.03208556,0.0056149894,-0.044786096,12.0,187.0,185.61414,186.74503,181.48392,185.36829,105931920.0,174.67888,161.19337,159.1217,155.26486,151.9307,-0.5588791,0.009358239,-0.0013245033,0.006092683,-0.02225164,12.0,188.0,184.852,187.67924,183.37692,185.51578,72176290.0,179.19263,163.29291,160.8119,157.17657,153.64589,-0.57135487,-0.004105995,0.003590838,0.015294586,-0.007979784,12.0
185.0,176.73907,180.82011,170.34706,172.58426,214540500.0,164.4025,157.15166,154.85258,151.47588,148.53638,-0.7041598,0.07202507,-0.02350817,0.023090798,-0.036166362,12.0,186.0,183.89322,184.92578,175.65736,177.9929,110861500.0,170.39624,159.19382,157.05168,153.26859,150.2024,-0.5870497,0.040478565,-0.03208556,0.0056149894,-0.044786096,12.0,187.0,185.61414,186.74503,181.48392,185.36829,105931920.0,174.67888,161.19337,159.1217,155.26486,151.9307,-0.5588791,0.009358239,-0.0013245033,0.006092683,-0.02225164,12.0,188.0,184.852,187.67924,183.37692,185.51578,72176290.0,179.19263,163.29291,160.8119,157.17657,153.64589,-0.57135487,-0.004105995,0.003590838,0.015294586,-0.007979784,12.0,189.0,172.31383,179.46796,171.25667,179.46796,148263900.0,180.68245,164.54507,161.8715,158.51201,154.93822,-0.7765991,-0.06782819,0.04151801,0.04151801,-0.0061350386,12.0
186.0,183.89322,184.92578,175.65736,177.9929,110861500.0,170.39624,159.19382,157.05168,153.26859,150.2024,-0.5870497,0.040478565,-0.03208556,0.0056149894,-0.044786096,12.0,187.0,185.61414,186.74503,181.48392,185.36829,105931920.0,174.67888,161.19337,159.1217,155.26486,151.9307,-0.5588791,0.009358239,-0.0013245033,0.006092683,-0.02225164,12.0,188.0,184.852,187.67924,183.37692,185.51578,72176290.0,179.19263,163.29291,160.8119,157.17657,153.64589,-0.57135487,-0.004105995,0.003590838,0.015294586,-0.007979784,12.0,189.0,172.31383,179.46796,171.25667,179.46796,148263900.0,180.68245,164.54507,161.8715,158.51201,154.93822,-0.7765991,-0.06782819,0.04151801,0.04151801,-0.0061350386,12.0,190.0,167.96236,174.18227,166.65938,172.58427,77922360.0,178.92711,165.42194,162.59552,159.66748,156.05109,-0.8478307,-0.025253173,0.027517546,0.0370316,-0.0077575934,12.0
187.0,185.61414,186.74503,181.48392,185.36829,105931920.0,174.67888,161.19337,159.1217,155.26486,151.9307,-0.5588791,0.009358239,-0.0013245033,0.006092683,-0.02225164,12.0,188.0,184.852,187.67924,183.37692,185.51578,72176290.0,179.19263,163.29291,160.8119,157.17657,153.64589,-0.57135487,-0.004105995,0.003590838,0.015294586,-0.007979784,12.0,189.0,172.31383,179.46796,171.25667,179.46796,148263900.0,180.68245,164.54507,161.8715,158.51201,154.93822,-0.7765991,-0.06782819,0.04151801,0.04151801,-0.0061350386,12.0,190.0,167.96236,174.18227,166.65938,172.58427,77922360.0,178.92711,165.42194,162.59552,159.66748,156.05109,-0.8478307,-0.025253173,0.027517546,0.0370316,-0.0077575934,12.0,191.0,167.00354,171.15836,166.48727,168.60155,50488456.0,175.54918,166.56758,163.28265,160.75117,156.98203,-0.8635261,-0.0057085203,0.009568674,0.024878588,-0.0030913819,12.0
188.0,184.852,187.67924,183.37692,185.51578,72176290.0,179.19263,163.29291,160.8119,157.17657,153.64589,-0.57135487,-0.004105995,0.003590838,0.015294586,-0.007979784,12.0,189.0,172.31383,179.46796,171.25667,179.46796,148263900.0,180.68245,164.54507,161.8715,158.51201,154.93822,-0.7765991,-0.06782819,0.04151801,0.04151801,-0.0061350386,12.0,190.0,167.96236,174.18227,166.65938,172.58427,77922360.0,178.92711,165.42194,162.59552,159.66748,156.05109,-0.8478307,-0.025253173,0.027517546,0.0370316,-0.0077575934,12.0,191.0,167.00354,171.15836,166.48727,168.60155,50488456.0,175.54918,166.56758,163.28265,160.75117,156.98203,-0.8635261,-0.0057085203,0.009568674,0.024878588,-0.0030913819,12.0,192.0,168.74907,170.37164,166.51186,168.3803,25693748.0,172.17616,167.52802,163.93907,161.7326,158.08342,-0.8349526,0.010452049,-0.0021853147,0.009615349,-0.013257628,12.0
189.0,172.31383,179.46796,171.25667,179.46796,148263900.0,180.68245,164.54507,161.8715,158.51201,154.93822,-0.7765991,-0.06782819,0.04151801,0.04151801,-0.0061350386,12.0,190.0,167.96236,174.18227,166.65938,172.58427,77922360.0,178.92711,165.42194,162.59552,159.66748,156.05109,-0.8478307,-0.025253173,0.027517546,0.0370316,-0.0077575934,12.0,191.0,167.00354,171.15836,166.48727,168.60155,50488456.0,175.54918,166.56758,163.28265,160.75117,156.98203,-0.8635261,-0.0057085203,0.009568674,0.024878588,-0.0030913819,12.0,192.0,168.74907,170.37164,166.51186,168.3803,25693748.0,172.17616,167.52802,163.93907,161.7326,158.08342,-0.8349526,0.010452049,-0.0021853147,0.009615349,-0.013257628,12.0,193.0,170.49457,171.84673,168.08528,169.51118,33993548.0,169.30467,168.68185,164.79585,162.51045,159.19792,-0.80637956,0.010343753,-0.005767844,0.007930785,-0.0141312005,12.0
190.0,167.96236,174.18227,166.65938,172.58427,77922360.0,178.92711,165.42194,162.59552,159.66748,156.05109,-0.8478307,-0.025253173,0.027517546,0.0370316,-0.0077575934,12.0,191.0,167.00354,171.15836,166.48727,168.60155,50488456.0,175.54918,166.56758,163.28265,160.75117,156.98203,-0.8635261,-0.0057085203,0.009568674,0.024878588,-0.0030913819,12.0,192.0,168.74907,170.37164,166.51186,168.3803,25693748.0,172.17616,167.52802,163.93907,161.7326,158.08342,-0.8349526,0.010452049,-0.0021853147,0.009615349,-0.013257628,12.0,193.0,170.49457,171.84673,168.08528,169.51118,33993548.0,169.30467,168.68185,164.79585,162.51045,159.19792,-0.80637956,0.010343753,-0.005767844,0.007930785,-0.0141312005,12.0,194.0,168.87198,172.14174,166.73311,171.89589,19934922.0,168.6163,169.72917,165.56288,163.22046,160.19606,-0.8329406,-0.009516955,0.017906519,0.019362334,-0.012665616,12.0
191.0,167.00354,171.15836,166.48727,168.60155,50488456.0,175.54918,166.56758,163.28265,160.75117,156.98203,-0.8635261,-0.0057085203,0.009568674,0.024878588,-0.0030913819,12.0,192.0,168.74907,170.37164,166.51186,168.3803,25693748.0,172.17616,167.52802,163.93907,161.7326,158.08342,-0.8349526,0.010452049,-0.0021853147,0.009615349,-0.013257628,12.0,193.0,170.49457,171.84673,168.08528,169.51118,33993548.0,169.30467,168.68185,164.79585,162.51045,159.19792,-0.80637956,0.010343753,-0.005767844,0.007930785,-0.0141312005,12.0,194.0,168.87198,172.14174,166.73311,171.89589,19934922.0,168.6163,169.72917,165.56288,163.22046,160.19606,-0.8329406,-0.009516955,0.017906519,0.019362334,-0.012665616,12.0,195.0,169.36368,171.20752,167.59358,167.66733,19082496.0,168.89656,170.74205,166.29059,163.85573,161.20567,-0.8248917,0.0029116685,-0.010016003,0.010886921,-0.010451462,12.0
192.0,168.74907,170.37164,166.51186,168.3803,25693748.0,172.17616,167.52802,163.93907,161.7326,158.08342,-0.8349526,0.010452049,-0.0021853147,0.009615349,-0.013257628,12.0,193.0,170.49457,171.84673,168.08528,169.51118,33993548.0,169.30467,168.68185,164.79585,162.51045,159.19792,-0.80637956,0.010343753,-0.005767844,0.007930785,-0.0141312005,12.0,194.0,168.87198,172.14174,166.73311,171.89589,19934922.0,168.6163,169.72917,165.56288,163.22046,160.19606,-0.8329406,-0.009516955,0.017906519,0.019362334,-0.012665616,12.0,195.0,169.36368,171.20752,167.59358,167.66733,19082496.0,168.89656,170.74205,166.29059,163.85573,161.20567,-0.8248917,0.0029116685,-0.010016003,0.010886921,-0.010451462,12.0,196.0,168.35571,170.66667,167.81485,170.56833,17346096.0,169.167,171.70413,167.21744,164.45953,162.15381,-0.8413916,-0.0059514833,0.013142523,0.013726671,-0.0032126347,12.0
193.0,170.49457,171.84673,168.08528,169.51118,33993548.0,169.30467,168.68185,164.79585,162.51045,159.19792,-0.80637956,0.010343753,-0.005767844,0.007930785,-0.0141312005,12.0,194.0,168.87198,172.14174,166.73311,171.89589,19934922.0,168.6163,169.72917,165.56288,163.22046,160.19606,-0.8329406,-0.009516955,0.017906519,0.019362334,-0.012665616,12.0,195.0,169.36368,171.20752,167.59358,167.66733,19082496.0,168.89656,170.74205,166.29059,163.85573,161.20567,-0.8248917,0.0029116685,-0.010016003,0.010886921,-0.010451462,12.0,196.0,168.35571,170.66667,167.81485,170.56833,17346096.0,169.167,171.70413,167.21744,164.45953,162.15381,-0.8413916,-0.0059514833,0.013142523,0.013726671,-0.0032126347,12.0,197.0,167.07729,169.58493,165.55305,168.9949,17390338.0,168.83264,171.89589,167.85417,164.91779,162.91594,-0.8623189,-0.007593607,0.011477412,0.015008847,-0.009122942,12.0
194.0,168.87198,172.14174,166.73311,171.89589,19934922.0,168.6163,169.72917,165.56288,163.22046,160.19606,-0.8329406,-0.009516955,0.017906519,0.019362334,-0.012665616,12.0,195.0,169.36368,171.20752,167.59358,167.66733,19082496.0,168.89656,170.74205,166.29059,163.85573,161.20567,-0.8248917,0.0029116685,-0.010016003,0.010886921,-0.010451462,12.0,196.0,168.35571,170.66667,167.81485,170.56833,17346096.0,169.167,171.70413,167.21744,164.45953,162.15381,-0.8413916,-0.0059514833,0.013142523,0.013726671,-0.0032126347,12.0,197.0,167.07729,169.58493,165.55305,168.9949,17390338.0,168.83264,171.89589,167.85417,164.91779,162.91594,-0.8623189,-0.007593607,0.011477412,0.015008847,-0.009122942,12.0,198.0,164.25008,167.05273,162.775,166.33977,19821156.0,167.58374,172.02701,168.40733,165.35342,163.356,-0.908599,-0.016921567,0.012722647,0.017063351,-0.008980691,12.0
195.0,169.36368,171.20752,167.59358,167.66733,19082496.0,168.89656,170.74205,166.29059,163.85573,161.20567,-0.8248917,0.0029116685,-0.010016003,0.010886921,-0.010451462,12.0,196.0,168.35571,170.66667,167.81485,170.56833,17346096.0,169.167,171.70413,167.21744,164.45953,162.15381,-0.8413916,-0.0059514833,0.013142523,0.013726671,-0.0032126347,12.0,197.0,167.07729,169.58493,165.55305,168.9949,17390338.0,168.83264,171.89589,167.85417,164.91779,162.91594,-0.8623189,-0.007593607,0.011477412,0.015008847,-0.009122942,12.0,198.0,164.25008,167.05273,162.775,166.33977,19821156.0,167.58374,172.02701,168.40733,165.35342,163.356,-0.908599,-0.016921567,0.012722647,0.017063351,-0.008980691,12.0,199.0,165.03677,167.10188,164.42216,165.08595,17969178.0,166.81671,172.03848,169.00105,165.81364,163.81984,-0.89572114,0.004789632,0.00029794758,0.012513071,-0.0037241175,12.0
196.0,168.35571,170.66667,167.81485,170.56833,17346096.0,169.167,171.70413,167.21744,164.45953,162.15381,-0.8413916,-0.0059514833,0.013142523,0.013726671,-0.0032126347,12.0,197.0,167.07729,169.58493,165.55305,168.9949,17390338.0,168.83264,171.89589,167.85417,164.91779,162.91594,-0.8623189,-0.007593607,0.011477412,0.015008847,-0.009122942,12.0,198.0,164.25008,167.05273,162.775,166.33977,19821156.0,167.58374,172.02701,168.40733,165.35342,163.356,-0.908599,-0.016921567,0.012722647,0.017063351,-0.008980691,12.0,199.0,165.03677,167.10188,164.42216,165.08595,17969178.0,166.81671,172.03848,169.00105,165.81364,163.81984,-0.89572114,0.004789632,0.00029794758,0.012513071,-0.0037241175,12.0,200.0,165.92183,167.17564,162.82416,164.05339,14479922.0,166.12834,171.31734,169.58862,166.25815,164.2345,-0.8812332,0.005362778,-0.011260982,0.0075566387,-0.018669486,12.0
197.0,167.07729,169.58493,165.55305,168.9949,17390338.0,168.83264,171.89589,167.85417,164.91779,162.91594,-0.8623189,-0.007593607,0.011477412,0.015008847,-0.009122942,12.0,198.0,164.25008,167.05273,162.775,166.33977,19821156.0,167.58374,172.02701,168.40733,165.35342,163.356,-0.908599,-0.016921567,0.012722647,0.017063351,-0.008980691,12.0,199.0,165.03677,167.10188,164.42216,165.08595,17969178.0,166.81671,172.03848,169.00105,165.81364,163.81984,-0.89572114,0.004789632,0.00029794758,0.012513071,-0.0037241175,12.0,200.0,165.92183,167.17564,162.82416,164.05339,14479922.0,166.12834,171.31734,169.58862,166.25815,164.2345,-0.8812332,0.005362778,-0.011260982,0.0075566387,-0.018669486,12.0,201.0,167.51984,169.63411,166.41353,166.80687,22991068.0,165.96117,170.22578,170.26839,166.96619,164.7098,-0.8550745,0.009631085,-0.0042559793,0.012621038,-0.0066040503,12.0
198.0,164.25008,167.05273,162.775,166.33977,19821156.0,167.58374,172.02701,168.40733,165.35342,163.356,-0.908599,-0.016921567,0.012722647,0.017063351,-0.008980691,12.0,199.0,165.03677,167.10188,164.42216,165.08595,17969178.0,166.81671,172.03848,169.00105,165.81364,163.81984,-0.89572114,0.004789632,0.00029794758,0.012513071,-0.0037241175,12.0,200.0,165.92183,167.17564,162.82416,164.05339,14479922.0,166.12834,171.31734,169.58862,166.25815,164.2345,-0.8812332,0.005362778,-0.011260982,0.0075566387,-0.018669486,12.0,201.0,167.51984,169.63411,166.41353,166.80687,22991068.0,165.96117,170.22578,170.26839,166.96619,164.7098,-0.8550745,0.009631085,-0.0042559793,0.012621038,-0.0066040503,12.0,202.0,164.61884,168.0361,164.07799,168.0361,9662266.0,165.46947,168.8261,170.28929,167.37724,165.00974,-0.9025626,-0.017317358,0.0207587,0.0207587,-0.003285471,12.0
199.0,165.03677,167.10188,164.42216,165.08595,17969178.0,166.81671,172.03848,169.00105,165.81364,163.81984,-0.89572114,0.004789632,0.00029794758,0.012513071,-0.0037241175,12.0,200.0,165.92183,167.17564,162.82416,164.05339,14479922.0,166.12834,171.31734,169.58862,166.25815,164.2345,-0.8812332,0.005362778,-0.011260982,0.0075566387,-0.018669486,12.0,201.0,167.51984,169.63411,166.41353,166.80687,22991068.0,165.96117,170.22578,170.26839,166.96619,164.7098,-0.8550745,0.009631085,-0.0042559793,0.012621038,-0.0066040503,12.0,202.0,164.61884,168.0361,164.07799,168.0361,9662266.0,165.46947,168.8261,170.28929,167.37724,165.00974,-0.9025626,-0.017317358,0.0207587,0.0207587,-0.003285471,12.0,203.0,165.03677,166.90521,163.56169,164.96303,9515596.0,165.62682,167.50508,170.42696,167.85123,165.39899,-0.89572114,0.002538824,-0.0004468759,0.011321371,-0.008937882,12.0
200.0,165.92183,167.17564,162.82416,164.05339,14479922.0,166.12834,171.31734,169.58862,166.25815,164.2345,-0.8812332,0.005362778,-0.011260982,0.0075566387,-0.018669486,12.0,201.0,167.51984,169.63411,166.41353,166.80687,22991068.0,165.96117,170.22578,170.26839,166.96619,164.7098,-0.8550745,0.009631085,-0.0042559793,0.012621038,-0.0066040503,12.0,202.0,164.61884,168.0361,164.07799,168.0361,9662266.0,165.46947,168.8261,170.28929,167.37724,165.00974,-0.9025626,-0.017317358,0.0207587,0.0207587,-0.003285471,12.0,203.0,165.03677,166.90521,163.56169,164.96303,9515596.0,165.62682,167.50508,170.42696,167.85123,165.39899,-0.89572114,0.002538824,-0.0004468759,0.011321371,-0.008937882,12.0,204.0,168.62614,172.85469,165.94641,166.19226,30763800.0,166.34468,167.25923,170.61504,168.46977,165.90216,-0.8369648,0.021748915,-0.014433626,0.02507647,-0.015891565,12.0
201.0,167.51984,169.63411,166.41353,166.80687,22991068.0,165.96117,170.22578,170.26839,166.96619,164.7098,-0.8550745,0.009631085,-0.0042559793,0.012621038,-0.0066040503,12.0,202.0,164.61884,168.0361,164.07799,168.0361,9662266.0,165.46947,168.8261,170.28929,167.37724,165.00974,-0.9025626,-0.017317358,0.0207587,0.0207587,-0.003285471,12.0,203.0,165.03677,166.90521,163.56169,164.96303,9515596.0,165.62682,167.50508,170.42696,167.85123,165.39899,-0.89572114,0.002538824,-0.0004468759,0.011321371,-0.008937882,12.0,204.0,168.62614,172.85469,165.94641,166.19226,30763800.0,166.34468,167.25923,170.61504,168.46977,165.90216,-0.8369648,0.021748915,-0.014433626,0.02507647,-0.015891565,12.0,205.0,169.83078,171.60088,169.16699,171.08461,11204872.0,167.12648,167.38379,170.26962,169.09619,166.40286,-0.8172454,0.007143825,0.007382798,0.010422716,-0.0039085294,12.0
202.0,164.61884,168.0361,164.07799,168.0361,9662266.0,165.46947,168.8261,170.28929,167.37724,165.00974,-0.9025626,-0.017317358,0.0207587,0.0207587,-0.003285471,12.0,203.0,165.03677,166.90521,163.56169,164.96303,9515596.0,165.62682,167.50508,170.42696,167.85123,165.39899,-0.89572114,0.002538824,-0.0004468759,0.011321371,-0.008937882,12.0,204.0,168.62614,172.85469,165.94641,166.19226,30763800.0,166.34468,167.25923,170.61504,168.46977,165.90216,-0.8369648,0.021748915,-0.014433626,0.02507647,-0.015891565,12.0,205.0,169.83078,171.60088,169.16699,171.08461,11204872.0,167.12648,167.38379,170.26962,169.09619,166.40286,-0.8172454,0.007143825,0.007382798,0.010422716,-0.0039085294,12.0,206.0,170.00285,171.60086,168.84737,170.19952,10915586.0,167.62308,167.58374,169.5751,169.73933,167.07567,-0.8144287,0.0010132048,0.0011568876,0.0093998555,-0.0067968364,12.0
203.0,165.03677,166.90521,163.56169,164.96303,9515596.0,165.62682,167.50508,170.42696,167.85123,165.39899,-0.89572114,0.002538824,-0.0004468759,0.011321371,-0.008937882,12.0,204.0,168.62614,172.85469,165.94641,166.19226,30763800.0,166.34468,167.25923,170.61504,168.46977,165.90216,-0.8369648,0.021748915,-0.014433626,0.02507647,-0.015891565,12.0,205.0,169.83078,171.60088,169.16699,171.08461,11204872.0,167.12648,167.38379,170.26962,169.09619,166.40286,-0.8172454,0.007143825,0.007382798,0.010422716,-0.0039085294,12.0,206.0,170.00285,171.60086,168.84737,170.19952,10915586.0,167.62308,167.58374,169.5751,169.73933,167.07567,-0.8144287,0.0010132048,0.0011568876,0.0093998555,-0.0067968364,12.0,207.0,173.05138,173.4693,170.6175,172.09258,14214570.0,169.30959,167.87056,168.94696,170.09335,167.6993,-0.7645258,0.017932188,-0.0055405945,0.0024150463,-0.014064532,12.0
204.0,168.62614,172.85469,165.94641,166.19226,30763800.0,166.34468,167.25923,170.61504,168.46977,165.90216,-0.8369648,0.021748915,-0.014433626,0.02507647,-0.015891565,12.0,205.0,169.83078,171.60088,169.16699,171.08461,11204872.0,167.12648,167.38379,170.26962,169.09619,166.40286,-0.8172454,0.007143825,0.007382798,0.010422716,-0.0039085294,12.0,206.0,170.00285,171.60086,168.84737,170.19952,10915586.0,167.62308,167.58374,169.5751,169.73933,167.07567,-0.8144287,0.0010132048,0.0011568876,0.0093998555,-0.0067968364,12.0,207.0,173.05138,173.4693,170.6175,172.09258,14214570.0,169.30959,167.87056,168.94696,170.09335,167.6993,-0.7645258,0.017932188,-0.0055405945,0.0024150463,-0.014064532,12.0,208.0,168.30653,172.46135,167.74109,172.46135,18099240.0,169.96353,167.7247,168.11969,170.33427,168.20328,-0.84219664,-0.027418694,0.024685984,0.024685984,-0.0033596084,12.0
205.0,169.83078,171.60088,169.16699,171.08461,11204872.0,167.12648,167.38379,170.26962,169.09619,166.40286,-0.8172454,0.007143825,0.007382798,0.010422716,-0.0039085294,12.0,206.0,170.00285,171.60086,168.84737,170.19952,10915586.0,167.62308,167.58374,169.5751,169.73933,167.07567,-0.8144287,0.0010132048,0.0011568876,0.0093998555,-0.0067968364,12.0,207.0,173.05138,173.4693,170.6175,172.09258,14214570.0,169.30959,167.87056,168.94696,170.09335,167.6993,-0.7645258,0.017932188,-0.0055405945,0.0024150463,-0.014064532,12.0,208.0,168.30653,172.46135,167.74109,172.46135,18099240.0,169.96353,167.7247,168.11969,170.33427,168.20328,-0.84219664,-0.027418694,0.024685984,0.024685984,-0.0033596084,12.0,209.0,170.49457,170.98627,167.91318,169.38826,15275758.0,170.33722,167.83287,168.02873,170.55948,168.78102,-0.80637956,0.013000292,-0.0064888247,0.002883922,-0.015140591,12.0
206.0,170.00285,171.60086,168.84737,170.19952,10915586.0,167.62308,167.58374,169.5751,169.73933,167.07567,-0.8144287,0.0010132048,0.0011568876,0.0093998555,-0.0067968364,12.0,207.0,173.05138,173.4693,170.6175,172.09258,14214570.0,169.30959,167.87056,168.94696,170.09335,167.6993,-0.7645258,0.017932188,-0.0055405945,0.0024150463,-0.014064532,12.0,208.0,168.30653,172.46135,167.74109,172.46135,18099240.0,169.96353,167.7247,168.11969,170.33427,168.20328,-0.84219664,-0.027418694,0.024685984,0.024685984,-0.0033596084,12.0,209.0,170.49457,170.98627,167.91318,169.38826,15275758.0,170.33722,167.83287,168.02873,170.55948,168.78102,-0.80637956,0.013000292,-0.0064888247,0.002883922,-0.015140591,12.0,210.0,169.90454,172.43677,169.28993,171.10919,10228848.0,170.35197,167.86893,168.12584,170.28609,169.3055,-0.816038,-0.0034606783,0.0070901816,0.014903848,-0.0036174217,12.0
207.0,173.05138,173.4693,170.6175,172.09258,14214570.0,169.30959,167.87056,168.94696,170.09335,167.6993,-0.7645258,0.017932188,-0.0055405945,0.0024150463,-0.014064532,12.0,208.0,168.30653,172.46135,167.74109,172.46135,18099240.0,169.96353,167.7247,168.11969,170.33427,168.20328,-0.84219664,-0.027418694,0.024685984,0.024685984,-0.0033596084,12.0,209.0,170.49457,170.98627,167.91318,169.38826,15275758.0,170.33722,167.83287,168.02873,170.55948,168.78102,-0.80637956,0.013000292,-0.0064888247,0.002883922,-0.015140591,12.0,210.0,169.90454,172.43677,169.28993,171.10919,10228848.0,170.35197,167.86893,168.12584,170.28609,169.3055,-0.816038,-0.0034606783,0.0070901816,0.014903848,-0.0036174217,12.0,211.0,169.21616,170.24872,168.5032,169.38824,9455776.0,170.19464,167.92628,168.23647,169.699,169.81522,-0.82730657,-0.0040515987,0.0010170161,0.0061020083,-0.004213226,12.0
208.0,168.30653,172.46135,167.74109,172.46135,18099240.0,169.96353,167.7247,168.11969,170.33427,168.20328,-0.84219664,-0.027418694,0.024685984,0.024685984,-0.0033596084,12.0,209.0,170.49457,170.98627,167.91318,169.38826,15275758.0,170.33722,167.83287,168.02873,170.55948,168.78102,-0.80637956,0.013000292,-0.0064888247,0.002883922,-0.015140591,12.0,210.0,169.90454,172.43677,169.28993,171.10919,10228848.0,170.35197,167.86893,168.12584,170.28609,169.3055,-0.816038,-0.0034606783,0.0070901816,0.014903848,-0.0036174217,12.0,211.0,169.21616,170.24872,168.5032,169.38824,9455776.0,170.19464,167.92628,168.23647,169.699,169.81522,-0.82730657,-0.0040515987,0.0010170161,0.0061020083,-0.004213226,12.0,212.0,169.85538,170.88792,168.69989,170.69125,1498484.0,169.55544,168.1115,168.29178,169.06866,170.0037,-0.8168428,0.0037775424,0.0049210642,0.0060789566,-0.0068027386,12.0
209.0,170.49457,170.98627,167.91318,169.38826,15275758.0,170.33722,167.83287,168.02873,170.55948,168.78102,-0.80637956,0.013000292,-0.0064888247,0.002883922,-0.015140591,12.0,210.0,169.90454,172.43677,169.28993,171.10919,10228848.0,170.35197,167.86893,168.12584,170.28609,169.3055,-0.816038,-0.0034606783,0.0070901816,0.014903848,-0.0036174217,12.0,211.0,169.21616,170.24872,168.5032,169.38824,9455776.0,170.19464,167.92628,168.23647,169.699,169.81522,-0.82730657,-0.0040515987,0.0010170161,0.0061020083,-0.004213226,12.0,212.0,169.85538,170.88792,168.69989,170.69125,1498484.0,169.55544,168.1115,168.29178,169.06866,170.0037,-0.8168428,0.0037775424,0.0049210642,0.0060789566,-0.0068027386,12.0,213.0,171.45337,172.33841,168.9949,170.61748,13307668.0,170.1848,168.59172,168.33972,168.53271,170.30937,-0.7906844,0.009407956,-0.0048752856,0.005161995,-0.014338973,12.0
210.0,169.90454,172.43677,169.28993,171.10919,10228848.0,170.35197,167.86893,168.12584,170.28609,169.3055,-0.816038,-0.0034606783,0.0070901816,0.014903848,-0.0036174217,12.0,211.0,169.21616,170.24872,168.5032,169.38824,9455776.0,170.19464,167.92628,168.23647,169.699,169.81522,-0.82730657,-0.0040515987,0.0010170161,0.0061020083,-0.004213226,12.0,212.0,169.85538,170.88792,168.69989,170.69125,1498484.0,169.55544,168.1115,168.29178,169.06866,170.0037,-0.8168428,0.0037775424,0.0049210642,0.0060789566,-0.0068027386,12.0,213.0,171.45337,172.33841,168.9949,170.61748,13307668.0,170.1848,168.59172,168.33972,168.53271,170.30937,-0.7906844,0.009407956,-0.0048752856,0.005161995,-0.014338973,12.0,214.0,169.78162,173.24806,168.06068,171.96965,14815616.0,170.0422,168.90804,168.38521,168.43143,170.47327,-0.81805027,-0.009750482,0.01288738,0.020417083,-0.0101361135,12.0
211.0,169.21616,170.24872,168.5032,169.38824,9455776.0,170.19464,167.92628,168.23647,169.699,169.81522,-0.82730657,-0.0040515987,0.0010170161,0.0061020083,-0.004213226,12.0,212.0,169.85538,170.88792,168.69989,170.69125,1498484.0,169.55544,168.1115,168.29178,169.06866,170.0037,-0.8168428,0.0037775424,0.0049210642,0.0060789566,-0.0068027386,12.0,213.0,171.45337,172.33841,168.9949,170.61748,13307668.0,170.1848,168.59172,168.33972,168.53271,170.30937,-0.7906844,0.009407956,-0.0048752856,0.005161995,-0.014338973,12.0,214.0,169.78162,173.24806,168.06068,171.96965,14815616.0,170.0422,168.90804,168.38521,168.43143,170.47327,-0.81805027,-0.009750482,0.01288738,0.020417083,-0.0101361135,12.0,215.0,168.45404,171.84673,167.96234,170.96169,22113702.0,169.7521,169.07686,168.33972,168.4511,170.1971,-0.83978206,-0.007819314,0.014886182,0.020140087,-0.0029188558,12.0
212.0,169.85538,170.88792,168.69989,170.69125,1498484.0,169.55544,168.1115,168.29178,169.06866,170.0037,-0.8168428,0.0037775424,0.0049210642,0.0060789566,-0.0068027386,12.0,213.0,171.45337,172.33841,168.9949,170.61748,13307668.0,170.1848,168.59172,168.33972,168.53271,170.30937,-0.7906844,0.009407956,-0.0048752856,0.005161995,-0.014338973,12.0,214.0,169.78162,173.24806,168.06068,171.96965,14815616.0,170.0422,168.90804,168.38521,168.43143,170.47327,-0.81805027,-0.009750482,0.01288738,0.020417083,-0.0101361135,12.0,215.0,168.45404,171.84673,167.96234,170.96169,22113702.0,169.7521,169.07686,168.33972,168.4511,170.1971,-0.83978206,-0.007819314,0.014886182,0.020140087,-0.0029188558,12.0,216.0,170.27328,171.35501,168.1836,169.04405,12362786.0,169.96353,169.26042,168.43561,168.58188,169.7431,-0.81000185,0.010799648,-0.0072191744,0.006352909,-0.012272596,12.0
213.0,171.45337,172.33841,168.9949,170.61748,13307668.0,170.1848,168.59172,168.33972,168.53271,170.30937,-0.7906844,0.009407956,-0.0048752856,0.005161995,-0.014338973,12.0,214.0,169.78162,173.24806,168.06068,171.96965,14815616.0,170.0422,168.90804,168.38521,168.43143,170.47327,-0.81805027,-0.009750482,0.01288738,0.020417083,-0.0101361135,12.0,215.0,168.45404,171.84673,167.96234,170.96169,22113702.0,169.7521,169.07686,168.33972,168.4511,170.1971,-0.83978206,-0.007819314,0.014886182,0.020140087,-0.0029188558,12.0,216.0,170.27328,171.35501,168.1836,169.04405,12362786.0,169.96353,169.26042,168.43561,168.58188,169.7431,-0.81000185,0.010799648,-0.0072191744,0.006352909,-0.012272596,12.0,217.0,174.96898,175.7311,170.1258,171.10919,20666694.0,170.98625,169.95042,168.83018,168.83067,169.38826,-0.73313546,0.027577396,-0.022059873,0.0043557333,-0.027680218,12.0
214.0,169.78162,173.24806,168.06068,171.96965,14815616.0,170.0422,168.90804,168.38521,168.43143,170.47327,-0.81805027,-0.009750482,0.01288738,0.020417083,-0.0101361135,12.0,215.0,168.45404,171.84673,167.96234,170.96169,22113702.0,169.7521,169.07686,168.33972,168.4511,170.1971,-0.83978206,-0.007819314,0.014886182,0.020140087,-0.0029188558,12.0,216.0,170.27328,171.35501,168.1836,169.04405,12362786.0,169.96353,169.26042,168.43561,168.58188,169.7431,-0.81000185,0.010799648,-0.0072191744,0.006352909,-0.012272596,12.0,217.0,174.96898,175.7311,170.1258,171.10919,20666694.0,170.98625,169.95042,168.83018,168.83067,169.38826,-0.73313546,0.027577396,-0.022059873,0.0043557333,-0.027680218,12.0,218.0,174.79688,177.69786,174.55103,176.5178,20184882.0,171.65495,170.6011,169.35753,169.00278,169.05309,-0.73595273,-0.0009836251,0.0098452885,0.016596327,-0.0014064697,12.0
215.0,168.45404,171.84673,167.96234,170.96169,22113702.0,169.7521,169.07686,168.33972,168.4511,170.1971,-0.83978206,-0.007819314,0.014886182,0.020140087,-0.0029188558,12.0,216.0,170.27328,171.35501,168.1836,169.04405,12362786.0,169.96353,169.26042,168.43561,168.58188,169.7431,-0.81000185,0.010799648,-0.0072191744,0.006352909,-0.012272596,12.0,217.0,174.96898,175.7311,170.1258,171.10919,20666694.0,170.98625,169.95042,168.83018,168.83067,169.38826,-0.73313546,0.027577396,-0.022059873,0.0043557333,-0.027680218,12.0,218.0,174.79688,177.69786,174.55103,176.5178,20184882.0,171.65495,170.6011,169.35753,169.00278,169.05309,-0.73595273,-0.0009836251,0.0098452885,0.016596327,-0.0014064697,12.0,219.0,172.09258,176.41946,171.8713,175.97694,13624676.0,172.11716,170.8322,169.71031,169.13159,169.04572,-0.7802209,-0.0154711,0.022571411,0.025142822,-0.0012857491,12.0
216.0,170.27328,171.35501,168.1836,169.04405,12362786.0,169.96353,169.26042,168.43561,168.58188,169.7431,-0.81000185,0.010799648,-0.0072191744,0.006352909,-0.012272596,12.0,217.0,174.96898,175.7311,170.1258,171.10919,20666694.0,170.98625,169.95042,168.83018,168.83067,169.38826,-0.73313546,0.027577396,-0.022059873,0.0043557333,-0.027680218,12.0,218.0,174.79688,177.69786,174.55103,176.5178,20184882.0,171.65495,170.6011,169.35753,169.00278,169.05309,-0.73595273,-0.0009836251,0.0098452885,0.016596327,-0.0014064697,12.0,219.0,172.09258,176.41946,171.8713,175.97694,13624676.0,172.11716,170.8322,169.71031,169.13159,169.04572,-0.7802209,-0.0154711,0.022571411,0.025142822,-0.0012857491,12.0,220.0,174.47728,175.2394,170.71584,172.58426,14732740.0,173.3218,171.14197,170.13809,169.33614,169.26288,-0.74118435,0.013857103,-0.010849671,0.0043680086,-0.021558387,12.0
217.0,174.96898,175.7311,170.1258,171.10919,20666694.0,170.98625,169.95042,168.83018,168.83067,169.38826,-0.73313546,0.027577396,-0.022059873,0.0043557333,-0.027680218,12.0,218.0,174.79688,177.69786,174.55103,176.5178,20184882.0,171.65495,170.6011,169.35753,169.00278,169.05309,-0.73595273,-0.0009836251,0.0098452885,0.016596327,-0.0014064697,12.0,219.0,172.09258,176.41946,171.8713,175.97694,13624676.0,172.11716,170.8322,169.71031,169.13159,169.04572,-0.7802209,-0.0154711,0.022571411,0.025142822,-0.0012857491,12.0,220.0,174.47728,175.2394,170.71584,172.58426,14732740.0,173.3218,171.14197,170.13809,169.33614,169.26288,-0.74118435,0.013857103,-0.010849671,0.0043680086,-0.021558387,12.0,221.0,172.33841,175.78026,171.03543,174.47728,24804168.0,173.73482,171.29767,170.37901,169.49545,169.4407,-0.7761967,-0.012258732,0.012410859,0.01997147,-0.0075606103,12.0
218.0,174.79688,177.69786,174.55103,176.5178,20184882.0,171.65495,170.6011,169.35753,169.00278,169.05309,-0.73595273,-0.0009836251,0.0098452885,0.016596327,-0.0014064697,12.0,219.0,172.09258,176.41946,171.8713,175.97694,13624676.0,172.11716,170.8322,169.71031,169.13159,169.04572,-0.7802209,-0.0154711,0.022571411,0.025142822,-0.0012857491,12.0,220.0,174.47728,175.2394,170.71584,172.58426,14732740.0,173.3218,171.14197,170.13809,169.33614,169.26288,-0.74118435,0.013857103,-0.010849671,0.0043680086,-0.021558387,12.0,221.0,172.33841,175.78026,171.03543,174.47728,24804168.0,173.73482,171.29767,170.37901,169.49545,169.4407,-0.7761967,-0.012258732,0.012410859,0.01997147,-0.0075606103,12.0,222.0,173.49391,174.01018,170.24873,173.42017,21387134.0,173.4398,171.32716,170.82277,169.7521,169.59886,-0.75728166,0.006704845,-0.00042509253,0.0029757342,-0.018704848,12.0
219.0,172.09258,176.41946,171.8713,175.97694,13624676.0,172.11716,170.8322,169.71031,169.13159,169.04572,-0.7802209,-0.0154711,0.022571411,0.025142822,-0.0012857491,12.0,220.0,174.47728,175.2394,170.71584,172.58426,14732740.0,173.3218,171.14197,170.13809,169.33614,169.26288,-0.74118435,0.013857103,-0.010849671,0.0043680086,-0.021558387,12.0,221.0,172.33841,175.78026,171.03543,174.47728,24804168.0,173.73482,171.29767,170.37901,169.49545,169.4407,-0.7761967,-0.012258732,0.012410859,0.01997147,-0.0075606103,12.0,222.0,173.49391,174.01018,170.24873,173.42017,21387134.0,173.4398,171.32716,170.82277,169.7521,169.59886,-0.75728166,0.006704845,-0.00042509253,0.0029757342,-0.018704848,12.0,223.0,176.46863,177.157,174.15768,174.28061,18868154.0,173.77415,171.8713,171.39436,170.24086,169.798,-0.70858693,0.01714594,-0.012398946,0.003900791,-0.013095519,12.0
220.0,174.47728,175.2394,170.71584,172.58426,14732740.0,173.3218,171.14197,170.13809,169.33614,169.26288,-0.74118435,0.013857103,-0.010849671,0.0043680086,-0.021558387,12.0,221.0,172.33841,175.78026,171.03543,174.47728,24804168.0,173.73482,171.29767,170.37901,169.49545,169.4407,-0.7761967,-0.012258732,0.012410859,0.01997147,-0.0075606103,12.0,222.0,173.49391,174.01018,170.24873,173.42017,21387134.0,173.4398,171.32716,170.82277,169.7521,169.59886,-0.75728166,0.006704845,-0.00042509253,0.0029757342,-0.018704848,12.0,223.0,176.46863,177.157,174.15768,174.28061,18868154.0,173.77415,171.8713,171.39436,170.24086,169.798,-0.70858693,0.01714594,-0.012398946,0.003900791,-0.013095519,12.0,224.0,177.157,178.97627,176.02611,178.97627,21394090.0,174.78705,172.31548,171.8209,170.72566,170.07417,-0.6973186,0.0039008053,0.010269254,0.010269254,-0.0063835355,12.0
221.0,172.33841,175.78026,171.03543,174.47728,24804168.0,173.73482,171.29767,170.37901,169.49545,169.4407,-0.7761967,-0.012258732,0.012410859,0.01997147,-0.0075606103,12.0,222.0,173.49391,174.01018,170.24873,173.42017,21387134.0,173.4398,171.32716,170.82277,169.7521,169.59886,-0.75728166,0.006704845,-0.00042509253,0.0029757342,-0.018704848,12.0,223.0,176.46863,177.157,174.15768,174.28061,18868154.0,173.77415,171.8713,171.39436,170.24086,169.798,-0.70858693,0.01714594,-0.012398946,0.003900791,-0.013095519,12.0,224.0,177.157,178.97627,176.02611,178.97627,21394090.0,174.78705,172.31548,171.8209,170.72566,170.07417,-0.6973186,0.0039008053,0.010269254,0.010269254,-0.0063835355,12.0,225.0,177.40286,178.18958,176.51782,177.55038,14854786.0,175.37216,172.81535,172.19951,171.1849,170.34215,-0.6932939,0.0013878361,0.00083153637,0.004434607,-0.00498888,12.0
222.0,173.49391,174.01018,170.24873,173.42017,21387134.0,173.4398,171.32716,170.82277,169.7521,169.59886,-0.75728166,0.006704845,-0.00042509253,0.0029757342,-0.018704848,12.0,223.0,176.46863,177.157,174.15768,174.28061,18868154.0,173.77415,171.8713,171.39436,170.24086,169.798,-0.70858693,0.01714594,-0.012398946,0.003900791,-0.013095519,12.0,224.0,177.157,178.97627,176.02611,178.97627,21394090.0,174.78705,172.31548,171.8209,170.72566,170.07417,-0.6973186,0.0039008053,0.010269254,0.010269254,-0.0063835355,12.0,225.0,177.40286,178.18958,176.51782,177.55038,14854786.0,175.37216,172.81535,172.19951,171.1849,170.34215,-0.6932939,0.0013878361,0.00083153637,0.004434607,-0.00498888,12.0,226.0,176.24739,178.36166,175.78027,177.99289,16784766.0,176.15396,173.2841,172.51173,171.53401,170.6052,-0.71220845,-0.0065132645,0.009903718,0.01199606,-0.0026503338,12.0
223.0,176.46863,177.157,174.15768,174.28061,18868154.0,173.77415,171.8713,171.39436,170.24086,169.798,-0.70858693,0.01714594,-0.012398946,0.003900791,-0.013095519,12.0,224.0,177.157,178.97627,176.02611,178.97627,21394090.0,174.78705,172.31548,171.8209,170.72566,170.07417,-0.6973186,0.0039008053,0.010269254,0.010269254,-0.0063835355,12.0,225.0,177.40286,178.18958,176.51782,177.55038,14854786.0,175.37216,172.81535,172.19951,171.1849,170.34215,-0.6932939,0.0013878361,0.00083153637,0.004434607,-0.00498888,12.0,226.0,176.24739,178.36166,175.78027,177.99289,16784766.0,176.15396,173.2841,172.51173,171.53401,170.6052,-0.71220845,-0.0065132645,0.009903718,0.01199606,-0.0026503338,12.0,227.0,178.82877,179.46796,176.22278,177.157,23626602.0,177.22093,173.88234,172.80061,172.1024,170.99692,-0.6699525,0.014646317,-0.009348431,0.0035743408,-0.014572499,12.0
224.0,177.157,178.97627,176.02611,178.97627,21394090.0,174.78705,172.31548,171.8209,170.72566,170.07417,-0.6973186,0.0039008053,0.010269254,0.010269254,-0.0063835355,12.0,225.0,177.40286,178.18958,176.51782,177.55038,14854786.0,175.37216,172.81535,172.19951,171.1849,170.34215,-0.6932939,0.0013878361,0.00083153637,0.004434607,-0.00498888,12.0,226.0,176.24739,178.36166,175.78027,177.99289,16784766.0,176.15396,173.2841,172.51173,171.53401,170.6052,-0.71220845,-0.0065132645,0.009903718,0.01199606,-0.0026503338,12.0,227.0,178.82877,179.46796,176.22278,177.157,23626602.0,177.22093,173.88234,172.80061,172.1024,170.99692,-0.6699525,0.014646317,-0.009348431,0.0035743408,-0.014572499,12.0,228.0,176.76366,180.82013,175.78027,180.82013,36275376.0,177.27994,174.23636,173.22346,172.57147,171.41403,-0.7037574,-0.011547971,0.022948539,0.022948539,-0.0055632824,12.0
225.0,177.40286,178.18958,176.51782,177.55038,14854786.0,175.37216,172.81535,172.19951,171.1849,170.34215,-0.6932939,0.0013878361,0.00083153637,0.004434607,-0.00498888,12.0,226.0,176.24739,178.36166,175.78027,177.99289,16784766.0,176.15396,173.2841,172.51173,171.53401,170.6052,-0.71220845,-0.0065132645,0.009903718,0.01199606,-0.0026503338,12.0,227.0,178.82877,179.46796,176.22278,177.157,23626602.0,177.22093,173.88234,172.80061,172.1024,170.99692,-0.6699525,0.014646317,-0.009348431,0.0035743408,-0.014572499,12.0,228.0,176.76366,180.82013,175.78027,180.82013,36275376.0,177.27994,174.23636,173.22346,172.57147,171.41403,-0.7037574,-0.011547971,0.022948539,0.022948539,-0.0055632824,12.0,229.0,174.99355,176.02611,173.44472,175.14107,13794794.0,176.84724,174.58382,173.44841,172.82617,171.74593,-0.7327333,-0.010013999,0.0008429849,0.005900551,-0.008850784,12.0
226.0,176.24739,178.36166,175.78027,177.99289,16784766.0,176.15396,173.2841,172.51173,171.53401,170.6052,-0.71220845,-0.0065132645,0.009903718,0.01199606,-0.0026503338,12.0,227.0,178.82877,179.46796,176.22278,177.157,23626602.0,177.22093,173.88234,172.80061,172.1024,170.99692,-0.6699525,0.014646317,-0.009348431,0.0035743408,-0.014572499,12.0,228.0,176.76366,180.82013,175.78027,180.82013,36275376.0,177.27994,174.23636,173.22346,172.57147,171.41403,-0.7037574,-0.011547971,0.022948539,0.022948539,-0.0055632824,12.0,229.0,174.99355,176.02611,173.44472,175.14107,13794794.0,176.84724,174.58382,173.44841,172.82617,171.74593,-0.7327333,-0.010013999,0.0008429849,0.005900551,-0.008850784,12.0,230.0,173.81349,177.00949,173.39555,175.7311,11727232.0,176.12936,174.94112,173.64386,172.98549,172.00899,-0.7520503,-0.006743413,0.011032514,0.018387552,-0.0024045433,12.0
227.0,178.82877,179.46796,176.22278,177.157,23626602.0,177.22093,173.88234,172.80061,172.1024,170.99692,-0.6699525,0.014646317,-0.009348431,0.0035743408,-0.014572499,12.0,228.0,176.76366,180.82013,175.78027,180.82013,36275376.0,177.27994,174.23636,173.22346,172.57147,171.41403,-0.7037574,-0.011547971,0.022948539,0.022948539,-0.0055632824,12.0,229.0,174.99355,176.02611,173.44472,175.14107,13794794.0,176.84724,174.58382,173.44841,172.82617,171.74593,-0.7327333,-0.010013999,0.0008429849,0.005900551,-0.008850784,12.0,230.0,173.81349,177.00949,173.39555,175.7311,11727232.0,176.12936,174.94112,173.64386,172.98549,172.00899,-0.7520503,-0.006743413,0.011032514,0.018387552,-0.0024045433,12.0,231.0,171.77295,174.32974,170.66664,173.81348,23003678.0,175.23448,175.04109,173.7717,173.05629,172.15076,-0.785453,-0.01173984,0.011879186,0.014884734,-0.0064405324,12.0
228.0,176.76366,180.82013,175.78027,180.82013,36275376.0,177.27994,174.23636,173.22346,172.57147,171.41403,-0.7037574,-0.011547971,0.022948539,0.022948539,-0.0055632824,12.0,229.0,174.99355,176.02611,173.44472,175.14107,13794794.0,176.84724,174.58382,173.44841,172.82617,171.74593,-0.7327333,-0.010013999,0.0008429849,0.005900551,-0.008850784,12.0,230.0,173.81349,177.00949,173.39555,175.7311,11727232.0,176.12936,174.94112,173.64386,172.98549,172.00899,-0.7520503,-0.006743413,0.011032514,0.018387552,-0.0024045433,12.0,231.0,171.77295,174.32974,170.66664,173.81348,23003678.0,175.23448,175.04109,173.7717,173.05629,172.15076,-0.785453,-0.01173984,0.011879186,0.014884734,-0.0064405324,12.0,232.0,173.42017,174.0102,170.86336,171.7484,14463562.0,174.15276,174.93784,173.94994,173.07104,172.44412,-0.75848883,0.009589501,-0.00963999,0.003402273,-0.014743442,12.0
229.0,174.99355,176.02611,173.44472,175.14107,13794794.0,176.84724,174.58382,173.44841,172.82617,171.74593,-0.7327333,-0.010013999,0.0008429849,0.005900551,-0.008850784,12.0,230.0,173.81349,177.00949,173.39555,175.7311,11727232.0,176.12936,174.94112,173.64386,172.98549,172.00899,-0.7520503,-0.006743413,0.011032514,0.018387552,-0.0024045433,12.0,231.0,171.77295,174.32974,170.66664,173.81348,23003678.0,175.23448,175.04109,173.7717,173.05629,172.15076,-0.785453,-0.01173984,0.011879186,0.014884734,-0.0064405324,12.0,232.0,173.42017,174.0102,170.86336,171.7484,14463562.0,174.15276,174.93784,173.94994,173.07104,172.44412,-0.75848883,0.009589501,-0.00963999,0.003402273,-0.014743442,12.0,233.0,176.2228,176.49324,173.666,174.01018,13332544.0,174.04459,175.0329,174.18842,173.3877,172.817,-0.7126111,0.01616091,-0.012555804,0.0015346493,-0.014508878,12.0
230.0,173.81349,177.00949,173.39555,175.7311,11727232.0,176.12936,174.94112,173.64386,172.98549,172.00899,-0.7520503,-0.006743413,0.011032514,0.018387552,-0.0024045433,12.0,231.0,171.77295,174.32974,170.66664,173.81348,23003678.0,175.23448,175.04109,173.7717,173.05629,172.15076,-0.785453,-0.01173984,0.011879186,0.014884734,-0.0064405324,12.0,232.0,173.42017,174.0102,170.86336,171.7484,14463562.0,174.15276,174.93784,173.94994,173.07104,172.44412,-0.75848883,0.009589501,-0.00963999,0.003402273,-0.014743442,12.0,233.0,176.2228,176.49324,173.666,174.01018,13332544.0,174.04459,175.0329,174.18842,173.3877,172.817,-0.7126111,0.01616091,-0.012555804,0.0015346493,-0.014508878,12.0,234.0,175.48524,176.64073,174.79688,176.22278,8330742.0,174.14293,175.25908,174.47359,173.58731,173.04564,-0.7246844,-0.0041853203,0.004202858,0.006584495,-0.0039226506,12.0
231.0,171.77295,174.32974,170.66664,173.81348,23003678.0,175.23448,175.04109,173.7717,173.05629,172.15076,-0.785453,-0.01173984,0.011879186,0.014884734,-0.0064405324,12.0,232.0,173.42017,174.0102,170.86336,171.7484,14463562.0,174.15276,174.93784,173.94994,173.07104,172.44412,-0.75848883,0.009589501,-0.00963999,0.003402273,-0.014743442,12.0,233.0,176.2228,176.49324,173.666,174.01018,13332544.0,174.04459,175.0329,174.18842,173.3877,172.817,-0.7126111,0.01616091,-0.012555804,0.0015346493,-0.014508878,12.0,234.0,175.48524,176.64073,174.79688,176.22278,8330742.0,174.14293,175.25908,174.47359,173.58731,173.04564,-0.7246844,-0.0041853203,0.004202858,0.006584495,-0.0039226506,12.0,235.0,178.755,179.86131,175.78027,176.49323,34796160.0,175.13123,175.54425,174.98865,173.94133,173.34311,-0.67116,0.018632678,-0.012652938,0.00618897,-0.01664142,12.0
232.0,173.42017,174.0102,170.86336,171.7484,14463562.0,174.15276,174.93784,173.94994,173.07104,172.44412,-0.75848883,0.009589501,-0.00963999,0.003402273,-0.014743442,12.0,233.0,176.2228,176.49324,173.666,174.01018,13332544.0,174.04459,175.0329,174.18842,173.3877,172.817,-0.7126111,0.01616091,-0.012555804,0.0015346493,-0.014508878,12.0,234.0,175.48524,176.64073,174.79688,176.22278,8330742.0,174.14293,175.25908,174.47359,173.58731,173.04564,-0.7246844,-0.0041853203,0.004202858,0.006584495,-0.0039226506,12.0,235.0,178.755,179.86131,175.78027,176.49323,34796160.0,175.13123,175.54425,174.98865,173.94133,173.34311,-0.67116,0.018632678,-0.012652938,0.00618897,-0.01664142,12.0,236.0,174.03476,180.67262,171.28128,178.23872,19330126.0,175.58359,175.65735,175.17671,174.13408,173.47751,-0.7484282,-0.026406229,0.024155919,0.03814098,-0.01582146,12.0
233.0,176.2228,176.49324,173.666,174.01018,13332544.0,174.04459,175.0329,174.18842,173.3877,172.817,-0.7126111,0.01616091,-0.012555804,0.0015346493,-0.014508878,12.0,234.0,175.48524,176.64073,174.79688,176.22278,8330742.0,174.14293,175.25908,174.47359,173.58731,173.04564,-0.7246844,-0.0041853203,0.004202858,0.006584495,-0.0039226506,12.0,235.0,178.755,179.86131,175.78027,176.49323,34796160.0,175.13123,175.54425,174.98865,173.94133,173.34311,-0.67116,0.018632678,-0.012652938,0.00618897,-0.01664142,12.0,236.0,174.03476,180.67262,171.28128,178.23872,19330126.0,175.58359,175.65735,175.17671,174.13408,173.47751,-0.7484282,-0.026406229,0.024155919,0.03814098,-0.01582146,12.0,237.0,179.0746,179.81213,171.82213,174.05933,16372078.0,176.71448,176.02939,175.38199,174.50285,173.67828,-0.6659283,0.028958816,-0.028006623,0.004118616,-0.040499724,12.0
234.0,175.48524,176.64073,174.79688,176.22278,8330742.0,174.14293,175.25908,174.47359,173.58731,173.04564,-0.7246844,-0.0041853203,0.004202858,0.006584495,-0.0039226506,12.0,235.0,178.755,179.86131,175.78027,176.49323,34796160.0,175.13123,175.54425,174.98865,173.94133,173.34311,-0.67116,0.018632678,-0.012652938,0.00618897,-0.01664142,12.0,236.0,174.03476,180.67262,171.28128,178.23872,19330126.0,175.58359,175.65735,175.17671,174.13408,173.47751,-0.7484282,-0.026406229,0.024155919,0.03814098,-0.01582146,12.0,237.0,179.0746,179.81213,171.82213,174.05933,16372078.0,176.71448,176.02939,175.38199,174.50285,173.67828,-0.6659283,0.028958816,-0.028006623,0.004118616,-0.040499724,12.0,238.0,189.57225,190.58023,182.76231,183.8932,89748860.0,179.38437,176.90297,176.12076,175.2276,174.38713,-0.49408656,0.05862166,-0.029957173,0.0053171273,-0.035922647,12.0
235.0,178.755,179.86131,175.78027,176.49323,34796160.0,175.13123,175.54425,174.98865,173.94133,173.34311,-0.67116,0.018632678,-0.012652938,0.00618897,-0.01664142,12.0,236.0,174.03476,180.67262,171.28128,178.23872,19330126.0,175.58359,175.65735,175.17671,174.13408,173.47751,-0.7484282,-0.026406229,0.024155919,0.03814098,-0.01582146,12.0,237.0,179.0746,179.81213,171.82213,174.05933,16372078.0,176.71448,176.02939,175.38199,174.50285,173.67828,-0.6659283,0.028958816,-0.028006623,0.004118616,-0.040499724,12.0,238.0,189.57225,190.58023,182.76231,183.8932,89748860.0,179.38437,176.90297,176.12076,175.2276,174.38713,-0.49408656,0.05862166,-0.029957173,0.0053171273,-0.035922647,12.0,239.0,187.9251,190.13771,186.17958,190.01479,24480344.0,181.87234,177.62083,176.91238,175.95334,174.96815,-0.52104974,-0.008688802,0.011119832,0.01177394,-0.009288378,12.0
236.0,174.03476,180.67262,171.28128,178.23872,19330126.0,175.58359,175.65735,175.17671,174.13408,173.47751,-0.7484282,-0.026406229,0.024155919,0.03814098,-0.01582146,12.0,237.0,179.0746,179.81213,171.82213,174.05933,16372078.0,176.71448,176.02939,175.38199,174.50285,173.67828,-0.6659283,0.028958816,-0.028006623,0.004118616,-0.040499724,12.0,238.0,189.57225,190.58023,182.76231,183.8932,89748860.0,179.38437,176.90297,176.12076,175.2276,174.38713,-0.49408656,0.05862166,-0.029957173,0.0053171273,-0.035922647,12.0,239.0,187.9251,190.13771,186.17958,190.01479,24480344.0,181.87234,177.62083,176.91238,175.95334,174.96815,-0.52104974,-0.008688802,0.011119832,0.01177394,-0.009288378,12.0,240.0,188.26927,189.9902,187.82675,188.53972,9451758.0,183.77519,178.34526,177.60199,176.74596,175.5803,-0.5154157,0.0018314597,0.0014364542,0.009140768,-0.0023504673,12.0
237.0,179.0746,179.81213,171.82213,174.05933,16372078.0,176.71448,176.02939,175.38199,174.50285,173.67828,-0.6659283,0.028958816,-0.028006623,0.004118616,-0.040499724,12.0,238.0,189.57225,190.58023,182.76231,183.8932,89748860.0,179.38437,176.90297,176.12076,175.2276,174.38713,-0.49408656,0.05862166,-0.029957173,0.0053171273,-0.035922647,12.0,239.0,187.9251,190.13771,186.17958,190.01479,24480344.0,181.87234,177.62083,176.91238,175.95334,174.96815,-0.52104974,-0.008688802,0.011119832,0.01177394,-0.009288378,12.0,240.0,188.26927,189.9902,187.82675,188.53972,9451758.0,183.77519,178.34526,177.60199,176.74596,175.5803,-0.5154157,0.0018314597,0.0014364542,0.009140768,-0.0023504673,12.0,241.0,189.30183,192.00615,188.36761,188.81013,22918252.0,186.82861,179.21556,178.45016,177.5071,176.24983,-0.49851316,0.005484497,-0.0025974025,0.014285714,-0.004935049,12.0
238.0,189.57225,190.58023,182.76231,183.8932,89748860.0,179.38437,176.90297,176.12076,175.2276,174.38713,-0.49408656,0.05862166,-0.029957173,0.0053171273,-0.035922647,12.0,239.0,187.9251,190.13771,186.17958,190.01479,24480344.0,181.87234,177.62083,176.91238,175.95334,174.96815,-0.52104974,-0.008688802,0.011119832,0.01177394,-0.009288378,12.0,240.0,188.26927,189.9902,187.82675,188.53972,9451758.0,183.77519,178.34526,177.60199,176.74596,175.5803,-0.5154157,0.0018314597,0.0014364542,0.009140768,-0.0023504673,12.0,241.0,189.30183,192.00615,188.36761,188.81013,22918252.0,186.82861,179.21556,178.45016,177.5071,176.24983,-0.49851316,0.005484497,-0.0025974025,0.014285714,-0.004935049,12.0,242.0,189.0068,190.08853,188.2201,189.30182,14376870.0,188.81505,179.8941,179.2258,178.0686,176.88821,-0.5033426,-0.0015585094,0.00156089,0.005723237,-0.004162347,12.0
239.0,187.9251,190.13771,186.17958,190.01479,24480344.0,181.87234,177.62083,176.91238,175.95334,174.96815,-0.52104974,-0.008688802,0.011119832,0.01177394,-0.009288378,12.0,240.0,188.26927,189.9902,187.82675,188.53972,9451758.0,183.77519,178.34526,177.60199,176.74596,175.5803,-0.5154157,0.0018314597,0.0014364542,0.009140768,-0.0023504673,12.0,241.0,189.30183,192.00615,188.36761,188.81013,22918252.0,186.82861,179.21556,178.45016,177.5071,176.24983,-0.49851316,0.005484497,-0.0025974025,0.014285714,-0.004935049,12.0,242.0,189.0068,190.08853,188.2201,189.30182,14376870.0,188.81505,179.8941,179.2258,178.0686,176.88821,-0.5033426,-0.0015585094,0.00156089,0.005723237,-0.004162347,12.0,243.0,189.91644,190.58023,187.4334,187.4334,12789210.0,188.8839,180.77095,179.8982,178.67339,177.50365,-0.4884523,0.0048127235,-0.013074402,0.0034951614,-0.013074402,12.0
240.0,188.26927,189.9902,187.82675,188.53972,9451758.0,183.77519,178.34526,177.60199,176.74596,175.5803,-0.5154157,0.0018314597,0.0014364542,0.009140768,-0.0023504673,12.0,241.0,189.30183,192.00615,188.36761,188.81013,22918252.0,186.82861,179.21556,178.45016,177.5071,176.24983,-0.49851316,0.005484497,-0.0025974025,0.014285714,-0.004935049,12.0,242.0,189.0068,190.08853,188.2201,189.30182,14376870.0,188.81505,179.8941,179.2258,178.0686,176.88821,-0.5033426,-0.0015585094,0.00156089,0.005723237,-0.004162347,12.0,243.0,189.91644,190.58023,187.4334,187.4334,12789210.0,188.8839,180.77095,179.8982,178.67339,177.50365,-0.4884523,0.0048127235,-0.013074402,0.0034951614,-0.013074402,12.0,244.0,190.8261,192.12907,189.32642,189.32642,10084672.0,189.4641,181.82645,180.58165,179.42273,178.20514,-0.4735617,0.0047897524,-0.007858846,0.0068281214,-0.007858846,12.0
241.0,189.30183,192.00615,188.36761,188.81013,22918252.0,186.82861,179.21556,178.45016,177.5071,176.24983,-0.49851316,0.005484497,-0.0025974025,0.014285714,-0.004935049,12.0,242.0,189.0068,190.08853,188.2201,189.30182,14376870.0,188.81505,179.8941,179.2258,178.0686,176.88821,-0.5033426,-0.0015585094,0.00156089,0.005723237,-0.004162347,12.0,243.0,189.91644,190.58023,187.4334,187.4334,12789210.0,188.8839,180.77095,179.8982,178.67339,177.50365,-0.4884523,0.0048127235,-0.013074402,0.0034951614,-0.013074402,12.0,244.0,190.8261,192.12907,189.32642,189.32642,10084672.0,189.4641,181.82645,180.58165,179.42273,178.20514,-0.4735617,0.0047897524,-0.007858846,0.0068281214,-0.007858846,12.0,245.0,194.90714,195.66927,190.67857,191.7603,19511442.0,190.79166,183.2327,181.45686,180.23993,179.0869,-0.40675694,0.02138617,-0.016145293,0.003910238,-0.021695273,12.0
242.0,189.0068,190.08853,188.2201,189.30182,14376870.0,188.81505,179.8941,179.2258,178.0686,176.88821,-0.5033426,-0.0015585094,0.00156089,0.005723237,-0.004162347,12.0,243.0,189.91644,190.58023,187.4334,187.4334,12789210.0,188.8839,180.77095,179.8982,178.67339,177.50365,-0.4884523,0.0048127235,-0.013074402,0.0034951614,-0.013074402,12.0,244.0,190.8261,192.12907,189.32642,189.32642,10084672.0,189.4641,181.82645,180.58165,179.42273,178.20514,-0.4735617,0.0047897524,-0.007858846,0.0068281214,-0.007858846,12.0,245.0,194.90714,195.66927,190.67857,191.7603,19511442.0,190.79166,183.2327,181.45686,180.23993,179.0869,-0.40675694,0.02138617,-0.016145293,0.003910238,-0.021695273,12.0,246.0,199.77487,201.4958,193.4812,193.77623,50313496.0,192.88628,185.09949,182.63324,181.33739,180.07028,-0.32707432,0.024974646,-0.03002703,0.008614325,-0.031503785,12.0
243.0,189.91644,190.58023,187.4334,187.4334,12789210.0,188.8839,180.77095,179.8982,178.67339,177.50365,-0.4884523,0.0048127235,-0.013074402,0.0034951614,-0.013074402,12.0,244.0,190.8261,192.12907,189.32642,189.32642,10084672.0,189.4641,181.82645,180.58165,179.42273,178.20514,-0.4735617,0.0047897524,-0.007858846,0.0068281214,-0.007858846,12.0,245.0,194.90714,195.66927,190.67857,191.7603,19511442.0,190.79166,183.2327,181.45686,180.23993,179.0869,-0.40675694,0.02138617,-0.016145293,0.003910238,-0.021695273,12.0,246.0,199.77487,201.4958,193.4812,193.77623,50313496.0,192.88628,185.09949,182.63324,181.33739,180.07028,-0.32707432,0.024974646,-0.03002703,0.008614325,-0.031503785,12.0,247.0,199.82405,205.23268,198.2998,199.13568,44972600.0,195.04971,186.85976,183.683,182.3906,180.89879,-0.32626927,0.00024617248,-0.003444867,0.02706693,-0.0076279677,12.0
244.0,190.8261,192.12907,189.32642,189.32642,10084672.0,189.4641,181.82645,180.58165,179.42273,178.20514,-0.4735617,0.0047897524,-0.007858846,0.0068281214,-0.007858846,12.0,245.0,194.90714,195.66927,190.67857,191.7603,19511442.0,190.79166,183.2327,181.45686,180.23993,179.0869,-0.40675694,0.02138617,-0.016145293,0.003910238,-0.021695273,12.0,246.0,199.77487,201.4958,193.4812,193.77623,50313496.0,192.88628,185.09949,182.63324,181.33739,180.07028,-0.32707432,0.024974646,-0.03002703,0.008614325,-0.031503785,12.0,247.0,199.82405,205.23268,198.2998,199.13568,44972600.0,195.04971,186.85976,183.683,182.3906,180.89879,-0.32626927,0.00024617248,-0.003444867,0.02706693,-0.0076279677,12.0,248.0,199.99615,203.06923,198.57025,202.70047,24689510.0,197.06566,188.44464,184.84464,183.3317,181.73877,-0.323452,0.0008612771,0.013521819,0.015365704,-0.0071296715,12.0
245.0,194.90714,195.66927,190.67857,191.7603,19511442.0,190.79166,183.2327,181.45686,180.23993,179.0869,-0.40675694,0.02138617,-0.016145293,0.003910238,-0.021695273,12.0,246.0,199.77487,201.4958,193.4812,193.77623,50313496.0,192.88628,185.09949,182.63324,181.33739,180.07028,-0.32707432,0.024974646,-0.03002703,0.008614325,-0.031503785,12.0,247.0,199.82405,205.23268,198.2998,199.13568,44972600.0,195.04971,186.85976,183.683,182.3906,180.89879,-0.32626927,0.00024617248,-0.003444867,0.02706693,-0.0076279677,12.0,248.0,199.99615,203.06923,198.57025,202.70047,24689510.0,197.06566,188.44464,184.84464,183.3317,181.73877,-0.323452,0.0008612771,0.013521819,0.015365704,-0.0071296715,12.0,249.0,211.52635,212.73099,200.24199,200.36491,81986460.0,201.20572,190.84738,186.67126,184.70647,183.05322,-0.13470793,0.057652093,-0.05276618,0.005694983,-0.05334731,12.0
246.0,199.77487,201.4958,193.4812,193.77623,50313496.0,192.88628,185.09949,182.63324,181.33739,180.07028,-0.32707432,0.024974646,-0.03002703,0.008614325,-0.031503785,12.0,247.0,199.82405,205.23268,198.2998,199.13568,44972600.0,195.04971,186.85976,183.683,182.3906,180.89879,-0.32626927,0.00024617248,-0.003444867,0.02706693,-0.0076279677,12.0,248.0,199.99615,203.06923,198.57025,202.70047,24689510.0,197.06566,188.44464,184.84464,183.3317,181.73877,-0.323452,0.0008612771,0.013521819,0.015365704,-0.0071296715,12.0,249.0,211.52635,212.73099,200.24199,200.36491,81986460.0,201.20572,190.84738,186.67126,184.70647,183.05322,-0.13470793,0.057652093,-0.05276618,0.005694983,-0.05334731,12.0,250.0,219.68846,221.75359,213.88649,214.37819,94668030.0,206.16197,193.57628,188.96501,186.39789,184.56027,-0.0010979126,0.038586725,-0.024171863,0.009400207,-0.02641,12.0
247.0,199.82405,205.23268,198.2998,199.13568,44972600.0,195.04971,186.85976,183.683,182.3906,180.89879,-0.32626927,0.00024617248,-0.003444867,0.02706693,-0.0076279677,12.0,248.0,199.99615,203.06923,198.57025,202.70047,24689510.0,197.06566,188.44464,184.84464,183.3317,181.73877,-0.323452,0.0008612771,0.013521819,0.015365704,-0.0071296715,12.0,249.0,211.52635,212.73099,200.24199,200.36491,81986460.0,201.20572,190.84738,186.67126,184.70647,183.05322,-0.13470793,0.057652093,-0.05276618,0.005694983,-0.05334731,12.0,250.0,219.68846,221.75359,213.88649,214.37819,94668030.0,206.16197,193.57628,188.96501,186.39789,184.56027,-0.0010979126,0.038586725,-0.024171863,0.009400207,-0.02641,12.0,251.0,225.04791,226.54758,217.525,220.2539,44268930.0,211.21658,196.97716,191.62877,188.34991,186.31725,0.08663387,0.02439569,-0.021302162,0.0066637266,-0.03342805,12.0
248.0,199.99615,203.06923,198.57025,202.70047,24689510.0,197.06566,188.44464,184.84464,183.3317,181.73877,-0.323452,0.0008612771,0.013521819,0.015365704,-0.0071296715,12.0,249.0,211.52635,212.73099,200.24199,200.36491,81986460.0,201.20572,190.84738,186.67126,184.70647,183.05322,-0.13470793,0.057652093,-0.05276618,0.005694983,-0.05334731,12.0,250.0,219.68846,221.75359,213.88649,214.37819,94668030.0,206.16197,193.57628,188.96501,186.39789,184.56027,-0.0010979126,0.038586725,-0.024171863,0.009400207,-0.02641,12.0,251.0,225.04791,226.54758,217.525,220.2539,44268930.0,211.21658,196.97716,191.62877,188.34991,186.31725,0.08663387,0.02439569,-0.021302162,0.0066637266,-0.03342805,12.0,252.0,225.68712,229.84193,222.63861,226.6705,58380384.0,216.3892,200.08466,194.24211,190.22424,188.05702,0.097097374,0.0028403103,0.0043572984,0.018409614,-0.013507652,12.0
249.0,211.52635,212.73099,200.24199,200.36491,81986460.0,201.20572,190.84738,186.67126,184.70647,183.05322,-0.13470793,0.057652093,-0.05276618,0.005694983,-0.05334731,12.0,250.0,219.68846,221.75359,213.88649,214.37819,94668030.0,206.16197,193.57628,188.96501,186.39789,184.56027,-0.0010979126,0.038586725,-0.024171863,0.009400207,-0.02641,12.0,251.0,225.04791,226.54758,217.525,220.2539,44268930.0,211.21658,196.97716,191.62877,188.34991,186.31725,0.08663387,0.02439569,-0.021302162,0.0066637266,-0.03342805,12.0,252.0,225.68712,229.84193,222.63861,226.6705,58380384.0,216.3892,200.08466,194.24211,190.22424,188.05702,0.097097374,0.0028403103,0.0043572984,0.018409614,-0.013507652,12.0,253.0,223.40076,229.12898,211.42802,222.24527,143103620.0,221.07011,202.33989,196.60101,192.08972,189.62143,0.059670676,-0.01013067,-0.0051722373,0.025641011,-0.05359306,12.0
250.0,219.68846,221.75359,213.88649,214.37819,94668030.0,206.16197,193.57628,188.96501,186.39789,184.56027,-0.0010979126,0.038586725,-0.024171863,0.009400207,-0.02641,12.0,251.0,225.04791,226.54758,217.525,220.2539,44268930.0,211.21658,196.97716,191.62877,188.34991,186.31725,0.08663387,0.02439569,-0.021302162,0.0066637266,-0.03342805,12.0,252.0,225.68712,229.84193,222.63861,226.6705,58380384.0,216.3892,200.08466,194.24211,190.22424,188.05702,0.097097374,0.0028403103,0.0043572984,0.018409614,-0.013507652,12.0,253.0,223.40076,229.12898,211.42802,222.24527,143103620.0,221.07011,202.33989,196.60101,192.08972,189.62143,0.059670676,-0.01013067,-0.0051722373,0.025641011,-0.05359306,12.0,254.0,215.63197,225.88377,214.67319,223.59741,50615560.0,221.89125,204.18701,198.60835,193.71527,190.90393,-0.06750078,-0.0347751,0.036939945,0.047543056,-0.0044464297,12.0
251.0,225.04791,226.54758,217.525,220.2539,44268930.0,211.21658,196.97716,191.62877,188.34991,186.31725,0.08663387,0.02439569,-0.021302162,0.0066637266,-0.03342805,12.0,252.0,225.68712,229.84193,222.63861,226.6705,58380384.0,216.3892,200.08466,194.24211,190.22424,188.05702,0.097097374,0.0028403103,0.0043572984,0.018409614,-0.013507652,12.0,253.0,223.40076,229.12898,211.42802,222.24527,143103620.0,221.07011,202.33989,196.60101,192.08972,189.62143,0.059670676,-0.01013067,-0.0051722373,0.025641011,-0.05359306,12.0,254.0,215.63197,225.88377,214.67319,223.59741,50615560.0,221.89125,204.18701,198.60835,193.71527,190.90393,-0.06750078,-0.0347751,0.036939945,0.047543056,-0.0044464297,12.0,255.0,212.19012,218.8034,210.98549,216.83662,43021176.0,220.39157,205.78174,200.2801,195.25034,192.0635,-0.12384227,-0.01596168,0.02189784,0.031166755,-0.005677168,12.0
252.0,225.68712,229.84193,222.63861,226.6705,58380384.0,216.3892,200.08466,194.24211,190.22424,188.05702,0.097097374,0.0028403103,0.0043572984,0.018409614,-0.013507652,12.0,253.0,223.40076,229.12898,211.42802,222.24527,143103620.0,221.07011,202.33989,196.60101,192.08972,189.62143,0.059670676,-0.01013067,-0.0051722373,0.025641011,-0.05359306,12.0,254.0,215.63197,225.88377,214.67319,223.59741,50615560.0,221.89125,204.18701,198.60835,193.71527,190.90393,-0.06750078,-0.0347751,0.036939945,0.047543056,-0.0044464297,12.0,255.0,212.19012,218.8034,210.98549,216.83662,43021176.0,220.39157,205.78174,200.2801,195.25034,192.0635,-0.12384227,-0.01596168,0.02189784,0.031166755,-0.005677168,12.0,256.0,211.55093,216.12367,210.29712,212.90309,31355580.0,217.69218,207.26501,202.15591,196.84145,193.24028,-0.13430554,-0.003012349,0.006391633,0.021615312,-0.0059267585,12.0
253.0,223.40076,229.12898,211.42802,222.24527,143103620.0,221.07011,202.33989,196.60101,192.08972,189.62143,0.059670676,-0.01013067,-0.0051722373,0.025641011,-0.05359306,12.0,254.0,215.63197,225.88377,214.67319,223.59741,50615560.0,221.89125,204.18701,198.60835,193.71527,190.90393,-0.06750078,-0.0347751,0.036939945,0.047543056,-0.0044464297,12.0,255.0,212.19012,218.8034,210.98549,216.83662,43021176.0,220.39157,205.78174,200.2801,195.25034,192.0635,-0.12384227,-0.01596168,0.02189784,0.031166755,-0.005677168,12.0,256.0,211.55093,216.12367,210.29712,212.90309,31355580.0,217.69218,207.26501,202.15591,196.84145,193.24028,-0.13430554,-0.003012349,0.006391633,0.021615312,-0.0059267585,12.0,257.0,218.77884,220.20474,212.9031,213.39479,48839360.0,216.31053,209.24982,204.14113,198.65579,194.57196,-0.015988013,0.034166265,-0.024609534,0.0065175723,-0.026856977,12.0
254.0,215.63197,225.88377,214.67319,223.59741,50615560.0,221.89125,204.18701,198.60835,193.71527,190.90393,-0.06750078,-0.0347751,0.036939945,0.047543056,-0.0044464297,12.0,255.0,212.19012,218.8034,210.98549,216.83662,43021176.0,220.39157,205.78174,200.2801,195.25034,192.0635,-0.12384227,-0.01596168,0.02189784,0.031166755,-0.005677168,12.0,256.0,211.55093,216.12367,210.29712,212.90309,31355580.0,217.69218,207.26501,202.15591,196.84145,193.24028,-0.13430554,-0.003012349,0.006391633,0.021615312,-0.0059267585,12.0,257.0,218.77884,220.20474,212.9031,213.39479,48839360.0,216.31053,209.24982,204.14113,198.65579,194.57196,-0.015988013,0.034166265,-0.024609534,0.0065175723,-0.026856977,12.0,258.0,219.19675,222.9582,217.47581,222.04857,31822754.0,215.46973,211.20183,205.62234,200.37476,195.98639,-0.0091470545,0.0019101835,0.01301036,0.017160216,-0.007851055,12.0
255.0,212.19012,218.8034,210.98549,216.83662,43021176.0,220.39157,205.78174,200.2801,195.25034,192.0635,-0.12384227,-0.01596168,0.02189784,0.031166755,-0.005677168,12.0,256.0,211.55093,216.12367,210.29712,212.90309,31355580.0,217.69218,207.26501,202.15591,196.84145,193.24028,-0.13430554,-0.003012349,0.006391633,0.021615312,-0.0059267585,12.0,257.0,218.77884,220.20474,212.9031,213.39479,48839360.0,216.31053,209.24982,204.14113,198.65579,194.57196,-0.015988013,0.034166265,-0.024609534,0.0065175723,-0.026856977,12.0,258.0,219.19675,222.9582,217.47581,222.04857,31822754.0,215.46973,211.20183,205.62234,200.37476,195.98639,-0.0091470545,0.0019101835,0.01301036,0.017160216,-0.007851055,12.0,259.0,219.17213,222.74492,217.0531,220.5027,22797624.0,216.17775,213.09157,207.18471,202.12222,197.45901,-0.009549949,-0.00011228464,0.0060708537,0.016301293,-0.009668326,12.0
256.0,211.55093,216.12367,210.29712,212.90309,31355580.0,217.69218,207.26501,202.15591,196.84145,193.24028,-0.13430554,-0.003012349,0.006391633,0.021615312,-0.0059267585,12.0,257.0,218.77884,220.20474,212.9031,213.39479,48839360.0,216.31053,209.24982,204.14113,198.65579,194.57196,-0.015988013,0.034166265,-0.024609534,0.0065175723,-0.026856977,12.0,258.0,219.19675,222.9582,217.47581,222.04857,31822754.0,215.46973,211.20183,205.62234,200.37476,195.98639,-0.0091470545,0.0019101835,0.01301036,0.017160216,-0.007851055,12.0,259.0,219.17213,222.74492,217.0531,220.5027,22797624.0,216.17775,213.09157,207.18471,202.12222,197.45901,-0.009549949,-0.00011228464,0.0060708537,0.016301293,-0.009668326,12.0,260.0,215.47614,222.25212,214.44125,219.36925,14760338.0,216.83496,214.46284,208.54504,203.59108,198.84776,-0.070051774,-0.016863454,0.018067453,0.031446543,-0.0048027583,12.0
257.0,218.77884,220.20474,212.9031,213.39479,48839360.0,216.31053,209.24982,204.14113,198.65579,194.57196,-0.015988013,0.034166265,-0.024609534,0.0065175723,-0.026856977,12.0,258.0,219.19675,222.9582,217.47581,222.04857,31822754.0,215.46973,211.20183,205.62234,200.37476,195.98639,-0.0091470545,0.0019101835,0.01301036,0.017160216,-0.007851055,12.0,259.0,219.17213,222.74492,217.0531,220.5027,22797624.0,216.17775,213.09157,207.18471,202.12222,197.45901,-0.009549949,-0.00011228464,0.0060708537,0.016301293,-0.009668326,12.0,260.0,215.47614,222.25212,214.44125,219.36925,14760338.0,216.83496,214.46284,208.54504,203.59108,198.84776,-0.070051774,-0.016863454,0.018067453,0.031446543,-0.0048027583,12.0,261.0,220.00989,224.10011,215.47614,215.84573,59180420.0,218.52675,215.81184,210.08044,205.43008,200.45566,0.0041636913,0.021040624,-0.018927118,0.01859108,-0.020607037,12.0
258.0,219.19675,222.9582,217.47581,222.04857,31822754.0,215.46973,211.20183,205.62234,200.37476,195.98639,-0.0091470545,0.0019101835,0.01301036,0.017160216,-0.007851055,12.0,259.0,219.17213,222.74492,217.0531,220.5027,22797624.0,216.17775,213.09157,207.18471,202.12222,197.45901,-0.009549949,-0.00011228464,0.0060708537,0.016301293,-0.009668326,12.0,260.0,215.47614,222.25212,214.44125,219.36925,14760338.0,216.83496,214.46284,208.54504,203.59108,198.84776,-0.070051774,-0.016863454,0.018067453,0.031446543,-0.0048027583,12.0,261.0,220.00989,224.10011,215.47614,215.84573,59180420.0,218.52675,215.81184,210.08044,205.43008,200.45566,0.0041636913,0.021040624,-0.018927118,0.01859108,-0.020607037,12.0,262.0,212.83965,221.06938,210.57277,218.4329,29624870.0,217.33891,216.67955,211.2721,206.78069,201.76965,-0.11320991,-0.032590546,0.026279246,0.038666386,-0.010650628,12.0
259.0,219.17213,222.74492,217.0531,220.5027,22797624.0,216.17775,213.09157,207.18471,202.12222,197.45901,-0.009549949,-0.00011228464,0.0060708537,0.016301293,-0.009668326,12.0,260.0,215.47614,222.25212,214.44125,219.36925,14760338.0,216.83496,214.46284,208.54504,203.59108,198.84776,-0.070051774,-0.016863454,0.018067453,0.031446543,-0.0048027583,12.0,261.0,220.00989,224.10011,215.47614,215.84573,59180420.0,218.52675,215.81184,210.08044,205.43008,200.45566,0.0041636913,0.021040624,-0.018927118,0.01859108,-0.020607037,12.0,262.0,212.83965,221.06938,210.57277,218.4329,29624870.0,217.33891,216.67955,211.2721,206.78069,201.76965,-0.11320991,-0.032590546,0.026279246,0.038666386,-0.010650628,12.0,263.0,205.94049,215.6979,204.78241,215.55006,31264842.0,214.68765,217.07584,212.07329,207.43541,202.76024,-0.22614594,-0.0324148,0.04666188,0.0473798,-0.0056233695,12.0
260.0,215.47614,222.25212,214.44125,219.36925,14760338.0,216.83496,214.46284,208.54504,203.59108,198.84776,-0.070051774,-0.016863454,0.018067453,0.031446543,-0.0048027583,12.0,261.0,220.00989,224.10011,215.47614,215.84573,59180420.0,218.52675,215.81184,210.08044,205.43008,200.45566,0.0041636913,0.021040624,-0.018927118,0.01859108,-0.020607037,12.0,262.0,212.83965,221.06938,210.57277,218.4329,29624870.0,217.33891,216.67955,211.2721,206.78069,201.76965,-0.11320991,-0.032590546,0.026279246,0.038666386,-0.010650628,12.0,263.0,205.94049,215.6979,204.78241,215.55006,31264842.0,214.68765,217.07584,212.07329,207.43541,202.76024,-0.22614594,-0.0324148,0.04666188,0.0473798,-0.0056233695,12.0,264.0,207.71457,208.848,201.16035,205.05347,30163704.0,212.39615,216.82172,212.91771,208.22699,203.83455,-0.19710508,0.00861452,-0.012811373,0.0054566734,-0.031553946,12.0
261.0,220.00989,224.10011,215.47614,215.84573,59180420.0,218.52675,215.81184,210.08044,205.43008,200.45566,0.0041636913,0.021040624,-0.018927118,0.01859108,-0.020607037,12.0,262.0,212.83965,221.06938,210.57277,218.4329,29624870.0,217.33891,216.67955,211.2721,206.78069,201.76965,-0.11320991,-0.032590546,0.026279246,0.038666386,-0.010650628,12.0,263.0,205.94049,215.6979,204.78241,215.55006,31264842.0,214.68765,217.07584,212.07329,207.43541,202.76024,-0.22614594,-0.0324148,0.04666188,0.0473798,-0.0056233695,12.0,264.0,207.71457,208.848,201.16035,205.05347,30163704.0,212.39615,216.82172,212.91771,208.22699,203.83455,-0.19710508,0.00861452,-0.012811373,0.0054566734,-0.031553946,12.0,265.0,211.09024,214.63838,208.77408,210.91776,26620996.0,211.51897,216.2485,213.72687,209.13983,204.91238,-0.14184687,0.016251491,-0.0008171031,0.016808642,-0.010972364,12.0
262.0,212.83965,221.06938,210.57277,218.4329,29624870.0,217.33891,216.67955,211.2721,206.78069,201.76965,-0.11320991,-0.032590546,0.026279246,0.038666386,-0.010650628,12.0,263.0,205.94049,215.6979,204.78241,215.55006,31264842.0,214.68765,217.07584,212.07329,207.43541,202.76024,-0.22614594,-0.0324148,0.04666188,0.0473798,-0.0056233695,12.0,264.0,207.71457,208.848,201.16035,205.05347,30163704.0,212.39615,216.82172,212.91771,208.22699,203.83455,-0.19710508,0.00861452,-0.012811373,0.0054566734,-0.031553946,12.0,265.0,211.09024,214.63838,208.77408,210.91776,26620996.0,211.51897,216.2485,213.72687,209.13983,204.91238,-0.14184687,0.016251491,-0.0008171031,0.016808642,-0.010972364,12.0,266.0,213.62814,216.8067,212.0019,212.0019,19795332.0,210.24261,215.48718,214.41954,210.11288,206.23216,-0.10030256,0.012022833,-0.0076124286,0.014878921,-0.0076124286,12.0
263.0,205.94049,215.6979,204.78241,215.55006,31264842.0,214.68765,217.07584,212.07329,207.43541,202.76024,-0.22614594,-0.0324148,0.04666188,0.0473798,-0.0056233695,12.0,264.0,207.71457,208.848,201.16035,205.05347,30163704.0,212.39615,216.82172,212.91771,208.22699,203.83455,-0.19710508,0.00861452,-0.012811373,0.0054566734,-0.031553946,12.0,265.0,211.09024,214.63838,208.77408,210.91776,26620996.0,211.51897,216.2485,213.72687,209.13983,204.91238,-0.14184687,0.016251491,-0.0008171031,0.016808642,-0.010972364,12.0,266.0,213.62814,216.8067,212.0019,212.0019,19795332.0,210.24261,215.48718,214.41954,210.11288,206.23216,-0.10030256,0.012022833,-0.0076124286,0.014878921,-0.0076124286,12.0,267.0,211.85406,215.30365,211.04095,213.62814,14386598.0,210.0455,214.56497,215.02103,211.02676,207.32481,-0.12934342,-0.008304516,0.008374055,0.016282856,-0.0038380877,12.0
264.0,207.71457,208.848,201.16035,205.05347,30163704.0,212.39615,216.82172,212.91771,208.22699,203.83455,-0.19710508,0.00861452,-0.012811373,0.0054566734,-0.031553946,12.0,265.0,211.09024,214.63838,208.77408,210.91776,26620996.0,211.51897,216.2485,213.72687,209.13983,204.91238,-0.14184687,0.016251491,-0.0008171031,0.016808642,-0.010972364,12.0,266.0,213.62814,216.8067,212.0019,212.0019,19795332.0,210.24261,215.48718,214.41954,210.11288,206.23216,-0.10030256,0.012022833,-0.0076124286,0.014878921,-0.0076124286,12.0,267.0,211.85406,215.30365,211.04095,213.62814,14386598.0,210.0455,214.56497,215.02103,211.02676,207.32481,-0.12934342,-0.008304516,0.008374055,0.016282856,-0.0038380877,12.0,268.0,209.7104,213.57887,207.24641,212.88896,17358052.0,210.79948,213.65228,215.50674,211.81853,207.9961,-0.16443418,-0.010118576,0.015156885,0.01844673,-0.011749501,12.0
265.0,211.09024,214.63838,208.77408,210.91776,26620996.0,211.51897,216.2485,213.72687,209.13983,204.91238,-0.14184687,0.016251491,-0.0008171031,0.016808642,-0.010972364,12.0,266.0,213.62814,216.8067,212.0019,212.0019,19795332.0,210.24261,215.48718,214.41954,210.11288,206.23216,-0.10030256,0.012022833,-0.0076124286,0.014878921,-0.0076124286,12.0,267.0,211.85406,215.30365,211.04095,213.62814,14386598.0,210.0455,214.56497,215.02103,211.02676,207.32481,-0.12934342,-0.008304516,0.008374055,0.016282856,-0.0038380877,12.0,268.0,209.7104,213.57887,207.24641,212.88896,17358052.0,210.79948,213.65228,215.50674,211.81853,207.9961,-0.16443418,-0.010118576,0.015156885,0.01844673,-0.011749501,12.0,269.0,214.51517,215.69789,210.07999,212.07582,25032680.0,212.1596,213.57784,215.65619,212.7661,208.88243,-0.08578238,0.022911424,-0.011371426,0.0055134953,-0.020675397,12.0
266.0,213.62814,216.8067,212.0019,212.0019,19795332.0,210.24261,215.48718,214.41954,210.11288,206.23216,-0.10030256,0.012022833,-0.0076124286,0.014878921,-0.0076124286,12.0,267.0,211.85406,215.30365,211.04095,213.62814,14386598.0,210.0455,214.56497,215.02103,211.02676,207.32481,-0.12934342,-0.008304516,0.008374055,0.016282856,-0.0038380877,12.0,268.0,209.7104,213.57887,207.24641,212.88896,17358052.0,210.79948,213.65228,215.50674,211.81853,207.9961,-0.16443418,-0.010118576,0.015156885,0.01844673,-0.011749501,12.0,269.0,214.51517,215.69789,210.07999,212.07582,25032680.0,212.1596,213.57784,215.65619,212.7661,208.88243,-0.08578238,0.022911424,-0.011371426,0.0055134953,-0.020675397,12.0,270.0,216.51102,222.62172,214.46591,216.95453,58949660.0,213.24376,213.86589,215.49731,213.63025,209.82382,-0.053111233,0.009304002,0.0020484668,0.028223498,-0.009445759,12.0
267.0,211.85406,215.30365,211.04095,213.62814,14386598.0,210.0455,214.56497,215.02103,211.02676,207.32481,-0.12934342,-0.008304516,0.008374055,0.016282856,-0.0038380877,12.0,268.0,209.7104,213.57887,207.24641,212.88896,17358052.0,210.79948,213.65228,215.50674,211.81853,207.9961,-0.16443418,-0.010118576,0.015156885,0.01844673,-0.011749501,12.0,269.0,214.51517,215.69789,210.07999,212.07582,25032680.0,212.1596,213.57784,215.65619,212.7661,208.88243,-0.08578238,0.022911424,-0.011371426,0.0055134953,-0.020675397,12.0,270.0,216.51102,222.62172,214.46591,216.95453,58949660.0,213.24376,213.86589,215.49731,213.63025,209.82382,-0.053111233,0.009304002,0.0020484668,0.028223498,-0.009445759,12.0,271.0,216.33853,218.87643,214.36734,217.81693,21215470.0,213.78584,214.18507,215.06184,214.2928,210.72504,-0.05593474,-0.00079665857,0.006833713,0.011731193,-0.009111618,12.0
268.0,209.7104,213.57887,207.24641,212.88896,17358052.0,210.79948,213.65228,215.50674,211.81853,207.9961,-0.16443418,-0.010118576,0.015156885,0.01844673,-0.011749501,12.0,269.0,214.51517,215.69789,210.07999,212.07582,25032680.0,212.1596,213.57784,215.65619,212.7661,208.88243,-0.08578238,0.022911424,-0.011371426,0.0055134953,-0.020675397,12.0,270.0,216.51102,222.62172,214.46591,216.95453,58949660.0,213.24376,213.86589,215.49731,213.63025,209.82382,-0.053111233,0.009304002,0.0020484668,0.028223498,-0.009445759,12.0,271.0,216.33853,218.87643,214.36734,217.81693,21215470.0,213.78584,214.18507,215.06184,214.2928,210.72504,-0.05593474,-0.00079665857,0.006833713,0.011731193,-0.009111618,12.0,272.0,215.35295,217.07774,213.57887,216.33855,18474052.0,214.48561,213.95668,214.54514,214.91396,211.60324,-0.072068244,-0.0045557325,0.004576659,0.008009153,-0.008238,12.0
269.0,214.51517,215.69789,210.07999,212.07582,25032680.0,212.1596,213.57784,215.65619,212.7661,208.88243,-0.08578238,0.022911424,-0.011371426,0.0055134953,-0.020675397,12.0,270.0,216.51102,222.62172,214.46591,216.95453,58949660.0,213.24376,213.86589,215.49731,213.63025,209.82382,-0.053111233,0.009304002,0.0020484668,0.028223498,-0.009445759,12.0,271.0,216.33853,218.87643,214.36734,217.81693,21215470.0,213.78584,214.18507,215.06184,214.2928,210.72504,-0.05593474,-0.00079665857,0.006833713,0.011731193,-0.009111618,12.0,272.0,215.35295,217.07774,213.57887,216.33855,18474052.0,214.48561,213.95668,214.54514,214.91396,211.60324,-0.072068244,-0.0045557325,0.004576659,0.008009153,-0.008238,12.0,273.0,217.81694,221.3651,216.63423,216.83134,38561668.0,216.10692,213.86469,214.26595,215.62679,212.53326,-0.03173386,0.011441632,-0.004524887,0.01628962,-0.0054298504,12.0
270.0,216.51102,222.62172,214.46591,216.95453,58949660.0,213.24376,213.86589,215.49731,213.63025,209.82382,-0.053111233,0.009304002,0.0020484668,0.028223498,-0.009445759,12.0,271.0,216.33853,218.87643,214.36734,217.81693,21215470.0,213.78584,214.18507,215.06184,214.2928,210.72504,-0.05593474,-0.00079665857,0.006833713,0.011731193,-0.009111618,12.0,272.0,215.35295,217.07774,213.57887,216.33855,18474052.0,214.48561,213.95668,214.54514,214.91396,211.60324,-0.072068244,-0.0045557325,0.004576659,0.008009153,-0.008238,12.0,273.0,217.81694,221.3651,216.63423,216.83134,38561668.0,216.10692,213.86469,214.26595,215.62679,212.53326,-0.03173386,0.011441632,-0.004524887,0.01628962,-0.0054298504,12.0,274.0,216.6835,219.24605,215.25438,219.0982,15689754.0,216.54059,213.69878,214.31853,215.83307,213.39517,-0.050287724,-0.005203627,0.011143948,0.011826203,-0.006595461,12.0
271.0,216.33853,218.87643,214.36734,217.81693,21215470.0,213.78584,214.18507,215.06184,214.2928,210.72504,-0.05593474,-0.00079665857,0.006833713,0.011731193,-0.009111618,12.0,272.0,215.35295,217.07774,213.57887,216.33855,18474052.0,214.48561,213.95668,214.54514,214.91396,211.60324,-0.072068244,-0.0045557325,0.004576659,0.008009153,-0.008238,12.0,273.0,217.81694,221.3651,216.63423,216.83134,38561668.0,216.10692,213.86469,214.26595,215.62679,212.53326,-0.03173386,0.011441632,-0.004524887,0.01628962,-0.0054298504,12.0,274.0,216.6835,219.24605,215.25438,219.0982,15689754.0,216.54059,213.69878,214.31853,215.83307,213.39517,-0.050287724,-0.005203627,0.011143948,0.011826203,-0.006595461,12.0,275.0,215.62398,220.67516,213.77599,219.78813,24907596.0,216.36317,213.70863,214.49022,215.67049,214.08574,-0.06763166,-0.004889733,0.019312108,0.023425896,-0.008570449,12.0
272.0,215.35295,217.07774,213.57887,216.33855,18474052.0,214.48561,213.95668,214.54514,214.91396,211.60324,-0.072068244,-0.0045557325,0.004576659,0.008009153,-0.008238,12.0,273.0,217.81694,221.3651,216.63423,216.83134,38561668.0,216.10692,213.86469,214.26595,215.62679,212.53326,-0.03173386,0.011441632,-0.004524887,0.01628962,-0.0054298504,12.0,274.0,216.6835,219.24605,215.25438,219.0982,15689754.0,216.54059,213.69878,214.31853,215.83307,213.39517,-0.050287724,-0.005203627,0.011143948,0.011826203,-0.006595461,12.0,275.0,215.62398,220.67516,213.77599,219.78813,24907596.0,216.36317,213.70863,214.49022,215.67049,214.08574,-0.06763166,-0.004889733,0.019312108,0.023425896,-0.008570449,12.0,276.0,212.00192,216.33855,211.16415,214.81087,14780384.0,215.49586,213.17477,214.51277,215.14865,214.4933,-0.12692305,-0.016798016,0.013249609,0.020455573,-0.0039516785,12.0
273.0,217.81694,221.3651,216.63423,216.83134,38561668.0,216.10692,213.86469,214.26595,215.62679,212.53326,-0.03173386,0.011441632,-0.004524887,0.01628962,-0.0054298504,12.0,274.0,216.6835,219.24605,215.25438,219.0982,15689754.0,216.54059,213.69878,214.31853,215.83307,213.39517,-0.050287724,-0.005203627,0.011143948,0.011826203,-0.006595461,12.0,275.0,215.62398,220.67516,213.77599,219.78813,24907596.0,216.36317,213.70863,214.49022,215.67049,214.08574,-0.06763166,-0.004889733,0.019312108,0.023425896,-0.008570449,12.0,276.0,212.00192,216.33855,211.16415,214.81087,14780384.0,215.49586,213.17477,214.51277,215.14865,214.4933,-0.12692305,-0.016798016,0.013249609,0.020455573,-0.0039516785,12.0,277.0,213.35712,215.18047,211.58304,212.0512,16771472.0,215.0967,213.20927,214.24168,214.65544,214.94441,-0.104739144,0.006392367,-0.0061208555,0.008545979,-0.008315062,12.0
274.0,216.6835,219.24605,215.25438,219.0982,15689754.0,216.54059,213.69878,214.31853,215.83307,213.39517,-0.050287724,-0.005203627,0.011143948,0.011826203,-0.006595461,12.0,275.0,215.62398,220.67516,213.77599,219.78813,24907596.0,216.36317,213.70863,214.49022,215.67049,214.08574,-0.06763166,-0.004889733,0.019312108,0.023425896,-0.008570449,12.0,276.0,212.00192,216.33855,211.16415,214.81087,14780384.0,215.49586,213.17477,214.51277,215.14865,214.4933,-0.12692305,-0.016798016,0.013249609,0.020455573,-0.0039516785,12.0,277.0,213.35712,215.18047,211.58304,212.0512,16771472.0,215.0967,213.20927,214.24168,214.65544,214.94441,-0.104739144,0.006392367,-0.0061208555,0.008545979,-0.008315062,12.0,278.0,211.87872,214.73695,209.98145,213.45567,16957332.0,213.90904,213.60515,213.87578,214.19456,215.3405,-0.12893976,-0.0069291973,0.007442683,0.013489912,-0.008954544,12.0
275.0,215.62398,220.67516,213.77599,219.78813,24907596.0,216.36317,213.70863,214.49022,215.67049,214.08574,-0.06763166,-0.004889733,0.019312108,0.023425896,-0.008570449,12.0,276.0,212.00192,216.33855,211.16415,214.81087,14780384.0,215.49586,213.17477,214.51277,215.14865,214.4933,-0.12692305,-0.016798016,0.013249609,0.020455573,-0.0039516785,12.0,277.0,213.35712,215.18047,211.58304,212.0512,16771472.0,215.0967,213.20927,214.24168,214.65544,214.94441,-0.104739144,0.006392367,-0.0061208555,0.008545979,-0.008315062,12.0,278.0,211.87872,214.73695,209.98145,213.45567,16957332.0,213.90904,213.60515,213.87578,214.19456,215.3405,-0.12893976,-0.0069291973,0.007442683,0.013489912,-0.008954544,12.0,279.0,206.33472,213.30782,205.00415,212.24829,21332174.0,211.8393,213.51317,213.2339,213.82268,215.16743,-0.21969263,-0.026165942,0.028660137,0.033795066,-0.00644856,12.0
276.0,212.00192,216.33855,211.16415,214.81087,14780384.0,215.49586,213.17477,214.51277,215.14865,214.4933,-0.12692305,-0.016798016,0.013249609,0.020455573,-0.0039516785,12.0,277.0,213.35712,215.18047,211.58304,212.0512,16771472.0,215.0967,213.20927,214.24168,214.65544,214.94441,-0.104739144,0.006392367,-0.0061208555,0.008545979,-0.008315062,12.0,278.0,211.87872,214.73695,209.98145,213.45567,16957332.0,213.90904,213.60515,213.87578,214.19456,215.3405,-0.12893976,-0.0069291973,0.007442683,0.013489912,-0.008954544,12.0,279.0,206.33472,213.30782,205.00415,212.24829,21332174.0,211.8393,213.51317,213.2339,213.82268,215.16743,-0.21969263,-0.026165942,0.028660137,0.033795066,-0.00644856,12.0,280.0,204.75777,209.93214,204.1664,206.82753,17984706.0,209.66605,213.091,212.69798,213.52538,214.66975,-0.24550658,-0.0076426794,0.010108333,0.025270758,-0.002888116,12.0
277.0,213.35712,215.18047,211.58304,212.0512,16771472.0,215.0967,213.20927,214.24168,214.65544,214.94441,-0.104739144,0.006392367,-0.0061208555,0.008545979,-0.008315062,12.0,278.0,211.87872,214.73695,209.98145,213.45567,16957332.0,213.90904,213.60515,213.87578,214.19456,215.3405,-0.12893976,-0.0069291973,0.007442683,0.013489912,-0.008954544,12.0,279.0,206.33472,213.30782,205.00415,212.24829,21332174.0,211.8393,213.51317,213.2339,213.82268,215.16743,-0.21969263,-0.026165942,0.028660137,0.033795066,-0.00644856,12.0,280.0,204.75777,209.93214,204.1664,206.82753,17984706.0,209.66605,213.091,212.69798,213.52538,214.66975,-0.24550658,-0.0076426794,0.010108333,0.025270758,-0.002888116,12.0,281.0,208.50304,209.83359,204.38817,205.84193,10120594.0,208.96628,212.74933,212.12265,213.40347,214.11826,-0.18419823,0.018291222,-0.012762926,0.006381427,-0.0197353,12.0
278.0,211.87872,214.73695,209.98145,213.45567,16957332.0,213.90904,213.60515,213.87578,214.19456,215.3405,-0.12893976,-0.0069291973,0.007442683,0.013489912,-0.008954544,12.0,279.0,206.33472,213.30782,205.00415,212.24829,21332174.0,211.8393,213.51317,213.2339,213.82268,215.16743,-0.21969263,-0.026165942,0.028660137,0.033795066,-0.00644856,12.0,280.0,204.75777,209.93214,204.1664,206.82753,17984706.0,209.66605,213.091,212.69798,213.52538,214.66975,-0.24550658,-0.0076426794,0.010108333,0.025270758,-0.002888116,12.0,281.0,208.50304,209.83359,204.38817,205.84193,10120594.0,208.96628,212.74933,212.12265,213.40347,214.11826,-0.18419823,0.018291222,-0.012762926,0.006381427,-0.0197353,12.0,282.0,207.616,211.41055,207.19713,208.50304,18220784.0,207.81805,212.46678,211.86147,212.95695,213.51588,-0.19871865,-0.0042543225,0.0042725336,0.018276792,-0.0020175069,12.0
279.0,206.33472,213.30782,205.00415,212.24829,21332174.0,211.8393,213.51317,213.2339,213.82268,215.16743,-0.21969263,-0.026165942,0.028660137,0.033795066,-0.00644856,12.0,280.0,204.75777,209.93214,204.1664,206.82753,17984706.0,209.66605,213.091,212.69798,213.52538,214.66975,-0.24550658,-0.0076426794,0.010108333,0.025270758,-0.002888116,12.0,281.0,208.50304,209.83359,204.38817,205.84193,10120594.0,208.96628,212.74933,212.12265,213.40347,214.11826,-0.18419823,0.018291222,-0.012762926,0.006381427,-0.0197353,12.0,282.0,207.616,211.41055,207.19713,208.50304,18220784.0,207.81805,212.46678,211.86147,212.95695,213.51588,-0.19871865,-0.0042543225,0.0042725336,0.018276792,-0.0020175069,12.0,283.0,202.1952,206.90144,201.06178,205.96512,23463882.0,205.88135,211.96577,211.6742,212.27689,212.80904,-0.28745455,-0.026109701,0.018644953,0.023275698,-0.005605625,12.0
280.0,204.75777,209.93214,204.1664,206.82753,17984706.0,209.66605,213.091,212.69798,213.52538,214.66975,-0.24550658,-0.0076426794,0.010108333,0.025270758,-0.002888116,12.0,281.0,208.50304,209.83359,204.38817,205.84193,10120594.0,208.96628,212.74933,212.12265,213.40347,214.11826,-0.18419823,0.018291222,-0.012762926,0.006381427,-0.0197353,12.0,282.0,207.616,211.41055,207.19713,208.50304,18220784.0,207.81805,212.46678,211.86147,212.95695,213.51588,-0.19871865,-0.0042543225,0.0042725336,0.018276792,-0.0020175069,12.0,283.0,202.1952,206.90144,201.06178,205.96512,23463882.0,205.88135,211.96577,211.6742,212.27689,212.80904,-0.28745455,-0.026109701,0.018644953,0.023275698,-0.005605625,12.0,284.0,204.21568,206.33473,201.65314,202.54018,12843392.0,205.45753,211.27914,211.49925,211.67863,212.42848,-0.25438026,0.009992707,-0.0082046185,0.0103764925,-0.0125482185,12.0
281.0,208.50304,209.83359,204.38817,205.84193,10120594.0,208.96628,212.74933,212.12265,213.40347,214.11826,-0.18419823,0.018291222,-0.012762926,0.006381427,-0.0197353,12.0,282.0,207.616,211.41055,207.19713,208.50304,18220784.0,207.81805,212.46678,211.86147,212.95695,213.51588,-0.19871865,-0.0042543225,0.0042725336,0.018276792,-0.0020175069,12.0,283.0,202.1952,206.90144,201.06178,205.96512,23463882.0,205.88135,211.96577,211.6742,212.27689,212.80904,-0.28745455,-0.026109701,0.018644953,0.023275698,-0.005605625,12.0,284.0,204.21568,206.33473,201.65314,202.54018,12843392.0,205.45753,211.27914,211.49925,211.67863,212.42848,-0.25438026,0.009992707,-0.0082046185,0.0103764925,-0.0125482185,12.0,285.0,212.10046,213.43103,206.11296,206.82753,29750468.0,206.92607,210.9851,211.54976,211.54361,212.42549,-0.12530997,0.038610067,-0.024860553,0.0062732627,-0.02822954,12.0
282.0,207.616,211.41055,207.19713,208.50304,18220784.0,207.81805,212.46678,211.86147,212.95695,213.51588,-0.19871865,-0.0042543225,0.0042725336,0.018276792,-0.0020175069,12.0,283.0,202.1952,206.90144,201.06178,205.96512,23463882.0,205.88135,211.96577,211.6742,212.27689,212.80904,-0.28745455,-0.026109701,0.018644953,0.023275698,-0.005605625,12.0,284.0,204.21568,206.33473,201.65314,202.54018,12843392.0,205.45753,211.27914,211.49925,211.67863,212.42848,-0.25438026,0.009992707,-0.0082046185,0.0103764925,-0.0125482185,12.0,285.0,212.10046,213.43103,206.11296,206.82753,29750468.0,206.92607,210.9851,211.54976,211.54361,212.42549,-0.12530997,0.038610067,-0.024860553,0.0062732627,-0.02822954,12.0,286.0,214.61372,215.18044,211.04094,213.38173,17564904.0,208.14821,210.87012,211.59904,211.32776,212.52759,-0.08416905,0.011849384,-0.005740528,0.002640629,-0.01664753,12.0
283.0,202.1952,206.90144,201.06178,205.96512,23463882.0,205.88135,211.96577,211.6742,212.27689,212.80904,-0.28745455,-0.026109701,0.018644953,0.023275698,-0.005605625,12.0,284.0,204.21568,206.33473,201.65314,202.54018,12843392.0,205.45753,211.27914,211.49925,211.67863,212.42848,-0.25438026,0.009992707,-0.0082046185,0.0103764925,-0.0125482185,12.0,285.0,212.10046,213.43103,206.11296,206.82753,29750468.0,206.92607,210.9851,211.54976,211.54361,212.42549,-0.12530997,0.038610067,-0.024860553,0.0062732627,-0.02822954,12.0,286.0,214.61372,215.18044,211.04094,213.38173,17564904.0,208.14821,210.87012,211.59904,211.32776,212.52759,-0.08416905,0.011849384,-0.005740528,0.002640629,-0.01664753,12.0,287.0,216.23997,218.95036,210.67136,211.36127,25927594.0,209.87302,210.92924,211.81834,211.46378,212.44296,-0.057548065,0.0075775734,-0.022561518,0.012534184,-0.025752025,12.0
284.0,204.21568,206.33473,201.65314,202.54018,12843392.0,205.45753,211.27914,211.49925,211.67863,212.42848,-0.25438026,0.009992707,-0.0082046185,0.0103764925,-0.0125482185,12.0,285.0,212.10046,213.43103,206.11296,206.82753,29750468.0,206.92607,210.9851,211.54976,211.54361,212.42549,-0.12530997,0.038610067,-0.024860553,0.0062732627,-0.02822954,12.0,286.0,214.61372,215.18044,211.04094,213.38173,17564904.0,208.14821,210.87012,211.59904,211.32776,212.52759,-0.08416905,0.011849384,-0.005740528,0.002640629,-0.01664753,12.0,287.0,216.23997,218.95036,210.67136,211.36127,25927594.0,209.87302,210.92924,211.81834,211.46378,212.44296,-0.057548065,0.0075775734,-0.022561518,0.012534184,-0.025752025,12.0,288.0,207.39424,216.83133,205.49696,216.83133,87862344.0,210.91281,210.2344,211.70253,211.52193,212.04955,-0.2023487,-0.04090702,0.045503132,0.045503132,-0.0091481665,12.0
285.0,212.10046,213.43103,206.11296,206.82753,29750468.0,206.92607,210.9851,211.54976,211.54361,212.42549,-0.12530997,0.038610067,-0.024860553,0.0062732627,-0.02822954,12.0,286.0,214.61372,215.18044,211.04094,213.38173,17564904.0,208.14821,210.87012,211.59904,211.32776,212.52759,-0.08416905,0.011849384,-0.005740528,0.002640629,-0.01664753,12.0,287.0,216.23997,218.95036,210.67136,211.36127,25927594.0,209.87302,210.92924,211.81834,211.46378,212.44296,-0.057548065,0.0075775734,-0.022561518,0.012534184,-0.025752025,12.0,288.0,207.39424,216.83133,205.49696,216.83133,87862344.0,210.91281,210.2344,211.70253,211.52193,212.04955,-0.2023487,-0.04090702,0.045503132,0.045503132,-0.0091481665,12.0,289.0,205.4477,209.51328,204.78241,209.48865,24709676.0,211.15923,209.48535,211.24916,211.43124,211.59207,-0.2342128,-0.00938574,0.019669015,0.019788919,-0.0032382014,12.0
286.0,214.61372,215.18044,211.04094,213.38173,17564904.0,208.14821,210.87012,211.59904,211.32776,212.52759,-0.08416905,0.011849384,-0.005740528,0.002640629,-0.01664753,12.0,287.0,216.23997,218.95036,210.67136,211.36127,25927594.0,209.87302,210.92924,211.81834,211.46378,212.44296,-0.057548065,0.0075775734,-0.022561518,0.012534184,-0.025752025,12.0,288.0,207.39424,216.83133,205.49696,216.83133,87862344.0,210.91281,210.2344,211.70253,211.52193,212.04955,-0.2023487,-0.04090702,0.045503132,0.045503132,-0.0091481665,12.0,289.0,205.4477,209.51328,204.78241,209.48865,24709676.0,211.15923,209.48535,211.24916,211.43124,211.59207,-0.2342128,-0.00938574,0.019669015,0.019788919,-0.0032382014,12.0,290.0,206.58113,208.3552,202.072,206.8768,23811258.0,210.05536,208.88249,210.75267,211.25089,211.29556,-0.21565895,0.0055169184,0.0014312394,0.008587727,-0.021827348,12.0
287.0,216.23997,218.95036,210.67136,211.36127,25927594.0,209.87302,210.92924,211.81834,211.46378,212.44296,-0.057548065,0.0075775734,-0.022561518,0.012534184,-0.025752025,12.0,288.0,207.39424,216.83133,205.49696,216.83133,87862344.0,210.91281,210.2344,211.70253,211.52193,212.04955,-0.2023487,-0.04090702,0.045503132,0.045503132,-0.0091481665,12.0,289.0,205.4477,209.51328,204.78241,209.48865,24709676.0,211.15923,209.48535,211.24916,211.43124,211.59207,-0.2342128,-0.00938574,0.019669015,0.019788919,-0.0032382014,12.0,290.0,206.58113,208.3552,202.072,206.8768,23811258.0,210.05536,208.88249,210.75267,211.25089,211.29556,-0.21565895,0.0055169184,0.0014312394,0.008587727,-0.021827348,12.0,291.0,210.27711,212.2483,208.45375,209.98143,34582736.0,209.18803,208.7675,210.4496,211.11684,210.97115,-0.15515737,0.017891198,-0.0014061544,0.009374267,-0.008671226,12.0
288.0,207.39424,216.83133,205.49696,216.83133,87862344.0,210.91281,210.2344,211.70253,211.52193,212.04955,-0.2023487,-0.04090702,0.045503132,0.045503132,-0.0091481665,12.0,289.0,205.4477,209.51328,204.78241,209.48865,24709676.0,211.15923,209.48535,211.24916,211.43124,211.59207,-0.2342128,-0.00938574,0.019669015,0.019788919,-0.0032382014,12.0,290.0,206.58113,208.3552,202.072,206.8768,23811258.0,210.05536,208.88249,210.75267,211.25089,211.29556,-0.21565895,0.0055169184,0.0014312394,0.008587727,-0.021827348,12.0,291.0,210.27711,212.2483,208.45375,209.98143,34582736.0,209.18803,208.7675,210.4496,211.11684,210.97115,-0.15515737,0.017891198,-0.0014061544,0.009374267,-0.008671226,12.0,292.0,209.53792,213.28317,208.01024,212.64255,17920252.0,207.84763,208.5129,210.15884,211.0242,210.86108,-0.16725768,-0.0035153457,0.014816528,0.017873883,-0.007290701,12.0
289.0,205.4477,209.51328,204.78241,209.48865,24709676.0,211.15923,209.48535,211.24916,211.43124,211.59207,-0.2342128,-0.00938574,0.019669015,0.019788919,-0.0032382014,12.0,290.0,206.58113,208.3552,202.072,206.8768,23811258.0,210.05536,208.88249,210.75267,211.25089,211.29556,-0.21565895,0.0055169184,0.0014312394,0.008587727,-0.021827348,12.0,291.0,210.27711,212.2483,208.45375,209.98143,34582736.0,209.18803,208.7675,210.4496,211.11684,210.97115,-0.15515737,0.017891198,-0.0014061544,0.009374267,-0.008671226,12.0,292.0,209.53792,213.28317,208.01024,212.64255,17920252.0,207.84763,208.5129,210.15884,211.0242,210.86108,-0.16725768,-0.0035153457,0.014816528,0.017873883,-0.007290701,12.0,293.0,210.10463,211.21342,205.89119,209.34079,15034204.0,208.3897,208.39462,209.77322,211.03996,210.99988,-0.15798087,0.002704577,-0.0036355536,0.0052773543,-0.020053988,12.0
290.0,206.58113,208.3552,202.072,206.8768,23811258.0,210.05536,208.88249,210.75267,211.25089,211.29556,-0.21565895,0.0055169184,0.0014312394,0.008587727,-0.021827348,12.0,291.0,210.27711,212.2483,208.45375,209.98143,34582736.0,209.18803,208.7675,210.4496,211.11684,210.97115,-0.15515737,0.017891198,-0.0014061544,0.009374267,-0.008671226,12.0,292.0,209.53792,213.28317,208.01024,212.64255,17920252.0,207.84763,208.5129,210.15884,211.0242,210.86108,-0.16725768,-0.0035153457,0.014816528,0.017873883,-0.007290701,12.0,293.0,210.10463,211.21342,205.89119,209.34079,15034204.0,208.3897,208.39462,209.77322,211.03996,210.99988,-0.15798087,0.002704577,-0.0036355536,0.0052773543,-0.020053988,12.0,294.0,211.55838,214.3427,209.75967,210.54816,21347294.0,209.61183,208.74286,209.51697,210.92169,211.128,-0.13418365,0.0069191745,-0.004775187,0.013161017,-0.008502199,12.0
291.0,210.27711,212.2483,208.45375,209.98143,34582736.0,209.18803,208.7675,210.4496,211.11684,210.97115,-0.15515737,0.017891198,-0.0014061544,0.009374267,-0.008671226,12.0,292.0,209.53792,213.28317,208.01024,212.64255,17920252.0,207.84763,208.5129,210.15884,211.0242,210.86108,-0.16725768,-0.0035153457,0.014816528,0.017873883,-0.007290701,12.0,293.0,210.10463,211.21342,205.89119,209.34079,15034204.0,208.3897,208.39462,209.77322,211.03996,210.99988,-0.15798087,0.002704577,-0.0036355536,0.0052773543,-0.020053988,12.0,294.0,211.55838,214.3427,209.75967,210.54816,21347294.0,209.61183,208.74286,209.51697,210.92169,211.128,-0.13418365,0.0069191745,-0.004775187,0.013161017,-0.008502199,12.0,295.0,206.80289,214.61374,205.84193,211.41055,24269624.0,209.65619,208.87921,209.07591,210.53337,210.9851,-0.21202889,-0.022478396,0.022280486,0.037769586,-0.004646686,12.0
292.0,209.53792,213.28317,208.01024,212.64255,17920252.0,207.84763,208.5129,210.15884,211.0242,210.86108,-0.16725768,-0.0035153457,0.014816528,0.017873883,-0.007290701,12.0,293.0,210.10463,211.21342,205.89119,209.34079,15034204.0,208.3897,208.39462,209.77322,211.03996,210.99988,-0.15798087,0.002704577,-0.0036355536,0.0052773543,-0.020053988,12.0,294.0,211.55838,214.3427,209.75967,210.54816,21347294.0,209.61183,208.74286,209.51697,210.92169,211.128,-0.13418365,0.0069191745,-0.004775187,0.013161017,-0.008502199,12.0,295.0,206.80289,214.61374,205.84193,211.41055,24269624.0,209.65619,208.87921,209.07591,210.53337,210.9851,-0.21202889,-0.022478396,0.022280486,0.037769586,-0.004646686,12.0,296.0,202.1213,209.0205,199.23843,208.57697,20165862.0,208.02502,208.45375,208.58188,209.96468,210.60153,-0.28866422,-0.022637883,0.03193955,0.034133855,-0.01426309,12.0
293.0,210.10463,211.21342,205.89119,209.34079,15034204.0,208.3897,208.39462,209.77322,211.03996,210.99988,-0.15798087,0.002704577,-0.0036355536,0.0052773543,-0.020053988,12.0,294.0,211.55838,214.3427,209.75967,210.54816,21347294.0,209.61183,208.74286,209.51697,210.92169,211.128,-0.13418365,0.0069191745,-0.004775187,0.013161017,-0.008502199,12.0,295.0,206.80289,214.61374,205.84193,211.41055,24269624.0,209.65619,208.87921,209.07591,210.53337,210.9851,-0.21202889,-0.022478396,0.022280486,0.037769586,-0.004646686,12.0,296.0,202.1213,209.0205,199.23843,208.57697,20165862.0,208.02502,208.45375,208.58188,209.96468,210.60153,-0.28866422,-0.022637883,0.03193955,0.034133855,-0.01426309,12.0,297.0,202.29378,203.84608,196.84836,201.52995,33750804.0,206.5762,208.09894,208.02872,209.4423,210.28287,-0.28584096,0.0008532999,-0.0037758534,0.007673554,-0.026918363,12.0
294.0,211.55838,214.3427,209.75967,210.54816,21347294.0,209.61183,208.74286,209.51697,210.92169,211.128,-0.13418365,0.0069191745,-0.004775187,0.013161017,-0.008502199,12.0,295.0,206.80289,214.61374,205.84193,211.41055,24269624.0,209.65619,208.87921,209.07591,210.53337,210.9851,-0.21202889,-0.022478396,0.022280486,0.037769586,-0.004646686,12.0,296.0,202.1213,209.0205,199.23843,208.57697,20165862.0,208.02502,208.45375,208.58188,209.96468,210.60153,-0.28866422,-0.022637883,0.03193955,0.034133855,-0.01426309,12.0,297.0,202.29378,203.84608,196.84836,201.52995,33750804.0,206.5762,208.09894,208.02872,209.4423,210.28287,-0.28584096,0.0008532999,-0.0037758534,0.007673554,-0.026918363,12.0,298.0,204.24034,205.12737,202.14595,202.56482,13245968.0,205.40334,208.23529,207.6468,208.89925,210.10052,-0.2539766,0.009622459,-0.008203702,0.0043430757,-0.0102545535,12.0
295.0,206.80289,214.61374,205.84193,211.41055,24269624.0,209.65619,208.87921,209.07591,210.53337,210.9851,-0.21202889,-0.022478396,0.022280486,0.037769586,-0.004646686,12.0,296.0,202.1213,209.0205,199.23843,208.57697,20165862.0,208.02502,208.45375,208.58188,209.96468,210.60153,-0.28866422,-0.022637883,0.03193955,0.034133855,-0.01426309,12.0,297.0,202.29378,203.84608,196.84836,201.52995,33750804.0,206.5762,208.09894,208.02872,209.4423,210.28287,-0.28584096,0.0008532999,-0.0037758534,0.007673554,-0.026918363,12.0,298.0,204.24034,205.12737,202.14595,202.56482,13245968.0,205.40334,208.23529,207.6468,208.89925,210.10052,-0.2539766,0.009622459,-0.008203702,0.0043430757,-0.0102545535,12.0,299.0,204.75777,208.65088,203.37793,205.84193,23150388.0,204.04321,208.27142,207.56795,208.42223,209.77528,-0.24550658,0.0025334149,0.0052948548,0.019013222,-0.0067388397,12.0
296.0,202.1213,209.0205,199.23843,208.57697,20165862.0,208.02502,208.45375,208.58188,209.96468,210.60153,-0.28866422,-0.022637883,0.03193955,0.034133855,-0.01426309,12.0,297.0,202.29378,203.84608,196.84836,201.52995,33750804.0,206.5762,208.09894,208.02872,209.4423,210.28287,-0.28584096,0.0008532999,-0.0037758534,0.007673554,-0.026918363,12.0,298.0,204.24034,205.12737,202.14595,202.56482,13245968.0,205.40334,208.23529,207.6468,208.89925,210.10052,-0.2539766,0.009622459,-0.008203702,0.0043430757,-0.0102545535,12.0,299.0,204.75777,208.65088,203.37793,205.84193,23150388.0,204.04321,208.27142,207.56795,208.42223,209.77528,-0.24550658,0.0025334149,0.0052948548,0.019013222,-0.0067388397,12.0,300.0,202.54019,204.73315,201.65317,202.71268,10280694.0,203.19067,207.63408,207.45708,207.89886,209.30959,-0.28180727,-0.010830237,0.00085159636,0.010827281,-0.0043795323,12.0
297.0,202.29378,203.84608,196.84836,201.52995,33750804.0,206.5762,208.09894,208.02872,209.4423,210.28287,-0.28584096,0.0008532999,-0.0037758534,0.007673554,-0.026918363,12.0,298.0,204.24034,205.12737,202.14595,202.56482,13245968.0,205.40334,208.23529,207.6468,208.89925,210.10052,-0.2539766,0.009622459,-0.008203702,0.0043430757,-0.0102545535,12.0,299.0,204.75777,208.65088,203.37793,205.84193,23150388.0,204.04321,208.27142,207.56795,208.42223,209.77528,-0.24550658,0.0025334149,0.0052948548,0.019013222,-0.0067388397,12.0,300.0,202.54019,204.73315,201.65317,202.71268,10280694.0,203.19067,207.63408,207.45708,207.89886,209.30959,-0.28180727,-0.010830237,0.00085159636,0.010827281,-0.0043795323,12.0,301.0,196.94691,202.88515,196.0106,202.39235,25474258.0,202.15579,206.45628,206.87927,207.29666,208.6632,-0.37336668,-0.02761564,0.027649239,0.030151429,-0.0047541447,12.0
298.0,204.24034,205.12737,202.14595,202.56482,13245968.0,205.40334,208.23529,207.6468,208.89925,210.10052,-0.2539766,0.009622459,-0.008203702,0.0043430757,-0.0102545535,12.0,299.0,204.75777,208.65088,203.37793,205.84193,23150388.0,204.04321,208.27142,207.56795,208.42223,209.77528,-0.24550658,0.0025334149,0.0052948548,0.019013222,-0.0067388397,12.0,300.0,202.54019,204.73315,201.65317,202.71268,10280694.0,203.19067,207.63408,207.45708,207.89886,209.30959,-0.28180727,-0.010830237,0.00085159636,0.010827281,-0.0043795323,12.0,301.0,196.94691,202.88515,196.0106,202.39235,25474258.0,202.15579,206.45628,206.87927,207.29666,208.6632,-0.37336668,-0.02761564,0.027649239,0.030151429,-0.0047541447,12.0,302.0,199.0413,200.91396,197.43971,199.48482,18066738.0,201.50531,205.30971,206.45053,206.72403,208.11948,-0.33908245,0.010634291,0.0022282593,0.009408315,-0.008046546,12.0
299.0,204.75777,208.65088,203.37793,205.84193,23150388.0,204.04321,208.27142,207.56795,208.42223,209.77528,-0.24550658,0.0025334149,0.0052948548,0.019013222,-0.0067388397,12.0,300.0,202.54019,204.73315,201.65317,202.71268,10280694.0,203.19067,207.63408,207.45708,207.89886,209.30959,-0.28180727,-0.010830237,0.00085159636,0.010827281,-0.0043795323,12.0,301.0,196.94691,202.88515,196.0106,202.39235,25474258.0,202.15579,206.45628,206.87927,207.29666,208.6632,-0.37336668,-0.02761564,0.027649239,0.030151429,-0.0047541447,12.0,302.0,199.0413,200.91396,197.43971,199.48482,18066738.0,201.50531,205.30971,206.45053,206.72403,208.11948,-0.33908245,0.010634291,0.0022282593,0.009408315,-0.008046546,12.0,303.0,206.03905,207.19713,199.58339,199.58339,26339126.0,201.86505,205.21936,206.64273,206.49045,207.72688,-0.2245326,0.035157233,-0.031332232,0.0056206794,-0.031332232,12.0
300.0,202.54019,204.73315,201.65317,202.71268,10280694.0,203.19067,207.63408,207.45708,207.89886,209.30959,-0.28180727,-0.010830237,0.00085159636,0.010827281,-0.0043795323,12.0,301.0,196.94691,202.88515,196.0106,202.39235,25474258.0,202.15579,206.45628,206.87927,207.29666,208.6632,-0.37336668,-0.02761564,0.027649239,0.030151429,-0.0047541447,12.0,302.0,199.0413,200.91396,197.43971,199.48482,18066738.0,201.50531,205.30971,206.45053,206.72403,208.11948,-0.33908245,0.010634291,0.0022282593,0.009408315,-0.008046546,12.0,303.0,206.03905,207.19713,199.58339,199.58339,26339126.0,201.86505,205.21936,206.64273,206.49045,207.72688,-0.2245326,0.035157233,-0.031332232,0.0056206794,-0.031332232,12.0,304.0,204.09248,206.87679,203.69826,206.87679,14890268.0,201.732,205.12901,206.63657,206.40076,207.30717,-0.25639698,-0.009447548,0.013642386,0.013642386,-0.0019316379,12.0
301.0,196.94691,202.88515,196.0106,202.39235,25474258.0,202.15579,206.45628,206.87927,207.29666,208.6632,-0.37336668,-0.02761564,0.027649239,0.030151429,-0.0047541447,12.0,302.0,199.0413,200.91396,197.43971,199.48482,18066738.0,201.50531,205.30971,206.45053,206.72403,208.11948,-0.33908245,0.010634291,0.0022282593,0.009408315,-0.008046546,12.0,303.0,206.03905,207.19713,199.58339,199.58339,26339126.0,201.86505,205.21936,206.64273,206.49045,207.72688,-0.2245326,0.035157233,-0.031332232,0.0056206794,-0.031332232,12.0,304.0,204.09248,206.87679,203.69826,206.87679,14890268.0,201.732,205.12901,206.63657,206.40076,207.30717,-0.25639698,-0.009447548,0.013642386,0.013642386,-0.0019316379,12.0,305.0,205.20128,208.37984,204.19106,206.40865,15193886.0,202.2642,205.03702,206.29161,206.4185,206.95976,-0.2382465,0.0054328074,0.005883795,0.015489943,-0.0049231215,12.0
302.0,199.0413,200.91396,197.43971,199.48482,18066738.0,201.50531,205.30971,206.45053,206.72403,208.11948,-0.33908245,0.010634291,0.0022282593,0.009408315,-0.008046546,12.0,303.0,206.03905,207.19713,199.58339,199.58339,26339126.0,201.86505,205.21936,206.64273,206.49045,207.72688,-0.2245326,0.035157233,-0.031332232,0.0056206794,-0.031332232,12.0,304.0,204.09248,206.87679,203.69826,206.87679,14890268.0,201.732,205.12901,206.63657,206.40076,207.30717,-0.25639698,-0.009447548,0.013642386,0.013642386,-0.0019316379,12.0,305.0,205.20128,208.37984,204.19106,206.40865,15193886.0,202.2642,205.03702,206.29161,206.4185,206.95976,-0.2382465,0.0054328074,0.005883795,0.015489943,-0.0049231215,12.0,306.0,209.6611,210.86845,205.10272,205.22592,42432790.0,204.80704,204.99596,206.04398,206.46483,206.88173,-0.16524121,0.021733899,-0.021154072,0.0057585654,-0.021741685,12.0
303.0,206.03905,207.19713,199.58339,199.58339,26339126.0,201.86505,205.21936,206.64273,206.49045,207.72688,-0.2245326,0.035157233,-0.031332232,0.0056206794,-0.031332232,12.0,304.0,204.09248,206.87679,203.69826,206.87679,14890268.0,201.732,205.12901,206.63657,206.40076,207.30717,-0.25639698,-0.009447548,0.013642386,0.013642386,-0.0019316379,12.0,305.0,205.20128,208.37984,204.19106,206.40865,15193886.0,202.2642,205.03702,206.29161,206.4185,206.95976,-0.2382465,0.0054328074,0.005883795,0.015489943,-0.0049231215,12.0,306.0,209.6611,210.86845,205.10272,205.22592,42432790.0,204.80704,204.99596,206.04398,206.46483,206.88173,-0.16524121,0.021733899,-0.021154072,0.0057585654,-0.021741685,12.0,307.0,210.49886,211.36125,208.13342,210.8931,16641040.0,207.09856,205.06001,205.75691,206.58014,206.78645,-0.15152757,0.0039957496,0.0018729212,0.0040969215,-0.011237242,12.0
304.0,204.09248,206.87679,203.69826,206.87679,14890268.0,201.732,205.12901,206.63657,206.40076,207.30717,-0.25639698,-0.009447548,0.013642386,0.013642386,-0.0019316379,12.0,305.0,205.20128,208.37984,204.19106,206.40865,15193886.0,202.2642,205.03702,206.29161,206.4185,206.95976,-0.2382465,0.0054328074,0.005883795,0.015489943,-0.0049231215,12.0,306.0,209.6611,210.86845,205.10272,205.22592,42432790.0,204.80704,204.99596,206.04398,206.46483,206.88173,-0.16524121,0.021733899,-0.021154072,0.0057585654,-0.021741685,12.0,307.0,210.49886,211.36125,208.13342,210.8931,16641040.0,207.09856,205.06001,205.75691,206.58014,206.78645,-0.15152757,0.0039957496,0.0018729212,0.0040969215,-0.011237242,12.0,308.0,215.84573,216.33853,208.65088,209.43935,27735300.0,209.05989,205.44276,206.17949,207.12616,206.91869,-0.06400161,0.025400983,-0.029680366,0.002283105,-0.033333346,12.0
305.0,205.20128,208.37984,204.19106,206.40865,15193886.0,202.2642,205.03702,206.29161,206.4185,206.95976,-0.2382465,0.0054328074,0.005883795,0.015489943,-0.0049231215,12.0,306.0,209.6611,210.86845,205.10272,205.22592,42432790.0,204.80704,204.99596,206.04398,206.46483,206.88173,-0.16524121,0.021733899,-0.021154072,0.0057585654,-0.021741685,12.0,307.0,210.49886,211.36125,208.13342,210.8931,16641040.0,207.09856,205.06001,205.75691,206.58014,206.78645,-0.15152757,0.0039957496,0.0018729212,0.0040969215,-0.011237242,12.0,308.0,215.84573,216.33853,208.65088,209.43935,27735300.0,209.05989,205.44276,206.17949,207.12616,206.91869,-0.06400161,0.025400983,-0.029680366,0.002283105,-0.033333346,12.0,309.0,217.86621,219.76349,216.83133,217.7923,25833228.0,211.81464,205.86328,206.80042,207.67218,207.30307,-0.030927321,0.009360747,-0.00033927595,0.008708451,-0.00475007,12.0
306.0,209.6611,210.86845,205.10272,205.22592,42432790.0,204.80704,204.99596,206.04398,206.46483,206.88173,-0.16524121,0.021733899,-0.021154072,0.0057585654,-0.021741685,12.0,307.0,210.49886,211.36125,208.13342,210.8931,16641040.0,207.09856,205.06001,205.75691,206.58014,206.78645,-0.15152757,0.0039957496,0.0018729212,0.0040969215,-0.011237242,12.0,308.0,215.84573,216.33853,208.65088,209.43935,27735300.0,209.05989,205.44276,206.17949,207.12616,206.91869,-0.06400161,0.025400983,-0.029680366,0.002283105,-0.033333346,12.0,309.0,217.86621,219.76349,216.83133,217.7923,25833228.0,211.81464,205.86328,206.80042,207.67218,207.30307,-0.030927321,0.009360747,-0.00033927595,0.008708451,-0.00475007,12.0,310.0,221.80861,222.4246,216.83134,218.26045,23398770.0,215.13611,206.86366,207.5618,208.0605,207.87143,0.03360794,0.0180955,-0.015996473,0.0027771606,-0.02243947,12.0
307.0,210.49886,211.36125,208.13342,210.8931,16641040.0,207.09856,205.06001,205.75691,206.58014,206.78645,-0.15152757,0.0039957496,0.0018729212,0.0040969215,-0.011237242,12.0,308.0,215.84573,216.33853,208.65088,209.43935,27735300.0,209.05989,205.44276,206.17949,207.12616,206.91869,-0.06400161,0.025400983,-0.029680366,0.002283105,-0.033333346,12.0,309.0,217.86621,219.76349,216.83133,217.7923,25833228.0,211.81464,205.86328,206.80042,207.67218,207.30307,-0.030927321,0.009360747,-0.00033927595,0.008708451,-0.00475007,12.0,310.0,221.80861,222.4246,216.83134,218.26045,23398770.0,215.13611,206.86366,207.5618,208.0605,207.87143,0.03360794,0.0180955,-0.015996473,0.0027771606,-0.02243947,12.0,311.0,213.18463,221.80861,211.60767,221.75932,30172534.0,215.8408,207.60121,207.70717,208.00334,208.02748,-0.107562646,-0.038880266,0.0402219,0.040453073,-0.007397162,12.0
308.0,215.84573,216.33853,208.65088,209.43935,27735300.0,209.05989,205.44276,206.17949,207.12616,206.91869,-0.06400161,0.025400983,-0.029680366,0.002283105,-0.033333346,12.0,309.0,217.86621,219.76349,216.83133,217.7923,25833228.0,211.81464,205.86328,206.80042,207.67218,207.30307,-0.030927321,0.009360747,-0.00033927595,0.008708451,-0.00475007,12.0,310.0,221.80861,222.4246,216.83134,218.26045,23398770.0,215.13611,206.86366,207.5618,208.0605,207.87143,0.03360794,0.0180955,-0.015996473,0.0027771606,-0.02243947,12.0,311.0,213.18463,221.80861,211.60767,221.75932,30172534.0,215.8408,207.60121,207.70717,208.00334,208.02748,-0.107562646,-0.038880266,0.0402219,0.040453073,-0.007397162,12.0,312.0,206.45795,215.624,203.32867,212.88896,40840640.0,215.03262,207.87883,207.55318,207.61206,207.98889,-0.21767542,-0.031553328,0.031149272,0.044396646,-0.0151569545,12.0
309.0,217.86621,219.76349,216.83133,217.7923,25833228.0,211.81464,205.86328,206.80042,207.67218,207.30307,-0.030927321,0.009360747,-0.00033927595,0.008708451,-0.00475007,12.0,310.0,221.80861,222.4246,216.83134,218.26045,23398770.0,215.13611,206.86366,207.5618,208.0605,207.87143,0.03360794,0.0180955,-0.015996473,0.0027771606,-0.02243947,12.0,311.0,213.18463,221.80861,211.60767,221.75932,30172534.0,215.8408,207.60121,207.70717,208.00334,208.02748,-0.107562646,-0.038880266,0.0402219,0.040453073,-0.007397162,12.0,312.0,206.45795,215.624,203.32867,212.88896,40840640.0,215.03262,207.87883,207.55318,207.61206,207.98889,-0.21767542,-0.031553328,0.031149272,0.044396646,-0.0151569545,12.0,313.0,212.2483,214.0963,204.51137,206.43327,53517784.0,214.31314,208.41269,207.66035,207.80623,208.32399,-0.12288986,0.028046193,-0.027397303,0.008706756,-0.036452316,12.0
310.0,221.80861,222.4246,216.83134,218.26045,23398770.0,215.13611,206.86366,207.5618,208.0605,207.87143,0.03360794,0.0180955,-0.015996473,0.0027771606,-0.02243947,12.0,311.0,213.18463,221.80861,211.60767,221.75932,30172534.0,215.8408,207.60121,207.70717,208.00334,208.02748,-0.107562646,-0.038880266,0.0402219,0.040453073,-0.007397162,12.0,312.0,206.45795,215.624,203.32867,212.88896,40840640.0,215.03262,207.87883,207.55318,207.61206,207.98889,-0.21767542,-0.031553328,0.031149272,0.044396646,-0.0151569545,12.0,313.0,212.2483,214.0963,204.51137,206.43327,53517784.0,214.31314,208.41269,207.66035,207.80623,208.32399,-0.12288986,0.028046193,-0.027397303,0.008706756,-0.036452316,12.0,314.0,231.22105,233.414,214.86014,217.6691,218723260.0,216.98412,210.17691,208.6435,208.83716,209.22417,0.18768539,0.0893894,-0.0586104,0.00948419,-0.07075876,12.0
311.0,213.18463,221.80861,211.60767,221.75932,30172534.0,215.8408,207.60121,207.70717,208.00334,208.02748,-0.107562646,-0.038880266,0.0402219,0.040453073,-0.007397162,12.0,312.0,206.45795,215.624,203.32867,212.88896,40840640.0,215.03262,207.87883,207.55318,207.61206,207.98889,-0.21767542,-0.031553328,0.031149272,0.044396646,-0.0151569545,12.0,313.0,212.2483,214.0963,204.51137,206.43327,53517784.0,214.31314,208.41269,207.66035,207.80623,208.32399,-0.12288986,0.028046193,-0.027397303,0.008706756,-0.036452316,12.0,314.0,231.22105,233.414,214.86014,217.6691,218723260.0,216.98412,210.17691,208.6435,208.83716,209.22417,0.18768539,0.0893894,-0.0586104,0.00948419,-0.07075876,12.0,315.0,232.97049,235.53305,227.22939,228.16571,87619710.0,219.21649,212.2056,209.95187,209.89273,209.91983,0.21632284,0.0075660734,-0.020624008,0.010999497,-0.024643034,12.0
312.0,206.45795,215.624,203.32867,212.88896,40840640.0,215.03262,207.87883,207.55318,207.61206,207.98889,-0.21767542,-0.031553328,0.031149272,0.044396646,-0.0151569545,12.0,313.0,212.2483,214.0963,204.51137,206.43327,53517784.0,214.31314,208.41269,207.66035,207.80623,208.32399,-0.12288986,0.028046193,-0.027397303,0.008706756,-0.036452316,12.0,314.0,231.22105,233.414,214.86014,217.6691,218723260.0,216.98412,210.17691,208.6435,208.83716,209.22417,0.18768539,0.0893894,-0.0586104,0.00948419,-0.07075876,12.0,315.0,232.97049,235.53305,227.22939,228.16571,87619710.0,219.21649,212.2056,209.95187,209.89273,209.91983,0.21632284,0.0075660734,-0.020624008,0.010999497,-0.024643034,12.0,316.0,231.66458,235.33592,230.53114,234.57208,35461384.0,222.91248,214.52011,211.42903,210.74823,210.48819,0.19494572,-0.005605466,0.012550508,0.015847653,-0.004892615,12.0
313.0,212.2483,214.0963,204.51137,206.43327,53517784.0,214.31314,208.41269,207.66035,207.80623,208.32399,-0.12288986,0.028046193,-0.027397303,0.008706756,-0.036452316,12.0,314.0,231.22105,233.414,214.86014,217.6691,218723260.0,216.98412,210.17691,208.6435,208.83716,209.22417,0.18768539,0.0893894,-0.0586104,0.00948419,-0.07075876,12.0,315.0,232.97049,235.53305,227.22939,228.16571,87619710.0,219.21649,212.2056,209.95187,209.89273,209.91983,0.21632284,0.0075660734,-0.020624008,0.010999497,-0.024643034,12.0,316.0,231.66458,235.33592,230.53114,234.57208,35461384.0,222.91248,214.52011,211.42903,210.74823,210.48819,0.19494572,-0.005605466,0.012550508,0.015847653,-0.004892615,12.0,317.0,239.82037,243.68884,232.40376,232.40376,85241860.0,229.58496,217.23871,213.30536,211.95953,211.27422,0.32845232,0.035205174,-0.030925691,0.016130703,-0.030925691,12.0
314.0,231.22105,233.414,214.86014,217.6691,218723260.0,216.98412,210.17691,208.6435,208.83716,209.22417,0.18768539,0.0893894,-0.0586104,0.00948419,-0.07075876,12.0,315.0,232.97049,235.53305,227.22939,228.16571,87619710.0,219.21649,212.2056,209.95187,209.89273,209.91983,0.21632284,0.0075660734,-0.020624008,0.010999497,-0.024643034,12.0,316.0,231.66458,235.33592,230.53114,234.57208,35461384.0,222.91248,214.52011,211.42903,210.74823,210.48819,0.19494572,-0.005605466,0.012550508,0.015847653,-0.004892615,12.0,317.0,239.82037,243.68884,232.40376,232.40376,85241860.0,229.58496,217.23871,213.30536,211.95953,211.27422,0.32845232,0.035205174,-0.030925691,0.016130703,-0.030925691,12.0,318.0,234.42424,240.16534,233.75896,238.2927,27192006.0,234.02014,219.13106,214.81456,212.93231,212.17522,0.24012008,-0.02250073,0.016501945,0.024490211,-0.002837936,12.0
315.0,232.97049,235.53305,227.22939,228.16571,87619710.0,219.21649,212.2056,209.95187,209.89273,209.91983,0.21632284,0.0075660734,-0.020624008,0.010999497,-0.024643034,12.0,316.0,231.66458,235.33592,230.53114,234.57208,35461384.0,222.91248,214.52011,211.42903,210.74823,210.48819,0.19494572,-0.005605466,0.012550508,0.015847653,-0.004892615,12.0,317.0,239.82037,243.68884,232.40376,232.40376,85241860.0,229.58496,217.23871,213.30536,211.95953,211.27422,0.32845232,0.035205174,-0.030925691,0.016130703,-0.030925691,12.0,318.0,234.42424,240.16534,233.75896,238.2927,27192006.0,234.02014,219.13106,214.81456,212.93231,212.17522,0.24012008,-0.02250073,0.016501945,0.024490211,-0.002837936,12.0,319.0,236.6911,238.44055,235.06487,236.24759,18629288.0,235.11415,221.3043,216.41122,213.93762,213.21666,0.27722755,0.009669908,-0.0018738162,0.007391252,-0.0068706805,12.0
316.0,231.66458,235.33592,230.53114,234.57208,35461384.0,222.91248,214.52011,211.42903,210.74823,210.48819,0.19494572,-0.005605466,0.012550508,0.015847653,-0.004892615,12.0,317.0,239.82037,243.68884,232.40376,232.40376,85241860.0,229.58496,217.23871,213.30536,211.95953,211.27422,0.32845232,0.035205174,-0.030925691,0.016130703,-0.030925691,12.0,318.0,234.42424,240.16534,233.75896,238.2927,27192006.0,234.02014,219.13106,214.81456,212.93231,212.17522,0.24012008,-0.02250073,0.016501945,0.024490211,-0.002837936,12.0,319.0,236.6911,238.44055,235.06487,236.24759,18629288.0,235.11415,221.3043,216.41122,213.93762,213.21666,0.27722755,0.009669908,-0.0018738162,0.007391252,-0.0068706805,12.0,320.0,239.03189,239.99286,237.03606,237.23318,14418934.0,236.32643,223.55968,218.23581,215.22678,214.29836,0.31554523,0.00988964,-0.007524985,0.0040202294,-0.00834963,12.0
317.0,239.82037,243.68884,232.40376,232.40376,85241860.0,229.58496,217.23871,213.30536,211.95953,211.27422,0.32845232,0.035205174,-0.030925691,0.016130703,-0.030925691,12.0,318.0,234.42424,240.16534,233.75896,238.2927,27192006.0,234.02014,219.13106,214.81456,212.93231,212.17522,0.24012008,-0.02250073,0.016501945,0.024490211,-0.002837936,12.0,319.0,236.6911,238.44055,235.06487,236.24759,18629288.0,235.11415,221.3043,216.41122,213.93762,213.21666,0.27722755,0.009669908,-0.0018738162,0.007391252,-0.0068706805,12.0,320.0,239.03189,239.99286,237.03606,237.23318,14418934.0,236.32643,223.55968,218.23581,215.22678,214.29836,0.31554523,0.00988964,-0.007524985,0.0040202294,-0.00834963,12.0,321.0,241.12628,243.0482,237.15926,239.42613,19231068.0,238.21878,225.65735,220.44478,216.78699,215.32666,0.34982944,0.008761972,-0.007050852,0.00797062,-0.01645205,12.0
318.0,234.42424,240.16534,233.75896,238.2927,27192006.0,234.02014,219.13106,214.81456,212.93231,212.17522,0.24012008,-0.02250073,0.016501945,0.024490211,-0.002837936,12.0,319.0,236.6911,238.44055,235.06487,236.24759,18629288.0,235.11415,221.3043,216.41122,213.93762,213.21666,0.27722755,0.009669908,-0.0018738162,0.007391252,-0.0068706805,12.0,320.0,239.03189,239.99286,237.03606,237.23318,14418934.0,236.32643,223.55968,218.23581,215.22678,214.29836,0.31554523,0.00988964,-0.007524985,0.0040202294,-0.00834963,12.0,321.0,241.12628,243.0482,237.15926,239.42613,19231068.0,238.21878,225.65735,220.44478,216.78699,215.32666,0.34982944,0.008761972,-0.007050852,0.00797062,-0.01645205,12.0,322.0,241.39734,242.85109,239.35223,242.80182,15282266.0,238.53416,227.71725,222.56258,218.35112,216.38864,0.35426652,0.0011241294,0.00581812,0.0060222144,-0.008471969,12.0
319.0,236.6911,238.44055,235.06487,236.24759,18629288.0,235.11415,221.3043,216.41122,213.93762,213.21666,0.27722755,0.009669908,-0.0018738162,0.007391252,-0.0068706805,12.0,320.0,239.03189,239.99286,237.03606,237.23318,14418934.0,236.32643,223.55968,218.23581,215.22678,214.29836,0.31554523,0.00988964,-0.007524985,0.0040202294,-0.00834963,12.0,321.0,241.12628,243.0482,237.15926,239.42613,19231068.0,238.21878,225.65735,220.44478,216.78699,215.32666,0.34982944,0.008761972,-0.007050852,0.00797062,-0.01645205,12.0,322.0,241.39734,242.85109,239.35223,242.80182,15282266.0,238.53416,227.71725,222.56258,218.35112,216.38864,0.35426652,0.0011241294,0.00581812,0.0060222144,-0.008471969,12.0,323.0,242.82645,252.21425,241.12628,242.21045,58231144.0,240.21461,229.51596,224.40195,219.89456,217.47937,0.37766036,0.0059201466,-0.0025367835,0.038660552,-0.0070015467,12.0
320.0,239.03189,239.99286,237.03606,237.23318,14418934.0,236.32643,223.55968,218.23581,215.22678,214.29836,0.31554523,0.00988964,-0.007524985,0.0040202294,-0.00834963,12.0,321.0,241.12628,243.0482,237.15926,239.42613,19231068.0,238.21878,225.65735,220.44478,216.78699,215.32666,0.34982944,0.008761972,-0.007050852,0.00797062,-0.01645205,12.0,322.0,241.39734,242.85109,239.35223,242.80182,15282266.0,238.53416,227.71725,222.56258,218.35112,216.38864,0.35426652,0.0011241294,0.00581812,0.0060222144,-0.008471969,12.0,323.0,242.82645,252.21425,241.12628,242.21045,58231144.0,240.21461,229.51596,224.40195,219.89456,217.47937,0.37766036,0.0059201466,-0.0025367835,0.038660552,-0.0070015467,12.0,324.0,240.16534,244.42805,238.14487,240.46103,17199462.0,240.90945,231.00258,226.2056,221.31087,218.43292,0.33409932,-0.010958865,0.0012311606,0.017749038,-0.008412858,12.0
321.0,241.12628,243.0482,237.15926,239.42613,19231068.0,238.21878,225.65735,220.44478,216.78699,215.32666,0.34982944,0.008761972,-0.007050852,0.00797062,-0.01645205,12.0,322.0,241.39734,242.85109,239.35223,242.80182,15282266.0,238.53416,227.71725,222.56258,218.35112,216.38864,0.35426652,0.0011241294,0.00581812,0.0060222144,-0.008471969,12.0,323.0,242.82645,252.21425,241.12628,242.21045,58231144.0,240.21461,229.51596,224.40195,219.89456,217.47937,0.37766036,0.0059201466,-0.0025367835,0.038660552,-0.0070015467,12.0,324.0,240.16534,244.42805,238.14487,240.46103,17199462.0,240.90945,231.00258,226.2056,221.31087,218.43292,0.33409932,-0.010958865,0.0012311606,0.017749038,-0.008412858,12.0,325.0,237.50424,240.6335,235.45912,240.1407,16204858.0,240.60393,232.04895,227.82074,222.70943,219.45631,0.2905383,-0.011080293,0.011100685,0.01317559,-0.008610902,12.0
322.0,241.39734,242.85109,239.35223,242.80182,15282266.0,238.53416,227.71725,222.56258,218.35112,216.38864,0.35426652,0.0011241294,0.00581812,0.0060222144,-0.008471969,12.0,323.0,242.82645,252.21425,241.12628,242.21045,58231144.0,240.21461,229.51596,224.40195,219.89456,217.47937,0.37766036,0.0059201466,-0.0025367835,0.038660552,-0.0070015467,12.0,324.0,240.16534,244.42805,238.14487,240.46103,17199462.0,240.90945,231.00258,226.2056,221.31087,218.43292,0.33409932,-0.010958865,0.0012311606,0.017749038,-0.008412858,12.0,325.0,237.50424,240.6335,235.45912,240.1407,16204858.0,240.60393,232.04895,227.82074,222.70943,219.45631,0.2905383,-0.011080293,0.011100685,0.01317559,-0.008610902,12.0,326.0,241.76695,244.42805,238.16951,238.9087,23713182.0,240.73207,233.95444,229.42603,224.50223,220.77783,0.36031693,0.017947935,-0.011822295,0.011006918,-0.014879776,12.0
323.0,242.82645,252.21425,241.12628,242.21045,58231144.0,240.21461,229.51596,224.40195,219.89456,217.47937,0.37766036,0.0059201466,-0.0025367835,0.038660552,-0.0070015467,12.0,324.0,240.16534,244.42805,238.14487,240.46103,17199462.0,240.90945,231.00258,226.2056,221.31087,218.43292,0.33409932,-0.010958865,0.0012311606,0.017749038,-0.008412858,12.0,325.0,237.50424,240.6335,235.45912,240.1407,16204858.0,240.60393,232.04895,227.82074,222.70943,219.45631,0.2905383,-0.011080293,0.011100685,0.01317559,-0.008610902,12.0,326.0,241.76695,244.42805,238.16951,238.9087,23713182.0,240.73207,233.95444,229.42603,224.50223,220.77783,0.36031693,0.017947935,-0.011822295,0.011006918,-0.014879776,12.0,327.0,252.46066,253.69266,240.11607,243.29462,48827090.0,242.94473,237.02129,231.52412,226.639,222.45006,0.5353681,0.04423148,-0.036306806,0.0048799533,-0.048897106,12.0
324.0,240.16534,244.42805,238.14487,240.46103,17199462.0,240.90945,231.00258,226.2056,221.31087,218.43292,0.33409932,-0.010958865,0.0012311606,0.017749038,-0.008412858,12.0,325.0,237.50424,240.6335,235.45912,240.1407,16204858.0,240.60393,232.04895,227.82074,222.70943,219.45631,0.2905383,-0.011080293,0.011100685,0.01317559,-0.008610902,12.0,326.0,241.76695,244.42805,238.16951,238.9087,23713182.0,240.73207,233.95444,229.42603,224.50223,220.77783,0.36031693,0.017947935,-0.011822295,0.011006918,-0.014879776,12.0,327.0,252.46066,253.69266,240.11607,243.29462,48827090.0,242.94473,237.02129,231.52412,226.639,222.45006,0.5353681,0.04423148,-0.036306806,0.0048799533,-0.048897106,12.0,328.0,253.91441,254.55504,250.09523,253.29842,29333162.0,245.16232,239.79903,233.42755,228.55402,224.10587,0.55916536,0.005758325,-0.0024260068,0.0025230234,-0.015041242,12.0
325.0,237.50424,240.6335,235.45912,240.1407,16204858.0,240.60393,232.04895,227.82074,222.70943,219.45631,0.2905383,-0.011080293,0.011100685,0.01317559,-0.008610902,12.0,326.0,241.76695,244.42805,238.16951,238.9087,23713182.0,240.73207,233.95444,229.42603,224.50223,220.77783,0.36031693,0.017947935,-0.011822295,0.011006918,-0.014879776,12.0,327.0,252.46066,253.69266,240.11607,243.29462,48827090.0,242.94473,237.02129,231.52412,226.639,222.45006,0.5353681,0.04423148,-0.036306806,0.0048799533,-0.048897106,12.0,328.0,253.91441,254.55504,250.09523,253.29842,29333162.0,245.16232,239.79903,233.42755,228.55402,224.10587,0.55916536,0.005758325,-0.0024260068,0.0025230234,-0.015041242,12.0,329.0,259.18735,260.44397,252.9288,255.07246,25088944.0,248.96672,241.66345,235.4936,230.75781,225.92018,0.6454809,0.02076658,-0.015876103,0.004848346,-0.024146805,12.0
326.0,241.76695,244.42805,238.16951,238.9087,23713182.0,240.73207,233.95444,229.42603,224.50223,220.77783,0.36031693,0.017947935,-0.011822295,0.011006918,-0.014879776,12.0,327.0,252.46066,253.69266,240.11607,243.29462,48827090.0,242.94473,237.02129,231.52412,226.639,222.45006,0.5353681,0.04423148,-0.036306806,0.0048799533,-0.048897106,12.0,328.0,253.91441,254.55504,250.09523,253.29842,29333162.0,245.16232,239.79903,233.42755,228.55402,224.10587,0.55916536,0.005758325,-0.0024260068,0.0025230234,-0.015041242,12.0,329.0,259.18735,260.44397,252.9288,255.07246,25088944.0,248.96672,241.66345,235.4936,230.75781,225.92018,0.6454809,0.02076658,-0.015876103,0.004848346,-0.024146805,12.0,330.0,255.46675,257.88144,253.32306,255.24498,15298998.0,252.55922,243.1632,237.17651,232.76843,227.6844,0.5845764,-0.014354853,-0.0008680791,0.00945209,-0.008391274,12.0
327.0,252.46066,253.69266,240.11607,243.29462,48827090.0,242.94473,237.02129,231.52412,226.639,222.45006,0.5353681,0.04423148,-0.036306806,0.0048799533,-0.048897106,12.0,328.0,253.91441,254.55504,250.09523,253.29842,29333162.0,245.16232,239.79903,233.42755,228.55402,224.10587,0.55916536,0.005758325,-0.0024260068,0.0025230234,-0.015041242,12.0,329.0,259.18735,260.44397,252.9288,255.07246,25088944.0,248.96672,241.66345,235.4936,230.75781,225.92018,0.6454809,0.02076658,-0.015876103,0.004848346,-0.024146805,12.0,330.0,255.46675,257.88144,253.32306,255.24498,15298998.0,252.55922,243.1632,237.17651,232.76843,227.6844,0.5845764,-0.014354853,-0.0008680791,0.00945209,-0.008391274,12.0,331.0,250.14452,257.51184,248.78932,256.2306,15742214.0,254.23474,244.39519,239.02452,234.38777,229.45766,0.49745384,-0.020833377,0.024330193,0.029452289,-0.0054176515,12.0
328.0,253.91441,254.55504,250.09523,253.29842,29333162.0,245.16232,239.79903,233.42755,228.55402,224.10587,0.55916536,0.005758325,-0.0024260068,0.0025230234,-0.015041242,12.0,329.0,259.18735,260.44397,252.9288,255.07246,25088944.0,248.96672,241.66345,235.4936,230.75781,225.92018,0.6454809,0.02076658,-0.015876103,0.004848346,-0.024146805,12.0,330.0,255.46675,257.88144,253.32306,255.24498,15298998.0,252.55922,243.1632,237.17651,232.76843,227.6844,0.5845764,-0.014354853,-0.0008680791,0.00945209,-0.008391274,12.0,331.0,250.14452,257.51184,248.78932,256.2306,15742214.0,254.23474,244.39519,239.02452,234.38777,229.45766,0.49745384,-0.020833377,0.024330193,0.029452289,-0.0054176515,12.0,332.0,245.63542,250.53876,242.82646,250.09525,13599758.0,252.86969,244.78287,240.98338,235.79323,231.01079,0.423642,-0.018025957,0.01815626,0.019961845,-0.011435474,12.0
329.0,259.18735,260.44397,252.9288,255.07246,25088944.0,248.96672,241.66345,235.4936,230.75781,225.92018,0.6454809,0.02076658,-0.015876103,0.004848346,-0.024146805,12.0,330.0,255.46675,257.88144,253.32306,255.24498,15298998.0,252.55922,243.1632,237.17651,232.76843,227.6844,0.5845764,-0.014354853,-0.0008680791,0.00945209,-0.008391274,12.0,331.0,250.14452,257.51184,248.78932,256.2306,15742214.0,254.23474,244.39519,239.02452,234.38777,229.45766,0.49745384,-0.020833377,0.024330193,0.029452289,-0.0054176515,12.0,332.0,245.63542,250.53876,242.82646,250.09525,13599758.0,252.86969,244.78287,240.98338,235.79323,231.01079,0.423642,-0.018025957,0.01815626,0.019961845,-0.011435474,12.0,333.0,246.30069,248.22261,243.93526,245.63542,11505300.0,251.34694,245.57463,242.686,237.01143,232.35284,0.43453214,0.0027083552,-0.0027010317,0.0078031705,-0.009603817,12.0
330.0,255.46675,257.88144,253.32306,255.24498,15298998.0,252.55922,243.1632,237.17651,232.76843,227.6844,0.5845764,-0.014354853,-0.0008680791,0.00945209,-0.008391274,12.0,331.0,250.14452,257.51184,248.78932,256.2306,15742214.0,254.23474,244.39519,239.02452,234.38777,229.45766,0.49745384,-0.020833377,0.024330193,0.029452289,-0.0054176515,12.0,332.0,245.63542,250.53876,242.82646,250.09525,13599758.0,252.86969,244.78287,240.98338,235.79323,231.01079,0.423642,-0.018025957,0.01815626,0.019961845,-0.011435474,12.0,333.0,246.30069,248.22261,243.93526,245.63542,11505300.0,251.34694,245.57463,242.686,237.01143,232.35284,0.43453214,0.0027083552,-0.0027010317,0.0078031705,-0.009603817,12.0,334.0,250.36627,253.69266,246.84276,247.38484,18761492.0,249.58273,246.4863,243.64326,238.31143,233.89531,0.50108385,0.01650658,-0.011908253,0.013286094,-0.014073406,12.0
331.0,250.14452,257.51184,248.78932,256.2306,15742214.0,254.23474,244.39519,239.02452,234.38777,229.45766,0.49745384,-0.020833377,0.024330193,0.029452289,-0.0054176515,12.0,332.0,245.63542,250.53876,242.82646,250.09525,13599758.0,252.86969,244.78287,240.98338,235.79323,231.01079,0.423642,-0.018025957,0.01815626,0.019961845,-0.011435474,12.0,333.0,246.30069,248.22261,243.93526,245.63542,11505300.0,251.34694,245.57463,242.686,237.01143,232.35284,0.43453214,0.0027083552,-0.0027010317,0.0078031705,-0.009603817,12.0,334.0,250.36627,253.69266,246.84276,247.38484,18761492.0,249.58273,246.4863,243.64326,238.31143,233.89531,0.50108385,0.01650658,-0.011908253,0.013286094,-0.014073406,12.0,335.0,252.14034,255.17104,248.93715,250.48946,14980792.0,248.91745,247.3602,244.60176,239.5247,235.45993,0.5301245,0.007085871,-0.0065474566,0.012019924,-0.012703997,12.0
332.0,245.63542,250.53876,242.82646,250.09525,13599758.0,252.86969,244.78287,240.98338,235.79323,231.01079,0.423642,-0.018025957,0.01815626,0.019961845,-0.011435474,12.0,333.0,246.30069,248.22261,243.93526,245.63542,11505300.0,251.34694,245.57463,242.686,237.01143,232.35284,0.43453214,0.0027083552,-0.0027010317,0.0078031705,-0.009603817,12.0,334.0,250.36627,253.69266,246.84276,247.38484,18761492.0,249.58273,246.4863,243.64326,238.31143,233.89531,0.50108385,0.01650658,-0.011908253,0.013286094,-0.014073406,12.0,335.0,252.14034,255.17104,248.93715,250.48946,14980792.0,248.91745,247.3602,244.60176,239.5247,235.45993,0.5301245,0.007085871,-0.0065474566,0.012019924,-0.012703997,12.0,336.0,250.46483,254.77681,248.17332,254.28401,12584608.0,248.9815,247.98277,245.54178,241.01591,236.82007,0.5026972,-0.006645135,0.015248401,0.017215937,-0.009149029,12.0
333.0,246.30069,248.22261,243.93526,245.63542,11505300.0,251.34694,245.57463,242.686,237.01143,232.35284,0.43453214,0.0027083552,-0.0027010317,0.0078031705,-0.009603817,12.0,334.0,250.36627,253.69266,246.84276,247.38484,18761492.0,249.58273,246.4863,243.64326,238.31143,233.89531,0.50108385,0.01650658,-0.011908253,0.013286094,-0.014073406,12.0,335.0,252.14034,255.17104,248.93715,250.48946,14980792.0,248.91745,247.3602,244.60176,239.5247,235.45993,0.5301245,0.007085871,-0.0065474566,0.012019924,-0.012703997,12.0,336.0,250.46483,254.77681,248.17332,254.28401,12584608.0,248.9815,247.98277,245.54178,241.01591,236.82007,0.5026972,-0.006645135,0.015248401,0.017215937,-0.009149029,12.0,337.0,252.65779,254.23476,250.90834,251.32722,10395006.0,250.38599,248.73347,246.18364,242.8639,238.22536,0.538595,0.008755571,-0.0052662613,0.0062414906,-0.0069241626,12.0
334.0,250.36627,253.69266,246.84276,247.38484,18761492.0,249.58273,246.4863,243.64326,238.31143,233.89531,0.50108385,0.01650658,-0.011908253,0.013286094,-0.014073406,12.0,335.0,252.14034,255.17104,248.93715,250.48946,14980792.0,248.91745,247.3602,244.60176,239.5247,235.45993,0.5301245,0.007085871,-0.0065474566,0.012019924,-0.012703997,12.0,336.0,250.46483,254.77681,248.17332,254.28401,12584608.0,248.9815,247.98277,245.54178,241.01591,236.82007,0.5026972,-0.006645135,0.015248401,0.017215937,-0.009149029,12.0,337.0,252.65779,254.23476,250.90834,251.32722,10395006.0,250.38599,248.73347,246.18364,242.8639,238.22536,0.538595,0.008755571,-0.0052662613,0.0062414906,-0.0069241626,12.0,338.0,253.74194,255.516,251.15474,252.26353,14873624.0,251.87424,249.46117,247.14954,244.52365,239.48857,0.55634207,0.0042909905,-0.005826433,0.006991601,-0.010196214,12.0
335.0,252.14034,255.17104,248.93715,250.48946,14980792.0,248.91745,247.3602,244.60176,239.5247,235.45993,0.5301245,0.007085871,-0.0065474566,0.012019924,-0.012703997,12.0,336.0,250.46483,254.77681,248.17332,254.28401,12584608.0,248.9815,247.98277,245.54178,241.01591,236.82007,0.5026972,-0.006645135,0.015248401,0.017215937,-0.009149029,12.0,337.0,252.65779,254.23476,250.90834,251.32722,10395006.0,250.38599,248.73347,246.18364,242.8639,238.22536,0.538595,0.008755571,-0.0052662613,0.0062414906,-0.0069241626,12.0,338.0,253.74194,255.516,251.15474,252.26353,14873624.0,251.87424,249.46117,247.14954,244.52365,239.48857,0.55634207,0.0042909905,-0.005826433,0.006991601,-0.010196214,12.0,339.0,255.04784,258.64526,254.13617,254.97394,15909128.0,252.81055,250.45334,248.06737,245.47673,240.72795,0.577719,0.00514654,-0.0002897563,0.014104894,-0.0035744868,12.0
336.0,250.46483,254.77681,248.17332,254.28401,12584608.0,248.9815,247.98277,245.54178,241.01591,236.82007,0.5026972,-0.006645135,0.015248401,0.017215937,-0.009149029,12.0,337.0,252.65779,254.23476,250.90834,251.32722,10395006.0,250.38599,248.73347,246.18364,242.8639,238.22536,0.538595,0.008755571,-0.0052662613,0.0062414906,-0.0069241626,12.0,338.0,253.74194,255.516,251.15474,252.26353,14873624.0,251.87424,249.46117,247.14954,244.52365,239.48857,0.55634207,0.0042909905,-0.005826433,0.006991601,-0.010196214,12.0,339.0,255.04784,258.64526,254.13617,254.97394,15909128.0,252.81055,250.45334,248.06737,245.47673,240.72795,0.577719,0.00514654,-0.0002897563,0.014104894,-0.0035744868,12.0,340.0,259.828,261.40497,253.66801,253.74196,17646380.0,254.34808,251.94159,249.10718,246.55103,241.99527,0.6559681,0.018742235,-0.023423377,0.0060692504,-0.023707919,12.0
337.0,252.65779,254.23476,250.90834,251.32722,10395006.0,250.38599,248.73347,246.18364,242.8639,238.22536,0.538595,0.008755571,-0.0052662613,0.0062414906,-0.0069241626,12.0,338.0,253.74194,255.516,251.15474,252.26353,14873624.0,251.87424,249.46117,247.14954,244.52365,239.48857,0.55634207,0.0042909905,-0.005826433,0.006991601,-0.010196214,12.0,339.0,255.04784,258.64526,254.13617,254.97394,15909128.0,252.81055,250.45334,248.06737,245.47673,240.72795,0.577719,0.00514654,-0.0002897563,0.014104894,-0.0035744868,12.0,340.0,259.828,261.40497,253.66801,253.74196,17646380.0,254.34808,251.94159,249.10718,246.55103,241.99527,0.6559681,0.018742235,-0.023423377,0.0060692504,-0.023707919,12.0,341.0,266.5547,268.57513,258.7438,259.82797,58822252.0,257.56604,253.5941,250.37859,247.94662,243.77428,0.76608086,0.02588899,-0.025235763,0.007579914,-0.02930308,12.0
338.0,253.74194,255.516,251.15474,252.26353,14873624.0,251.87424,249.46117,247.14954,244.52365,239.48857,0.55634207,0.0042909905,-0.005826433,0.006991601,-0.010196214,12.0,339.0,255.04784,258.64526,254.13617,254.97394,15909128.0,252.81055,250.45334,248.06737,245.47673,240.72795,0.577719,0.00514654,-0.0002897563,0.014104894,-0.0035744868,12.0,340.0,259.828,261.40497,253.66801,253.74196,17646380.0,254.34808,251.94159,249.10718,246.55103,241.99527,0.6559681,0.018742235,-0.023423377,0.0060692504,-0.023707919,12.0,341.0,266.5547,268.57513,258.7438,259.82797,58822252.0,257.56604,253.5941,250.37859,247.94662,243.77428,0.76608086,0.02588899,-0.025235763,0.007579914,-0.02930308,12.0,342.0,265.47055,266.259,262.48914,265.61838,11757252.0,260.1286,254.46143,251.58224,248.97264,245.74136,0.74833405,-0.0040672217,0.00055687357,0.0029700678,-0.011230717,12.0
339.0,255.04784,258.64526,254.13617,254.97394,15909128.0,252.81055,250.45334,248.06737,245.47673,240.72795,0.577719,0.00514654,-0.0002897563,0.014104894,-0.0035744868,12.0,340.0,259.828,261.40497,253.66801,253.74196,17646380.0,254.34808,251.94159,249.10718,246.55103,241.99527,0.6559681,0.018742235,-0.023423377,0.0060692504,-0.023707919,12.0,341.0,266.5547,268.57513,258.7438,259.82797,58822252.0,257.56604,253.5941,250.37859,247.94662,243.77428,0.76608086,0.02588899,-0.025235763,0.007579914,-0.02930308,12.0,342.0,265.47055,266.259,262.48914,265.61838,11757252.0,260.1286,254.46143,251.58224,248.97264,245.74136,0.74833405,-0.0040672217,0.00055687357,0.0029700678,-0.011230717,12.0,343.0,265.643,266.3822,261.70062,265.47055,10772410.0,262.50882,255.24333,252.72308,250.22139,247.52118,0.75115705,0.00064961944,-0.00064924516,0.0027826733,-0.014840924,12.0
340.0,259.828,261.40497,253.66801,253.74196,17646380.0,254.34808,251.94159,249.10718,246.55103,241.99527,0.6559681,0.018742235,-0.023423377,0.0060692504,-0.023707919,12.0,341.0,266.5547,268.57513,258.7438,259.82797,58822252.0,257.56604,253.5941,250.37859,247.94662,243.77428,0.76608086,0.02588899,-0.025235763,0.007579914,-0.02930308,12.0,342.0,265.47055,266.259,262.48914,265.61838,11757252.0,260.1286,254.46143,251.58224,248.97264,245.74136,0.74833405,-0.0040672217,0.00055687357,0.0029700678,-0.011230717,12.0,343.0,265.643,266.3822,261.70062,265.47055,10772410.0,262.50882,255.24333,252.72308,250.22139,247.52118,0.75115705,0.00064961944,-0.00064924516,0.0027826733,-0.014840924,12.0,344.0,267.491,269.56076,265.9387,267.0475,11930088.0,264.99744,255.7969,254.08936,251.45338,248.73018,0.78140783,0.0069566746,-0.0016580018,0.0077376794,-0.0058031753,12.0
341.0,266.5547,268.57513,258.7438,259.82797,58822252.0,257.56604,253.5941,250.37859,247.94662,243.77428,0.76608086,0.02588899,-0.025235763,0.007579914,-0.02930308,12.0,342.0,265.47055,266.259,262.48914,265.61838,11757252.0,260.1286,254.46143,251.58224,248.97264,245.74136,0.74833405,-0.0040672217,0.00055687357,0.0029700678,-0.011230717,12.0,343.0,265.643,266.3822,261.70062,265.47055,10772410.0,262.50882,255.24333,252.72308,250.22139,247.52118,0.75115705,0.00064961944,-0.00064924516,0.0027826733,-0.014840924,12.0,344.0,267.491,269.56076,265.9387,267.0475,11930088.0,264.99744,255.7969,254.08936,251.45338,248.73018,0.78140783,0.0069566746,-0.0016580018,0.0077376794,-0.0058031753,12.0,345.0,267.58957,268.57516,262.6616,267.07214,9427136.0,266.54977,256.6051,255.59363,252.59569,249.88414,0.7830214,0.00036850502,-0.0019336792,0.0036832413,-0.018416205,12.0
342.0,265.47055,266.259,262.48914,265.61838,11757252.0,260.1286,254.46143,251.58224,248.97264,245.74136,0.74833405,-0.0040672217,0.00055687357,0.0029700678,-0.011230717,12.0,343.0,265.643,266.3822,261.70062,265.47055,10772410.0,262.50882,255.24333,252.72308,250.22139,247.52118,0.75115705,0.00064961944,-0.00064924516,0.0027826733,-0.014840924,12.0,344.0,267.491,269.56076,265.9387,267.0475,11930088.0,264.99744,255.7969,254.08936,251.45338,248.73018,0.78140783,0.0069566746,-0.0016580018,0.0077376794,-0.0058031753,12.0,345.0,267.58957,268.57516,262.6616,267.07214,9427136.0,266.54977,256.6051,255.59363,252.59569,249.88414,0.7830214,0.00036850502,-0.0019336792,0.0036832413,-0.018416205,12.0,346.0,265.643,270.9899,265.2734,268.92014,11275982.0,266.36743,257.63834,256.78745,253.57635,251.01675,0.75115705,-0.007274438,0.012336563,0.020128071,-0.0013913367,12.0
343.0,265.643,266.3822,261.70062,265.47055,10772410.0,262.50882,255.24333,252.72308,250.22139,247.52118,0.75115705,0.00064961944,-0.00064924516,0.0027826733,-0.014840924,12.0,344.0,267.491,269.56076,265.9387,267.0475,11930088.0,264.99744,255.7969,254.08936,251.45338,248.73018,0.78140783,0.0069566746,-0.0016580018,0.0077376794,-0.0058031753,12.0,345.0,267.58957,268.57516,262.6616,267.07214,9427136.0,266.54977,256.6051,255.59363,252.59569,249.88414,0.7830214,0.00036850502,-0.0019336792,0.0036832413,-0.018416205,12.0,346.0,265.643,270.9899,265.2734,268.92014,11275982.0,266.36743,257.63834,256.78745,253.57635,251.01675,0.75115705,-0.007274438,0.012336563,0.020128071,-0.0013913367,12.0,347.0,266.70255,268.82156,266.33295,267.83597,9543432.0,266.61383,259.04282,257.4995,254.58856,251.91283,0.7685012,0.0039885854,0.0042497925,0.007945284,-0.0013858093,12.0
344.0,267.491,269.56076,265.9387,267.0475,11930088.0,264.99744,255.7969,254.08936,251.45338,248.73018,0.78140783,0.0069566746,-0.0016580018,0.0077376794,-0.0058031753,12.0,345.0,267.58957,268.57516,262.6616,267.07214,9427136.0,266.54977,256.6051,255.59363,252.59569,249.88414,0.7830214,0.00036850502,-0.0019336792,0.0036832413,-0.018416205,12.0,346.0,265.643,270.9899,265.2734,268.92014,11275982.0,266.36743,257.63834,256.78745,253.57635,251.01675,0.75115705,-0.007274438,0.012336563,0.020128071,-0.0013913367,12.0,347.0,266.70255,268.82156,266.33295,267.83597,9543432.0,266.61383,259.04282,257.4995,254.58856,251.91283,0.7685012,0.0039885854,0.0042497925,0.007945284,-0.0013858093,12.0,348.0,270.17676,271.63052,267.44174,268.42734,8696866.0,267.52057,260.63455,258.31265,255.68257,253.10458,0.8253725,0.013026545,-0.006475126,0.005380779,-0.010123096,12.0
345.0,267.58957,268.57516,262.6616,267.07214,9427136.0,266.54977,256.6051,255.59363,252.59569,249.88414,0.7830214,0.00036850502,-0.0019336792,0.0036832413,-0.018416205,12.0,346.0,265.643,270.9899,265.2734,268.92014,11275982.0,266.36743,257.63834,256.78745,253.57635,251.01675,0.75115705,-0.007274438,0.012336563,0.020128071,-0.0013913367,12.0,347.0,266.70255,268.82156,266.33295,267.83597,9543432.0,266.61383,259.04282,257.4995,254.58856,251.91283,0.7685012,0.0039885854,0.0042497925,0.007945284,-0.0013858093,12.0,348.0,270.17676,271.63052,267.44174,268.42734,8696866.0,267.52057,260.63455,258.31265,255.68257,253.10458,0.8253725,0.013026545,-0.006475126,0.005380779,-0.010123096,12.0,349.0,271.33487,273.7496,270.62033,271.0392,10859468.0,268.28934,262.03244,258.92,256.92935,254.25937,0.84433025,0.004286496,-0.001089676,0.008899427,-0.0026334021,12.0
346.0,265.643,270.9899,265.2734,268.92014,11275982.0,266.36743,257.63834,256.78745,253.57635,251.01675,0.75115705,-0.007274438,0.012336563,0.020128071,-0.0013913367,12.0,347.0,266.70255,268.82156,266.33295,267.83597,9543432.0,266.61383,259.04282,257.4995,254.58856,251.91283,0.7685012,0.0039885854,0.0042497925,0.007945284,-0.0013858093,12.0,348.0,270.17676,271.63052,267.44174,268.42734,8696866.0,267.52057,260.63455,258.31265,255.68257,253.10458,0.8253725,0.013026545,-0.006475126,0.005380779,-0.010123096,12.0,349.0,271.33487,273.7496,270.62033,271.0392,10859468.0,268.28934,262.03244,258.92,256.92935,254.25937,0.84433025,0.004286496,-0.001089676,0.008899427,-0.0026334021,12.0,350.0,268.18094,272.64075,267.19534,272.51755,12413798.0,268.40762,263.1018,259.55573,258.15643,255.23102,0.79270184,-0.011623757,0.016170504,0.016629893,-0.0036751193,12.0
347.0,266.70255,268.82156,266.33295,267.83597,9543432.0,266.61383,259.04282,257.4995,254.58856,251.91283,0.7685012,0.0039885854,0.0042497925,0.007945284,-0.0013858093,12.0,348.0,270.17676,271.63052,267.44174,268.42734,8696866.0,267.52057,260.63455,258.31265,255.68257,253.10458,0.8253725,0.013026545,-0.006475126,0.005380779,-0.010123096,12.0,349.0,271.33487,273.7496,270.62033,271.0392,10859468.0,268.28934,262.03244,258.92,256.92935,254.25937,0.84433025,0.004286496,-0.001089676,0.008899427,-0.0026334021,12.0,350.0,268.18094,272.64075,267.19534,272.51755,12413798.0,268.40762,263.1018,259.55573,258.15643,255.23102,0.79270184,-0.011623757,0.016170504,0.016629893,-0.0036751193,12.0,351.0,273.1335,273.7495,268.84616,268.84616,11441488.0,269.90573,264.61307,260.70517,259.4111,256.2979,0.8737733,0.018467292,-0.01569691,0.0022553,-0.01569691,12.0
348.0,270.17676,271.63052,267.44174,268.42734,8696866.0,267.52057,260.63455,258.31265,255.68257,253.10458,0.8253725,0.013026545,-0.006475126,0.005380779,-0.010123096,12.0,349.0,271.33487,273.7496,270.62033,271.0392,10859468.0,268.28934,262.03244,258.92,256.92935,254.25937,0.84433025,0.004286496,-0.001089676,0.008899427,-0.0026334021,12.0,350.0,268.18094,272.64075,267.19534,272.51755,12413798.0,268.40762,263.1018,259.55573,258.15643,255.23102,0.79270184,-0.011623757,0.016170504,0.016629893,-0.0036751193,12.0,351.0,273.1335,273.7495,268.84616,268.84616,11441488.0,269.90573,264.61307,260.70517,259.4111,256.2979,0.8737733,0.018467292,-0.01569691,0.0022553,-0.01569691,12.0,352.0,273.1582,275.44974,271.77838,273.50317,11224718.0,271.19687,265.97977,262.08133,260.23898,257.35663,0.8741774,9.039067e-05,0.0012628761,0.008389004,-0.0050513945,12.0
349.0,271.33487,273.7496,270.62033,271.0392,10859468.0,268.28934,262.03244,258.92,256.92935,254.25937,0.84433025,0.004286496,-0.001089676,0.008899427,-0.0026334021,12.0,350.0,268.18094,272.64075,267.19534,272.51755,12413798.0,268.40762,263.1018,259.55573,258.15643,255.23102,0.79270184,-0.011623757,0.016170504,0.016629893,-0.0036751193,12.0,351.0,273.1335,273.7495,268.84616,268.84616,11441488.0,269.90573,264.61307,260.70517,259.4111,256.2979,0.8737733,0.018467292,-0.01569691,0.0022553,-0.01569691,12.0,352.0,273.1582,275.44974,271.77838,273.50317,11224718.0,271.19687,265.97977,262.08133,260.23898,257.35663,0.8741774,9.039067e-05,0.0012628761,0.008389004,-0.0050513945,12.0,353.0,276.7556,277.347,272.51755,272.9611,11904318.0,272.51263,267.514,263.60406,261.15265,258.48758,0.9330654,0.013169702,-0.01371074,0.002136774,-0.015313348,12.0
350.0,268.18094,272.64075,267.19534,272.51755,12413798.0,268.40762,263.1018,259.55573,258.15643,255.23102,0.79270184,-0.011623757,0.016170504,0.016629893,-0.0036751193,12.0,351.0,273.1335,273.7495,268.84616,268.84616,11441488.0,269.90573,264.61307,260.70517,259.4111,256.2979,0.8737733,0.018467292,-0.01569691,0.0022553,-0.01569691,12.0,352.0,273.1582,275.44974,271.77838,273.50317,11224718.0,271.19687,265.97977,262.08133,260.23898,257.35663,0.8741774,9.039067e-05,0.0012628761,0.008389004,-0.0050513945,12.0,353.0,276.7556,277.347,272.51755,272.9611,11904318.0,272.51263,267.514,263.60406,261.15265,258.48758,0.9330654,0.013169702,-0.01371074,0.002136774,-0.015313348,12.0,354.0,274.93228,277.93835,274.48874,276.70633,7674490.0,273.23212,268.83963,264.83237,261.78244,259.64648,0.90321827,-0.006588245,0.0064527253,0.010933815,-0.001613236,12.0
351.0,273.1335,273.7495,268.84616,268.84616,11441488.0,269.90573,264.61307,260.70517,259.4111,256.2979,0.8737733,0.018467292,-0.01569691,0.0022553,-0.01569691,12.0,352.0,273.1582,275.44974,271.77838,273.50317,11224718.0,271.19687,265.97977,262.08133,260.23898,257.35663,0.8741774,9.039067e-05,0.0012628761,0.008389004,-0.0050513945,12.0,353.0,276.7556,277.347,272.51755,272.9611,11904318.0,272.51263,267.514,263.60406,261.15265,258.48758,0.9330654,0.013169702,-0.01371074,0.002136774,-0.015313348,12.0,354.0,274.93228,277.93835,274.48874,276.70633,7674490.0,273.23212,268.83963,264.83237,261.78244,259.64648,0.90321827,-0.006588245,0.0064527253,0.010933815,-0.001613236,12.0,355.0,273.62637,277.2238,272.76398,275.9179,10994538.0,274.3212,269.75952,265.90668,262.50882,260.85056,0.8818411,-0.0047499267,0.00837465,0.013147209,-0.0031517334,12.0
352.0,273.1582,275.44974,271.77838,273.50317,11224718.0,271.19687,265.97977,262.08133,260.23898,257.35663,0.8741774,9.039067e-05,0.0012628761,0.008389004,-0.0050513945,12.0,353.0,276.7556,277.347,272.51755,272.9611,11904318.0,272.51263,267.514,263.60406,261.15265,258.48758,0.9330654,0.013169702,-0.01371074,0.002136774,-0.015313348,12.0,354.0,274.93228,277.93835,274.48874,276.70633,7674490.0,273.23212,268.83963,264.83237,261.78244,259.64648,0.90321827,-0.006588245,0.0064527253,0.010933815,-0.001613236,12.0,355.0,273.62637,277.2238,272.76398,275.9179,10994538.0,274.3212,269.75952,265.90668,262.50882,260.85056,0.8818411,-0.0047499267,0.00837465,0.013147209,-0.0031517334,12.0,356.0,275.3265,276.70633,270.81738,272.27115,8798696.0,274.7598,270.34433,267.14975,263.5161,261.9692,0.90967155,0.0062133423,-0.011097211,0.005011612,-0.016377348,12.0
353.0,276.7556,277.347,272.51755,272.9611,11904318.0,272.51263,267.514,263.60406,261.15265,258.48758,0.9330654,0.013169702,-0.01371074,0.002136774,-0.015313348,12.0,354.0,274.93228,277.93835,274.48874,276.70633,7674490.0,273.23212,268.83963,264.83237,261.78244,259.64648,0.90321827,-0.006588245,0.0064527253,0.010933815,-0.001613236,12.0,355.0,273.62637,277.2238,272.76398,275.9179,10994538.0,274.3212,269.75952,265.90668,262.50882,260.85056,0.8818411,-0.0047499267,0.00837465,0.013147209,-0.0031517334,12.0,356.0,275.3265,276.70633,270.81738,272.27115,8798696.0,274.7598,270.34433,267.14975,263.5161,261.9692,0.90967155,0.0062133423,-0.011097211,0.005011612,-0.016377348,12.0,357.0,270.94058,276.9281,269.0926,275.96713,20014232.0,274.31628,270.70898,268.0639,264.52832,262.5852,0.83787596,-0.015929906,0.018552223,0.02209899,-0.0068206624,12.0
354.0,274.93228,277.93835,274.48874,276.70633,7674490.0,273.23212,268.83963,264.83237,261.78244,259.64648,0.90321827,-0.006588245,0.0064527253,0.010933815,-0.001613236,12.0,355.0,273.62637,277.2238,272.76398,275.9179,10994538.0,274.3212,269.75952,265.90668,262.50882,260.85056,0.8818411,-0.0047499267,0.00837465,0.013147209,-0.0031517334,12.0,356.0,275.3265,276.70633,270.81738,272.27115,8798696.0,274.7598,270.34433,267.14975,263.5161,261.9692,0.90967155,0.0062133423,-0.011097211,0.005011612,-0.016377348,12.0,357.0,270.94058,276.9281,269.0926,275.96713,20014232.0,274.31628,270.70898,268.0639,264.52832,262.5852,0.83787596,-0.015929906,0.018552223,0.02209899,-0.0068206624,12.0,358.0,267.17072,268.45197,263.74576,268.45197,10781642.0,272.3993,270.81082,268.73532,265.3631,263.02707,0.77616495,-0.013913998,0.0047956756,0.0047956756,-0.012819353,12.0
355.0,273.62637,277.2238,272.76398,275.9179,10994538.0,274.3212,269.75952,265.90668,262.50882,260.85056,0.8818411,-0.0047499267,0.00837465,0.013147209,-0.0031517334,12.0,356.0,275.3265,276.70633,270.81738,272.27115,8798696.0,274.7598,270.34433,267.14975,263.5161,261.9692,0.90967155,0.0062133423,-0.011097211,0.005011612,-0.016377348,12.0,357.0,270.94058,276.9281,269.0926,275.96713,20014232.0,274.31628,270.70898,268.0639,264.52832,262.5852,0.83787596,-0.015929906,0.018552223,0.02209899,-0.0068206624,12.0,358.0,267.17072,268.45197,263.74576,268.45197,10781642.0,272.3993,270.81082,268.73532,265.3631,263.02707,0.77616495,-0.013913998,0.0047956756,0.0047956756,-0.012819353,12.0,359.0,274.267,275.94254,267.24463,268.6984,11505842.0,272.26624,271.26257,269.6963,266.31915,263.52972,0.8923279,0.026560856,-0.020303635,0.0061091087,-0.02560417,12.0
356.0,275.3265,276.70633,270.81738,272.27115,8798696.0,274.7598,270.34433,267.14975,263.5161,261.9692,0.90967155,0.0062133423,-0.011097211,0.005011612,-0.016377348,12.0,357.0,270.94058,276.9281,269.0926,275.96713,20014232.0,274.31628,270.70898,268.0639,264.52832,262.5852,0.83787596,-0.015929906,0.018552223,0.02209899,-0.0068206624,12.0,358.0,267.17072,268.45197,263.74576,268.45197,10781642.0,272.3993,270.81082,268.73532,265.3631,263.02707,0.77616495,-0.013913998,0.0047956756,0.0047956756,-0.012819353,12.0,359.0,274.267,275.94254,267.24463,268.6984,11505842.0,272.26624,271.26257,269.6963,266.31915,263.52972,0.8923279,0.026560856,-0.020303635,0.0061091087,-0.02560417,12.0,360.0,266.18512,276.38602,265.32272,275.96716,22485404.0,270.77798,271.16895,270.01413,266.88092,263.88702,0.7600312,-0.029467193,0.036749005,0.038322598,-0.0032398407,12.0
357.0,270.94058,276.9281,269.0926,275.96713,20014232.0,274.31628,270.70898,268.0639,264.52832,262.5852,0.83787596,-0.015929906,0.018552223,0.02209899,-0.0068206624,12.0,358.0,267.17072,268.45197,263.74576,268.45197,10781642.0,272.3993,270.81082,268.73532,265.3631,263.02707,0.77616495,-0.013913998,0.0047956756,0.0047956756,-0.012819353,12.0,359.0,274.267,275.94254,267.24463,268.6984,11505842.0,272.26624,271.26257,269.6963,266.31915,263.52972,0.8923279,0.026560856,-0.020303635,0.0061091087,-0.02560417,12.0,360.0,266.18512,276.38602,265.32272,275.96716,22485404.0,270.77798,271.16895,270.01413,266.88092,263.88702,0.7600312,-0.029467193,0.036749005,0.038322598,-0.0032398407,12.0,361.0,270.57098,271.31018,265.71692,267.0475,17337360.0,269.82687,271.49747,270.21497,267.68518,264.5679,0.8318258,0.016476745,-0.013022427,0.0027319917,-0.017940035,12.0
358.0,267.17072,268.45197,263.74576,268.45197,10781642.0,272.3993,270.81082,268.73532,265.3631,263.02707,0.77616495,-0.013913998,0.0047956756,0.0047956756,-0.012819353,12.0,359.0,274.267,275.94254,267.24463,268.6984,11505842.0,272.26624,271.26257,269.6963,266.31915,263.52972,0.8923279,0.026560856,-0.020303635,0.0061091087,-0.02560417,12.0,360.0,266.18512,276.38602,265.32272,275.96716,22485404.0,270.77798,271.16895,270.01413,266.88092,263.88702,0.7600312,-0.029467193,0.036749005,0.038322598,-0.0032398407,12.0,361.0,270.57098,271.31018,265.71692,267.0475,17337360.0,269.82687,271.49747,270.21497,267.68518,264.5679,0.8318258,0.016476745,-0.013022427,0.0027319917,-0.017940035,12.0,362.0,269.80716,271.53195,266.35757,270.9652,10079644.0,269.6002,271.70444,270.4318,268.37115,265.37363,0.81932235,-0.0028230096,0.004292193,0.006392694,-0.012785388,12.0
359.0,274.267,275.94254,267.24463,268.6984,11505842.0,272.26624,271.26257,269.6963,266.31915,263.52972,0.8923279,0.026560856,-0.020303635,0.0061091087,-0.02560417,12.0,360.0,266.18512,276.38602,265.32272,275.96716,22485404.0,270.77798,271.16895,270.01413,266.88092,263.88702,0.7600312,-0.029467193,0.036749005,0.038322598,-0.0032398407,12.0,361.0,270.57098,271.31018,265.71692,267.0475,17337360.0,269.82687,271.49747,270.21497,267.68518,264.5679,0.8318258,0.016476745,-0.013022427,0.0027319917,-0.017940035,12.0,362.0,269.80716,271.53195,266.35757,270.9652,10079644.0,269.6002,271.70444,270.4318,268.37115,265.37363,0.81932235,-0.0028230096,0.004292193,0.006392694,-0.012785388,12.0,363.0,269.7579,271.4334,268.20557,270.91595,6519660.0,270.11765,271.6765,270.63754,269.01178,266.15552,0.8185161,-0.00018255769,0.0042929766,0.0062111127,-0.00575452,12.0
360.0,266.18512,276.38602,265.32272,275.96716,22485404.0,270.77798,271.16895,270.01413,266.88092,263.88702,0.7600312,-0.029467193,0.036749005,0.038322598,-0.0032398407,12.0,361.0,270.57098,271.31018,265.71692,267.0475,17337360.0,269.82687,271.49747,270.21497,267.68518,264.5679,0.8318258,0.016476745,-0.013022427,0.0027319917,-0.017940035,12.0,362.0,269.80716,271.53195,266.35757,270.9652,10079644.0,269.6002,271.70444,270.4318,268.37115,265.37363,0.81932235,-0.0028230096,0.004292193,0.006392694,-0.012785388,12.0,363.0,269.7579,271.4334,268.20557,270.91595,6519660.0,270.11765,271.6765,270.63754,269.01178,266.15552,0.8185161,-0.00018255769,0.0042929766,0.0062111127,-0.00575452,12.0,364.0,267.39243,272.88715,266.60397,269.955,15855760.0,268.7427,271.4137,270.6326,269.50558,266.72308,0.7797943,-0.008768894,0.0095835095,0.020549253,-0.0029487202,12.0
361.0,270.57098,271.31018,265.71692,267.0475,17337360.0,269.82687,271.49747,270.21497,267.68518,264.5679,0.8318258,0.016476745,-0.013022427,0.0027319917,-0.017940035,12.0,362.0,269.80716,271.53195,266.35757,270.9652,10079644.0,269.6002,271.70444,270.4318,268.37115,265.37363,0.81932235,-0.0028230096,0.004292193,0.006392694,-0.012785388,12.0,363.0,269.7579,271.4334,268.20557,270.91595,6519660.0,270.11765,271.6765,270.63754,269.01178,266.15552,0.8185161,-0.00018255769,0.0042929766,0.0062111127,-0.00575452,12.0,364.0,267.39243,272.88715,266.60397,269.955,15855760.0,268.7427,271.4137,270.6326,269.50558,266.72308,0.7797943,-0.008768894,0.0095835095,0.020549253,-0.0029487202,12.0,365.0,268.8955,270.05356,267.09677,268.50125,8586644.0,269.2848,271.46133,270.6979,269.8683,267.2816,0.804399,0.0056212596,-0.0014662307,0.0043067452,-0.0066893143,12.0
362.0,269.80716,271.53195,266.35757,270.9652,10079644.0,269.6002,271.70444,270.4318,268.37115,265.37363,0.81932235,-0.0028230096,0.004292193,0.006392694,-0.012785388,12.0,363.0,269.7579,271.4334,268.20557,270.91595,6519660.0,270.11765,271.6765,270.63754,269.01178,266.15552,0.8185161,-0.00018255769,0.0042929766,0.0062111127,-0.00575452,12.0,364.0,267.39243,272.88715,266.60397,269.955,15855760.0,268.7427,271.4137,270.6326,269.50558,266.72308,0.7797943,-0.008768894,0.0095835095,0.020549253,-0.0029487202,12.0,365.0,268.8955,270.05356,267.09677,268.50125,8586644.0,269.2848,271.46133,270.6979,269.8683,267.2816,0.804399,0.0056212596,-0.0014662307,0.0043067452,-0.0066893143,12.0,366.0,265.79086,269.0187,265.1256,268.5752,8658748.0,268.32877,270.9718,270.7053,269.8377,267.79245,0.7535774,-0.011545915,0.010475618,0.012144338,-0.0025029678,12.0
363.0,269.7579,271.4334,268.20557,270.91595,6519660.0,270.11765,271.6765,270.63754,269.01178,266.15552,0.8185161,-0.00018255769,0.0042929766,0.0062111127,-0.00575452,12.0,364.0,267.39243,272.88715,266.60397,269.955,15855760.0,268.7427,271.4137,270.6326,269.50558,266.72308,0.7797943,-0.008768894,0.0095835095,0.020549253,-0.0029487202,12.0,365.0,268.8955,270.05356,267.09677,268.50125,8586644.0,269.2848,271.46133,270.6979,269.8683,267.2816,0.804399,0.0056212596,-0.0014662307,0.0043067452,-0.0066893143,12.0,366.0,265.79086,269.0187,265.1256,268.5752,8658748.0,268.32877,270.9718,270.7053,269.8377,267.79245,0.7535774,-0.011545915,0.010475618,0.012144338,-0.0025029678,12.0,367.0,265.42126,267.24463,262.95728,266.16046,8314614.0,267.4516,270.45602,270.64124,269.83575,268.2179,0.74752724,-0.0013905609,0.0027849982,0.006869685,-0.0092833275,12.0
364.0,267.39243,272.88715,266.60397,269.955,15855760.0,268.7427,271.4137,270.6326,269.50558,266.72308,0.7797943,-0.008768894,0.0095835095,0.020549253,-0.0029487202,12.0,365.0,268.8955,270.05356,267.09677,268.50125,8586644.0,269.2848,271.46133,270.6979,269.8683,267.2816,0.804399,0.0056212596,-0.0014662307,0.0043067452,-0.0066893143,12.0,366.0,265.79086,269.0187,265.1256,268.5752,8658748.0,268.32877,270.9718,270.7053,269.8377,267.79245,0.7535774,-0.011545915,0.010475618,0.012144338,-0.0025029678,12.0,367.0,265.42126,267.24463,262.95728,266.16046,8314614.0,267.4516,270.45602,270.64124,269.83575,268.2179,0.74752724,-0.0013905609,0.0027849982,0.006869685,-0.0092833275,12.0,368.0,264.31244,267.54028,263.9182,267.54028,6878338.0,266.3625,269.62646,270.34802,269.78253,268.57025,0.72937626,-0.0041776067,0.012212266,0.012212266,-0.0014915407,12.0
365.0,268.8955,270.05356,267.09677,268.50125,8586644.0,269.2848,271.46133,270.6979,269.8683,267.2816,0.804399,0.0056212596,-0.0014662307,0.0043067452,-0.0066893143,12.0,366.0,265.79086,269.0187,265.1256,268.5752,8658748.0,268.32877,270.9718,270.7053,269.8377,267.79245,0.7535774,-0.011545915,0.010475618,0.012144338,-0.0025029678,12.0,367.0,265.42126,267.24463,262.95728,266.16046,8314614.0,267.4516,270.45602,270.64124,269.83575,268.2179,0.74752724,-0.0013905609,0.0027849982,0.006869685,-0.0092833275,12.0,368.0,264.31244,267.54028,263.9182,267.54028,6878338.0,266.3625,269.62646,270.34802,269.78253,268.57025,0.72937626,-0.0041776067,0.012212266,0.012212266,-0.0014915407,12.0,369.0,262.46445,265.2734,262.09485,264.411,8386882.0,265.3769,268.7953,269.90448,269.58145,268.81747,0.69912547,-0.006991695,0.007416471,0.010702239,-0.0014081863,12.0
366.0,265.79086,269.0187,265.1256,268.5752,8658748.0,268.32877,270.9718,270.7053,269.8377,267.79245,0.7535774,-0.011545915,0.010475618,0.012144338,-0.0025029678,12.0,367.0,265.42126,267.24463,262.95728,266.16046,8314614.0,267.4516,270.45602,270.64124,269.83575,268.2179,0.74752724,-0.0013905609,0.0027849982,0.006869685,-0.0092833275,12.0,368.0,264.31244,267.54028,263.9182,267.54028,6878338.0,266.3625,269.62646,270.34802,269.78253,268.57025,0.72937626,-0.0041776067,0.012212266,0.012212266,-0.0014915407,12.0,369.0,262.46445,265.2734,262.09485,264.411,8386882.0,265.3769,268.7953,269.90448,269.58145,268.81747,0.69912547,-0.006991695,0.007416471,0.010702239,-0.0014081863,12.0,370.0,262.24274,264.33713,258.7685,263.17905,10755374.0,264.04636,268.03638,269.60757,269.36758,268.89795,0.6954962,-0.0008447247,0.003570353,0.007986469,-0.013248236,12.0
367.0,265.42126,267.24463,262.95728,266.16046,8314614.0,267.4516,270.45602,270.64124,269.83575,268.2179,0.74752724,-0.0013905609,0.0027849982,0.006869685,-0.0092833275,12.0,368.0,264.31244,267.54028,263.9182,267.54028,6878338.0,266.3625,269.62646,270.34802,269.78253,268.57025,0.72937626,-0.0041776067,0.012212266,0.012212266,-0.0014915407,12.0,369.0,262.46445,265.2734,262.09485,264.411,8386882.0,265.3769,268.7953,269.90448,269.58145,268.81747,0.69912547,-0.006991695,0.007416471,0.010702239,-0.0014081863,12.0,370.0,262.24274,264.33713,258.7685,263.17905,10755374.0,264.04636,268.03638,269.60757,269.36758,268.89795,0.6954962,-0.0008447247,0.003570353,0.007986469,-0.013248236,12.0,371.0,261.67596,264.60812,260.19757,263.1051,9131020.0,263.22336,267.12634,269.0347,269.20892,268.73532,0.6862184,-0.0021612514,0.0054614395,0.011205296,-0.0056497175,12.0
368.0,264.31244,267.54028,263.9182,267.54028,6878338.0,266.3625,269.62646,270.34802,269.78253,268.57025,0.72937626,-0.0041776067,0.012212266,0.012212266,-0.0014915407,12.0,369.0,262.46445,265.2734,262.09485,264.411,8386882.0,265.3769,268.7953,269.90448,269.58145,268.81747,0.69912547,-0.006991695,0.007416471,0.010702239,-0.0014081863,12.0,370.0,262.24274,264.33713,258.7685,263.17905,10755374.0,264.04636,268.03638,269.60757,269.36758,268.89795,0.6954962,-0.0008447247,0.003570353,0.007986469,-0.013248236,12.0,371.0,261.67596,264.60812,260.19757,263.1051,9131020.0,263.22336,267.12634,269.0347,269.20892,268.73532,0.6862184,-0.0021612514,0.0054614395,0.011205296,-0.0056497175,12.0,372.0,259.11343,261.65137,257.8568,259.90192,11449216.0,261.9618,266.33786,268.33246,268.90533,268.52344,0.64427096,-0.009792762,0.0030430518,0.009794645,-0.0048497296,12.0
369.0,262.46445,265.2734,262.09485,264.411,8386882.0,265.3769,268.7953,269.90448,269.58145,268.81747,0.69912547,-0.006991695,0.007416471,0.010702239,-0.0014081863,12.0,370.0,262.24274,264.33713,258.7685,263.17905,10755374.0,264.04636,268.03638,269.60757,269.36758,268.89795,0.6954962,-0.0008447247,0.003570353,0.007986469,-0.013248236,12.0,371.0,261.67596,264.60812,260.19757,263.1051,9131020.0,263.22336,267.12634,269.0347,269.20892,268.73532,0.6862184,-0.0021612514,0.0054614395,0.011205296,-0.0056497175,12.0,372.0,259.11343,261.65137,257.8568,259.90192,11449216.0,261.9618,266.33786,268.33246,268.90533,268.52344,0.64427096,-0.009792762,0.0030430518,0.009794645,-0.0048497296,12.0,373.0,259.13806,262.2427,257.83215,261.5528,7731112.0,260.92694,265.80237,267.4516,268.4638,268.30658,0.64467406,9.5045965e-05,0.009318293,0.011980697,-0.0050393906,12.0
370.0,262.24274,264.33713,258.7685,263.17905,10755374.0,264.04636,268.03638,269.60757,269.36758,268.89795,0.6954962,-0.0008447247,0.003570353,0.007986469,-0.013248236,12.0,371.0,261.67596,264.60812,260.19757,263.1051,9131020.0,263.22336,267.12634,269.0347,269.20892,268.73532,0.6862184,-0.0021612514,0.0054614395,0.011205296,-0.0056497175,12.0,372.0,259.11343,261.65137,257.8568,259.90192,11449216.0,261.9618,266.33786,268.33246,268.90533,268.52344,0.64427096,-0.009792762,0.0030430518,0.009794645,-0.0048497296,12.0,373.0,259.13806,262.2427,257.83215,261.5528,7731112.0,260.92694,265.80237,267.4516,268.4638,268.30658,0.64467406,9.5045965e-05,0.009318293,0.011980697,-0.0050393906,12.0,374.0,258.64526,260.9368,257.53647,260.1976,8344716.0,260.1631,264.7609,266.63724,267.9562,268.01175,0.6366072,-0.0019016807,0.0060017616,0.008859721,-0.0042869393,12.0
371.0,261.67596,264.60812,260.19757,263.1051,9131020.0,263.22336,267.12634,269.0347,269.20892,268.73532,0.6862184,-0.0021612514,0.0054614395,0.011205296,-0.0056497175,12.0,372.0,259.11343,261.65137,257.8568,259.90192,11449216.0,261.9618,266.33786,268.33246,268.90533,268.52344,0.64427096,-0.009792762,0.0030430518,0.009794645,-0.0048497296,12.0,373.0,259.13806,262.2427,257.83215,261.5528,7731112.0,260.92694,265.80237,267.4516,268.4638,268.30658,0.64467406,9.5045965e-05,0.009318293,0.011980697,-0.0050393906,12.0,374.0,258.64526,260.9368,257.53647,260.1976,8344716.0,260.1631,264.7609,266.63724,267.9562,268.01175,0.6366072,-0.0019016807,0.0060017616,0.008859721,-0.0042869393,12.0,375.0,276.80493,277.59338,259.0149,259.3352,58696170.0,263.07553,265.4689,266.79617,268.30118,268.3189,0.9338727,0.07021071,-0.063112,0.0028484522,-0.064269245,12.0
372.0,259.11343,261.65137,257.8568,259.90192,11449216.0,261.9618,266.33786,268.33246,268.90533,268.52344,0.64427096,-0.009792762,0.0030430518,0.009794645,-0.0048497296,12.0,373.0,259.13806,262.2427,257.83215,261.5528,7731112.0,260.92694,265.80237,267.4516,268.4638,268.30658,0.64467406,9.5045965e-05,0.009318293,0.011980697,-0.0050393906,12.0,374.0,258.64526,260.9368,257.53647,260.1976,8344716.0,260.1631,264.7609,266.63724,267.9562,268.01175,0.6366072,-0.0019016807,0.0060017616,0.008859721,-0.0042869393,12.0,375.0,276.80493,277.59338,259.0149,259.3352,58696170.0,263.07553,265.4689,266.79617,268.30118,268.3189,0.9338727,0.07021071,-0.063112,0.0028484522,-0.064269245,12.0,376.0,283.80267,285.65067,275.47437,276.45996,62132400.0,267.5009,266.351,267.21997,268.72794,268.92422,1.0484226,0.025280409,-0.025872588,0.0065115467,-0.029345414,12.0
373.0,259.13806,262.2427,257.83215,261.5528,7731112.0,260.92694,265.80237,267.4516,268.4638,268.30658,0.64467406,9.5045965e-05,0.009318293,0.011980697,-0.0050393906,12.0,374.0,258.64526,260.9368,257.53647,260.1976,8344716.0,260.1631,264.7609,266.63724,267.9562,268.01175,0.6366072,-0.0019016807,0.0060017616,0.008859721,-0.0042869393,12.0,375.0,276.80493,277.59338,259.0149,259.3352,58696170.0,263.07553,265.4689,266.79617,268.30118,268.3189,0.9338727,0.07021071,-0.063112,0.0028484522,-0.064269245,12.0,376.0,283.80267,285.65067,275.47437,276.45996,62132400.0,267.5009,266.351,267.21997,268.72794,268.92422,1.0484226,0.025280409,-0.025872588,0.0065115467,-0.029345414,12.0,377.0,284.71432,290.3815,280.05737,285.82312,73815656.0,272.62106,267.34482,267.90866,269.1902,269.52463,1.0633459,0.003212273,0.003894418,0.019904803,-0.016356576,12.0
374.0,258.64526,260.9368,257.53647,260.1976,8344716.0,260.1631,264.7609,266.63724,267.9562,268.01175,0.6366072,-0.0019016807,0.0060017616,0.008859721,-0.0042869393,12.0,375.0,276.80493,277.59338,259.0149,259.3352,58696170.0,263.07553,265.4689,266.79617,268.30118,268.3189,0.9338727,0.07021071,-0.063112,0.0028484522,-0.064269245,12.0,376.0,283.80267,285.65067,275.47437,276.45996,62132400.0,267.5009,266.351,267.21997,268.72794,268.92422,1.0484226,0.025280409,-0.025872588,0.0065115467,-0.029345414,12.0,377.0,284.71432,290.3815,280.05737,285.82312,73815656.0,272.62106,267.34482,267.90866,269.1902,269.52463,1.0633459,0.003212273,0.003894418,0.019904803,-0.016356576,12.0,378.0,282.76776,287.7943,280.89514,282.15176,21715702.0,277.347,268.21213,268.6885,269.43066,269.94434,1.0314815,-0.0068369014,-0.0021784594,0.01777625,-0.0066224956,12.0
375.0,276.80493,277.59338,259.0149,259.3352,58696170.0,263.07553,265.4689,266.79617,268.30118,268.3189,0.9338727,0.07021071,-0.063112,0.0028484522,-0.064269245,12.0,376.0,283.80267,285.65067,275.47437,276.45996,62132400.0,267.5009,266.351,267.21997,268.72794,268.92422,1.0484226,0.025280409,-0.025872588,0.0065115467,-0.029345414,12.0,377.0,284.71432,290.3815,280.05737,285.82312,73815656.0,272.62106,267.34482,267.90866,269.1902,269.52463,1.0633459,0.003212273,0.003894418,0.019904803,-0.016356576,12.0,378.0,282.76776,287.7943,280.89514,282.15176,21715702.0,277.347,268.21213,268.6885,269.43066,269.94434,1.0314815,-0.0068369014,-0.0021784594,0.01777625,-0.0066224956,12.0,379.0,279.9588,284.91144,276.731,283.7041,21047054.0,281.6097,269.0499,268.9731,269.63174,270.23178,0.9855001,-0.009933806,0.0133779915,0.017690634,-0.011529639,12.0
376.0,283.80267,285.65067,275.47437,276.45996,62132400.0,267.5009,266.351,267.21997,268.72794,268.92422,1.0484226,0.025280409,-0.025872588,0.0065115467,-0.029345414,12.0,377.0,284.71432,290.3815,280.05737,285.82312,73815656.0,272.62106,267.34482,267.90866,269.1902,269.52463,1.0633459,0.003212273,0.003894418,0.019904803,-0.016356576,12.0,378.0,282.76776,287.7943,280.89514,282.15176,21715702.0,277.347,268.21213,268.6885,269.43066,269.94434,1.0314815,-0.0068369014,-0.0021784594,0.01777625,-0.0066224956,12.0,379.0,279.9588,284.91144,276.731,283.7041,21047054.0,281.6097,269.0499,268.9731,269.63174,270.23178,0.9855001,-0.009933806,0.0133779915,0.017690634,-0.011529639,12.0,380.0,287.89288,288.2871,281.38794,284.39398,24086770.0,283.8273,270.31638,270.0585,270.2024,270.88885,1.1153774,0.028340178,-0.012153435,0.0013693732,-0.022595022,12.0
377.0,284.71432,290.3815,280.05737,285.82312,73815656.0,272.62106,267.34482,267.90866,269.1902,269.52463,1.0633459,0.003212273,0.003894418,0.019904803,-0.016356576,12.0,378.0,282.76776,287.7943,280.89514,282.15176,21715702.0,277.347,268.21213,268.6885,269.43066,269.94434,1.0314815,-0.0068369014,-0.0021784594,0.01777625,-0.0066224956,12.0,379.0,279.9588,284.91144,276.731,283.7041,21047054.0,281.6097,269.0499,268.9731,269.63174,270.23178,0.9855001,-0.009933806,0.0133779915,0.017690634,-0.011529639,12.0,380.0,287.89288,288.2871,281.38794,284.39398,24086770.0,283.8273,270.31638,270.0585,270.2024,270.88885,1.1153774,0.028340178,-0.012153435,0.0013693732,-0.022595022,12.0,381.0,295.26025,296.56616,287.6465,289.02634,28114910.0,286.1188,272.281,271.29297,270.99973,271.6264,1.2359779,0.025590666,-0.021113284,0.0044228714,-0.02578655,12.0
378.0,282.76776,287.7943,280.89514,282.15176,21715702.0,277.347,268.21213,268.6885,269.43066,269.94434,1.0314815,-0.0068369014,-0.0021784594,0.01777625,-0.0066224956,12.0,379.0,279.9588,284.91144,276.731,283.7041,21047054.0,281.6097,269.0499,268.9731,269.63174,270.23178,0.9855001,-0.009933806,0.0133779915,0.017690634,-0.011529639,12.0,380.0,287.89288,288.2871,281.38794,284.39398,24086770.0,283.8273,270.31638,270.0585,270.2024,270.88885,1.1153774,0.028340178,-0.012153435,0.0013693732,-0.022595022,12.0,381.0,295.26025,296.56616,287.6465,289.02634,28114910.0,286.1188,272.281,271.29297,270.99973,271.6264,1.2359779,0.025590666,-0.021113284,0.0044228714,-0.02578655,12.0,382.0,290.9729,295.9255,289.88873,295.7284,12199806.0,287.3705,273.98447,272.35126,271.80103,272.22025,1.1657959,-0.014520591,0.016343404,0.017020896,-0.0037259923,12.0
379.0,279.9588,284.91144,276.731,283.7041,21047054.0,281.6097,269.0499,268.9731,269.63174,270.23178,0.9855001,-0.009933806,0.0133779915,0.017690634,-0.011529639,12.0,380.0,287.89288,288.2871,281.38794,284.39398,24086770.0,283.8273,270.31638,270.0585,270.2024,270.88885,1.1153774,0.028340178,-0.012153435,0.0013693732,-0.022595022,12.0,381.0,295.26025,296.56616,287.6465,289.02634,28114910.0,286.1188,272.281,271.29297,270.99973,271.6264,1.2359779,0.025590666,-0.021113284,0.0044228714,-0.02578655,12.0,382.0,290.9729,295.9255,289.88873,295.7284,12199806.0,287.3705,273.98447,272.35126,271.80103,272.22025,1.1657959,-0.014520591,0.016343404,0.017020896,-0.0037259923,12.0,383.0,291.46567,293.04263,287.86826,290.20905,7966274.0,289.1101,275.79468,273.43665,272.77283,272.71057,1.1738622,0.0016935163,-0.004311417,0.0054104524,-0.0123425275,12.0
380.0,287.89288,288.2871,281.38794,284.39398,24086770.0,283.8273,270.31638,270.0585,270.2024,270.88885,1.1153774,0.028340178,-0.012153435,0.0013693732,-0.022595022,12.0,381.0,295.26025,296.56616,287.6465,289.02634,28114910.0,286.1188,272.281,271.29297,270.99973,271.6264,1.2359779,0.025590666,-0.021113284,0.0044228714,-0.02578655,12.0,382.0,290.9729,295.9255,289.88873,295.7284,12199806.0,287.3705,273.98447,272.35126,271.80103,272.22025,1.1657959,-0.014520591,0.016343404,0.017020896,-0.0037259923,12.0,383.0,291.46567,293.04263,287.86826,290.20905,7966274.0,289.1101,275.79468,273.43665,272.77283,272.71057,1.1738622,0.0016935163,-0.004311417,0.0054104524,-0.0123425275,12.0,384.0,291.7121,292.402,287.30154,291.2193,9147860.0,291.46075,277.7445,274.65262,273.47064,273.2699,1.1778963,0.0008454836,-0.0016893318,0.0023650026,-0.0151195405,12.0
381.0,295.26025,296.56616,287.6465,289.02634,28114910.0,286.1188,272.281,271.29297,270.99973,271.6264,1.2359779,0.025590666,-0.021113284,0.0044228714,-0.02578655,12.0,382.0,290.9729,295.9255,289.88873,295.7284,12199806.0,287.3705,273.98447,272.35126,271.80103,272.22025,1.1657959,-0.014520591,0.016343404,0.017020896,-0.0037259923,12.0,383.0,291.46567,293.04263,287.86826,290.20905,7966274.0,289.1101,275.79468,273.43665,272.77283,272.71057,1.1738622,0.0016935163,-0.004311417,0.0054104524,-0.0123425275,12.0,384.0,291.7121,292.402,287.30154,291.2193,9147860.0,291.46075,277.7445,274.65262,273.47064,273.2699,1.1778963,0.0008454836,-0.0016893318,0.0023650026,-0.0151195405,12.0,385.0,290.9729,294.6935,289.71628,292.5252,11668940.0,292.07675,279.65985,275.75647,274.46216,273.8481,1.1657959,-0.0025339941,0.005334852,0.012786836,-0.0043187193,12.0
382.0,290.9729,295.9255,289.88873,295.7284,12199806.0,287.3705,273.98447,272.35126,271.80103,272.22025,1.1657959,-0.014520591,0.016343404,0.017020896,-0.0037259923,12.0,383.0,291.46567,293.04263,287.86826,290.20905,7966274.0,289.1101,275.79468,273.43665,272.77283,272.71057,1.1738622,0.0016935163,-0.004311417,0.0054104524,-0.0123425275,12.0,384.0,291.7121,292.402,287.30154,291.2193,9147860.0,291.46075,277.7445,274.65262,273.47064,273.2699,1.1778963,0.0008454836,-0.0016893318,0.0023650026,-0.0151195405,12.0,385.0,290.9729,294.6935,289.71628,292.5252,11668940.0,292.07675,279.65985,275.75647,274.46216,273.8481,1.1657959,-0.0025339941,0.005334852,0.012786836,-0.0043187193,12.0,386.0,289.34665,292.22952,288.2871,290.1844,6356412.0,290.89404,281.50458,276.93427,275.21317,274.31546,1.1391749,-0.0055890125,0.0028952586,0.00996334,-0.0036617974,12.0
383.0,291.46567,293.04263,287.86826,290.20905,7966274.0,289.1101,275.79468,273.43665,272.77283,272.71057,1.1738622,0.0016935163,-0.004311417,0.0054104524,-0.0123425275,12.0,384.0,291.7121,292.402,287.30154,291.2193,9147860.0,291.46075,277.7445,274.65262,273.47064,273.2699,1.1778963,0.0008454836,-0.0016893318,0.0023650026,-0.0151195405,12.0,385.0,290.9729,294.6935,289.71628,292.5252,11668940.0,292.07675,279.65985,275.75647,274.46216,273.8481,1.1657959,-0.0025339941,0.005334852,0.012786836,-0.0043187193,12.0,386.0,289.34665,292.22952,288.2871,290.1844,6356412.0,290.89404,281.50458,276.93427,275.21317,274.31546,1.1391749,-0.0055890125,0.0028952586,0.00996334,-0.0036617974,12.0,387.0,291.8599,293.41223,286.93192,289.86407,9247796.0,291.07144,283.68768,278.2562,276.09528,275.01276,1.1803156,0.00868593,-0.0068383077,0.0053187413,-0.01688476,12.0
384.0,291.7121,292.402,287.30154,291.2193,9147860.0,291.46075,277.7445,274.65262,273.47064,273.2699,1.1778963,0.0008454836,-0.0016893318,0.0023650026,-0.0151195405,12.0,385.0,290.9729,294.6935,289.71628,292.5252,11668940.0,292.07675,279.65985,275.75647,274.46216,273.8481,1.1657959,-0.0025339941,0.005334852,0.012786836,-0.0043187193,12.0,386.0,289.34665,292.22952,288.2871,290.1844,6356412.0,290.89404,281.50458,276.93427,275.21317,274.31546,1.1391749,-0.0055890125,0.0028952586,0.00996334,-0.0036617974,12.0,387.0,291.8599,293.41223,286.93192,289.86407,9247796.0,291.07144,283.68768,278.2562,276.09528,275.01276,1.1803156,0.00868593,-0.0068383077,0.0053187413,-0.01688476,12.0,388.0,295.38342,297.6503,292.79623,297.6503,10331214.0,291.85498,286.10403,279.80975,277.1203,275.9532,1.2379942,0.012072673,0.0076743,0.0076743,-0.008758758,12.0
385.0,290.9729,294.6935,289.71628,292.5252,11668940.0,292.07675,279.65985,275.75647,274.46216,273.8481,1.1657959,-0.0025339941,0.005334852,0.012786836,-0.0043187193,12.0,386.0,289.34665,292.22952,288.2871,290.1844,6356412.0,290.89404,281.50458,276.93427,275.21317,274.31546,1.1391749,-0.0055890125,0.0028952586,0.00996334,-0.0036617974,12.0,387.0,291.8599,293.41223,286.93192,289.86407,9247796.0,291.07144,283.68768,278.2562,276.09528,275.01276,1.1803156,0.00868593,-0.0068383077,0.0053187413,-0.01688476,12.0,388.0,295.38342,297.6503,292.79623,297.6503,10331214.0,291.85498,286.10403,279.80975,277.1203,275.9532,1.2379942,0.012072673,0.0076743,0.0076743,-0.008758758,12.0,389.0,294.10214,297.6503,292.87015,297.4039,9018712.0,292.333,288.46783,281.39163,278.1887,276.61435,1.2170202,-0.004337686,0.011226562,0.012064364,-0.004189008,12.0
386.0,289.34665,292.22952,288.2871,290.1844,6356412.0,290.89404,281.50458,276.93427,275.21317,274.31546,1.1391749,-0.0055890125,0.0028952586,0.00996334,-0.0036617974,12.0,387.0,291.8599,293.41223,286.93192,289.86407,9247796.0,291.07144,283.68768,278.2562,276.09528,275.01276,1.1803156,0.00868593,-0.0068383077,0.0053187413,-0.01688476,12.0,388.0,295.38342,297.6503,292.79623,297.6503,10331214.0,291.85498,286.10403,279.80975,277.1203,275.9532,1.2379942,0.012072673,0.0076743,0.0076743,-0.008758758,12.0,389.0,294.10214,297.6503,292.87015,297.4039,9018712.0,292.333,288.46783,281.39163,278.1887,276.61435,1.2170202,-0.004337686,0.011226562,0.012064364,-0.004189008,12.0,390.0,296.12262,302.82468,294.44708,294.44708,22588728.0,293.36295,289.75568,283.08563,279.27777,277.61227,1.2500944,0.006869985,-0.0056582196,0.022632675,-0.0056582196,12.0
387.0,291.8599,293.41223,286.93192,289.86407,9247796.0,291.07144,283.68768,278.2562,276.09528,275.01276,1.1803156,0.00868593,-0.0068383077,0.0053187413,-0.01688476,12.0,388.0,295.38342,297.6503,292.79623,297.6503,10331214.0,291.85498,286.10403,279.80975,277.1203,275.9532,1.2379942,0.012072673,0.0076743,0.0076743,-0.008758758,12.0,389.0,294.10214,297.6503,292.87015,297.4039,9018712.0,292.333,288.46783,281.39163,278.1887,276.61435,1.2170202,-0.004337686,0.011226562,0.012064364,-0.004189008,12.0,390.0,296.12262,302.82468,294.44708,294.44708,22588728.0,293.36295,289.75568,283.08563,279.27777,277.61227,1.2500944,0.006869985,-0.0056582196,0.022632675,-0.0056582196,12.0,391.0,294.69348,298.833,293.8557,297.52707,10540400.0,294.4323,290.48172,284.7365,280.43387,278.41635,1.2267001,-0.0048261704,0.009615385,0.014046864,-0.0028428298,12.0
388.0,295.38342,297.6503,292.79623,297.6503,10331214.0,291.85498,286.10403,279.80975,277.1203,275.9532,1.2379942,0.012072673,0.0076743,0.0076743,-0.008758758,12.0,389.0,294.10214,297.6503,292.87015,297.4039,9018712.0,292.333,288.46783,281.39163,278.1887,276.61435,1.2170202,-0.004337686,0.011226562,0.012064364,-0.004189008,12.0,390.0,296.12262,302.82468,294.44708,294.44708,22588728.0,293.36295,289.75568,283.08563,279.27777,277.61227,1.2500944,0.006869985,-0.0056582196,0.022632675,-0.0056582196,12.0,391.0,294.69348,298.833,293.8557,297.52707,10540400.0,294.4323,290.48172,284.7365,280.43387,278.41635,1.2267001,-0.0048261704,0.009615385,0.014046864,-0.0028428298,12.0,392.0,294.10214,298.6359,293.46152,295.6791,9293502.0,294.88077,291.10757,286.48593,281.58112,279.2262,1.2170202,-0.0020066244,0.005361951,0.015415571,-0.0021782639,12.0
389.0,294.10214,297.6503,292.87015,297.4039,9018712.0,292.333,288.46783,281.39163,278.1887,276.61435,1.2170202,-0.004337686,0.011226562,0.012064364,-0.004189008,12.0,390.0,296.12262,302.82468,294.44708,294.44708,22588728.0,293.36295,289.75568,283.08563,279.27777,277.61227,1.2500944,0.006869985,-0.0056582196,0.022632675,-0.0056582196,12.0,391.0,294.69348,298.833,293.8557,297.52707,10540400.0,294.4323,290.48172,284.7365,280.43387,278.41635,1.2267001,-0.0048261704,0.009615385,0.014046864,-0.0028428298,12.0,392.0,294.10214,298.6359,293.46152,295.6791,9293502.0,294.88077,291.10757,286.48593,281.58112,279.2262,1.2170202,-0.0020066244,0.005361951,0.015415571,-0.0021782639,12.0,393.0,297.57635,300.08963,292.27878,294.89062,14055564.0,295.31934,292.09482,288.40787,282.91168,280.15347,1.2738914,0.011812946,-0.00902534,0.008445867,-0.017802436,12.0
390.0,296.12262,302.82468,294.44708,294.44708,22588728.0,293.36295,289.75568,283.08563,279.27777,277.61227,1.2500944,0.006869985,-0.0056582196,0.022632675,-0.0056582196,12.0,391.0,294.69348,298.833,293.8557,297.52707,10540400.0,294.4323,290.48172,284.7365,280.43387,278.41635,1.2267001,-0.0048261704,0.009615385,0.014046864,-0.0028428298,12.0,392.0,294.10214,298.6359,293.46152,295.6791,9293502.0,294.88077,291.10757,286.48593,281.58112,279.2262,1.2170202,-0.0020066244,0.005361951,0.015415571,-0.0021782639,12.0,393.0,297.57635,300.08963,292.27878,294.89062,14055564.0,295.31934,292.09482,288.40787,282.91168,280.15347,1.2738914,0.011812946,-0.00902534,0.008445867,-0.017802436,12.0,394.0,296.2951,298.8823,294.91528,296.61545,8565026.0,295.75793,293.1839,290.29034,284.2649,281.1169,1.252918,-0.0043056174,0.0010811217,0.0087318085,-0.0046569444,12.0
391.0,294.69348,298.833,293.8557,297.52707,10540400.0,294.4323,290.48172,284.7365,280.43387,278.41635,1.2267001,-0.0048261704,0.009615385,0.014046864,-0.0028428298,12.0,392.0,294.10214,298.6359,293.46152,295.6791,9293502.0,294.88077,291.10757,286.48593,281.58112,279.2262,1.2170202,-0.0020066244,0.005361951,0.015415571,-0.0021782639,12.0,393.0,297.57635,300.08963,292.27878,294.89062,14055564.0,295.31934,292.09482,288.40787,282.91168,280.15347,1.2738914,0.011812946,-0.00902534,0.008445867,-0.017802436,12.0,394.0,296.2951,298.8823,294.91528,296.61545,8565026.0,295.75793,293.1839,290.29034,284.2649,281.1169,1.252918,-0.0043056174,0.0010811217,0.0087318085,-0.0046569444,12.0,395.0,298.56192,300.06497,295.9994,296.66467,7905016.0,296.2458,293.89517,291.3782,285.71765,282.10577,1.2900246,0.007650532,-0.006354668,0.0050343303,-0.008582902,12.0
392.0,294.10214,298.6359,293.46152,295.6791,9293502.0,294.88077,291.10757,286.48593,281.58112,279.2262,1.2170202,-0.0020066244,0.005361951,0.015415571,-0.0021782639,12.0,393.0,297.57635,300.08963,292.27878,294.89062,14055564.0,295.31934,292.09482,288.40787,282.91168,280.15347,1.2738914,0.011812946,-0.00902534,0.008445867,-0.017802436,12.0,394.0,296.2951,298.8823,294.91528,296.61545,8565026.0,295.75793,293.1839,290.29034,284.2649,281.1169,1.252918,-0.0043056174,0.0010811217,0.0087318085,-0.0046569444,12.0,395.0,298.56192,300.06497,295.9994,296.66467,7905016.0,296.2458,293.89517,291.3782,285.71765,282.10577,1.2900246,0.007650532,-0.006354668,0.0050343303,-0.008582902,12.0,396.0,303.31744,305.7568,298.63586,298.63586,16729368.0,297.97058,294.4323,292.35394,287.38333,283.35666,1.3678705,0.015928099,-0.015434606,0.008042262,-0.015434606,12.0
393.0,297.57635,300.08963,292.27878,294.89062,14055564.0,295.31934,292.09482,288.40787,282.91168,280.15347,1.2738914,0.011812946,-0.00902534,0.008445867,-0.017802436,12.0,394.0,296.2951,298.8823,294.91528,296.61545,8565026.0,295.75793,293.1839,290.29034,284.2649,281.1169,1.252918,-0.0043056174,0.0010811217,0.0087318085,-0.0046569444,12.0,395.0,298.56192,300.06497,295.9994,296.66467,7905016.0,296.2458,293.89517,291.3782,285.71765,282.10577,1.2900246,0.007650532,-0.006354668,0.0050343303,-0.008582902,12.0,396.0,303.31744,305.7568,298.63586,298.63586,16729368.0,297.97058,294.4323,292.35394,287.38333,283.35666,1.3678705,0.015928099,-0.015434606,0.008042262,-0.015434606,12.0,397.0,302.6029,305.9786,300.8535,303.61313,7144852.0,299.67075,295.20764,293.24835,289.1229,284.59607,1.3561738,-0.002355745,0.0033384706,0.011155503,-0.0057812682,12.0
394.0,296.2951,298.8823,294.91528,296.61545,8565026.0,295.75793,293.1839,290.29034,284.2649,281.1169,1.252918,-0.0043056174,0.0010811217,0.0087318085,-0.0046569444,12.0,395.0,298.56192,300.06497,295.9994,296.66467,7905016.0,296.2458,293.89517,291.3782,285.71765,282.10577,1.2900246,0.007650532,-0.006354668,0.0050343303,-0.008582902,12.0,396.0,303.31744,305.7568,298.63586,298.63586,16729368.0,297.97058,294.4323,292.35394,287.38333,283.35666,1.3678705,0.015928099,-0.015434606,0.008042262,-0.015434606,12.0,397.0,302.6029,305.9786,300.8535,303.61313,7144852.0,299.67075,295.20764,293.24835,289.1229,284.59607,1.3561738,-0.002355745,0.0033384706,0.011155503,-0.0057812682,12.0,398.0,312.8778,313.93732,301.1985,302.4551,23645544.0,302.73105,296.63513,294.75388,291.2725,286.2149,1.5243692,0.033955067,-0.03331237,0.0033863022,-0.03732873,12.0
395.0,298.56192,300.06497,295.9994,296.66467,7905016.0,296.2458,293.89517,291.3782,285.71765,282.10577,1.2900246,0.007650532,-0.006354668,0.0050343303,-0.008582902,12.0,396.0,303.31744,305.7568,298.63586,298.63586,16729368.0,297.97058,294.4323,292.35394,287.38333,283.35666,1.3678705,0.015928099,-0.015434606,0.008042262,-0.015434606,12.0,397.0,302.6029,305.9786,300.8535,303.61313,7144852.0,299.67075,295.20764,293.24835,289.1229,284.59607,1.3561738,-0.002355745,0.0033384706,0.011155503,-0.0057812682,12.0,398.0,312.8778,313.93732,301.1985,302.4551,23645544.0,302.73105,296.63513,294.75388,291.2725,286.2149,1.5243692,0.033955067,-0.03331237,0.0033863022,-0.03732873,12.0,399.0,310.1674,314.9968,307.80194,313.29666,13847154.0,305.5055,297.86548,296.2643,293.33337,287.805,1.480001,-0.008662866,0.010088935,0.015570365,-0.007626388,12.0
396.0,303.31744,305.7568,298.63586,298.63586,16729368.0,297.97058,294.4323,292.35394,287.38333,283.35666,1.3678705,0.015928099,-0.015434606,0.008042262,-0.015434606,12.0,397.0,302.6029,305.9786,300.8535,303.61313,7144852.0,299.67075,295.20764,293.24835,289.1229,284.59607,1.3561738,-0.002355745,0.0033384706,0.011155503,-0.0057812682,12.0,398.0,312.8778,313.93732,301.1985,302.4551,23645544.0,302.73105,296.63513,294.75388,291.2725,286.2149,1.5243692,0.033955067,-0.03331237,0.0033863022,-0.03732873,12.0,399.0,310.1674,314.9968,307.80194,313.29666,13847154.0,305.5055,297.86548,296.2643,293.33337,287.805,1.480001,-0.008662866,0.010088935,0.015570365,-0.007626388,12.0,400.0,305.5597,311.424,304.54947,306.76706,12341386.0,306.90506,298.83792,297.14764,294.48358,289.2489,1.404575,-0.014855516,0.003951314,0.01919204,-0.0033061653,12.0
397.0,302.6029,305.9786,300.8535,303.61313,7144852.0,299.67075,295.20764,293.24835,289.1229,284.59607,1.3561738,-0.002355745,0.0033384706,0.011155503,-0.0057812682,12.0,398.0,312.8778,313.93732,301.1985,302.4551,23645544.0,302.73105,296.63513,294.75388,291.2725,286.2149,1.5243692,0.033955067,-0.03331237,0.0033863022,-0.03732873,12.0,399.0,310.1674,314.9968,307.80194,313.29666,13847154.0,305.5055,297.86548,296.2643,293.33337,287.805,1.480001,-0.008662866,0.010088935,0.015570365,-0.007626388,12.0,400.0,305.5597,311.424,304.54947,306.76706,12341386.0,306.90506,298.83792,297.14764,294.48358,289.2489,1.404575,-0.014855516,0.003951314,0.01919204,-0.0033061653,12.0,401.0,309.8963,313.888,307.25983,308.49185,14072750.0,308.22083,300.20792,297.87946,295.5273,290.85623,1.4755634,0.0141923465,-0.004532044,0.012880714,-0.008507554,12.0
398.0,312.8778,313.93732,301.1985,302.4551,23645544.0,302.73105,296.63513,294.75388,291.2725,286.2149,1.5243692,0.033955067,-0.03331237,0.0033863022,-0.03732873,12.0,399.0,310.1674,314.9968,307.80194,313.29666,13847154.0,305.5055,297.86548,296.2643,293.33337,287.805,1.480001,-0.008662866,0.010088935,0.015570365,-0.007626388,12.0,400.0,305.5597,311.424,304.54947,306.76706,12341386.0,306.90506,298.83792,297.14764,294.48358,289.2489,1.404575,-0.014855516,0.003951314,0.01919204,-0.0033061653,12.0,401.0,309.8963,313.888,307.25983,308.49185,14072750.0,308.22083,300.20792,297.87946,295.5273,290.85623,1.4755634,0.0141923465,-0.004532044,0.012880714,-0.008507554,12.0,402.0,312.21243,313.4198,307.55548,313.4198,8967436.0,310.14273,301.56476,298.9414,296.62723,292.62622,1.5134773,0.0074738925,0.0038671175,0.0038671175,-0.014915969,12.0
399.0,310.1674,314.9968,307.80194,313.29666,13847154.0,305.5055,297.86548,296.2643,293.33337,287.805,1.480001,-0.008662866,0.010088935,0.015570365,-0.007626388,12.0,400.0,305.5597,311.424,304.54947,306.76706,12341386.0,306.90506,298.83792,297.14764,294.48358,289.2489,1.404575,-0.014855516,0.003951314,0.01919204,-0.0033061653,12.0,401.0,309.8963,313.888,307.25983,308.49185,14072750.0,308.22083,300.20792,297.87946,295.5273,290.85623,1.4755634,0.0141923465,-0.004532044,0.012880714,-0.008507554,12.0,402.0,312.21243,313.4198,307.55548,313.4198,8967436.0,310.14273,301.56476,298.9414,296.62723,292.62622,1.5134773,0.0074738925,0.0038671175,0.0038671175,-0.014915969,12.0,403.0,311.27615,316.77084,310.24127,312.927,12815436.0,309.8224,302.62427,299.93195,297.76758,294.36414,1.498151,-0.0029988533,0.005303531,0.017652122,-0.0033246838,12.0
400.0,305.5597,311.424,304.54947,306.76706,12341386.0,306.90506,298.83792,297.14764,294.48358,289.2489,1.404575,-0.014855516,0.003951314,0.01919204,-0.0033061653,12.0,401.0,309.8963,313.888,307.25983,308.49185,14072750.0,308.22083,300.20792,297.87946,295.5273,290.85623,1.4755634,0.0141923465,-0.004532044,0.012880714,-0.008507554,12.0,402.0,312.21243,313.4198,307.55548,313.4198,8967436.0,310.14273,301.56476,298.9414,296.62723,292.62622,1.5134773,0.0074738925,0.0038671175,0.0038671175,-0.014915969,12.0,403.0,311.27615,316.77084,310.24127,312.927,12815436.0,309.8224,302.62427,299.93195,297.76758,294.36414,1.498151,-0.0029988533,0.005303531,0.017652122,-0.0033246838,12.0,404.0,309.94562,314.65182,308.49185,311.5472,8416702.0,309.77805,303.68048,300.84363,298.96704,296.07416,1.4763707,-0.004274455,0.0051673423,0.015184017,-0.004690376,12.0
401.0,309.8963,313.888,307.25983,308.49185,14072750.0,308.22083,300.20792,297.87946,295.5273,290.85623,1.4755634,0.0141923465,-0.004532044,0.012880714,-0.008507554,12.0,402.0,312.21243,313.4198,307.55548,313.4198,8967436.0,310.14273,301.56476,298.9414,296.62723,292.62622,1.5134773,0.0074738925,0.0038671175,0.0038671175,-0.014915969,12.0,403.0,311.27615,316.77084,310.24127,312.927,12815436.0,309.8224,302.62427,299.93195,297.76758,294.36414,1.498151,-0.0029988533,0.005303531,0.017652122,-0.0033246838,12.0,404.0,309.94562,314.65182,308.49185,311.5472,8416702.0,309.77805,303.68048,300.84363,298.96704,296.07416,1.4763707,-0.004274455,0.0051673423,0.015184017,-0.004690376,12.0,405.0,312.9024,313.41983,308.14688,310.21664,8743108.0,311.24658,304.79913,301.9401,299.96744,297.2774,1.5247719,0.009539696,-0.008583372,0.0016536543,-0.015198085,12.0
402.0,312.21243,313.4198,307.55548,313.4198,8967436.0,310.14273,301.56476,298.9414,296.62723,292.62622,1.5134773,0.0074738925,0.0038671175,0.0038671175,-0.014915969,12.0,403.0,311.27615,316.77084,310.24127,312.927,12815436.0,309.8224,302.62427,299.93195,297.76758,294.36414,1.498151,-0.0029988533,0.005303531,0.017652122,-0.0033246838,12.0,404.0,309.94562,314.65182,308.49185,311.5472,8416702.0,309.77805,303.68048,300.84363,298.96704,296.07416,1.4763707,-0.004274455,0.0051673423,0.015184017,-0.004690376,12.0,405.0,312.9024,313.41983,308.14688,310.21664,8743108.0,311.24658,304.79913,301.9401,299.96744,297.2774,1.5247719,0.009539696,-0.008583372,0.0016536543,-0.015198085,12.0,406.0,311.67038,315.1446,310.73404,313.39517,8743710.0,311.6014,305.93094,303.05627,300.62384,298.20633,1.5046042,-0.00393741,0.005534034,0.011147107,-0.0030042287,12.0
403.0,311.27615,316.77084,310.24127,312.927,12815436.0,309.8224,302.62427,299.93195,297.76758,294.36414,1.498151,-0.0029988533,0.005303531,0.017652122,-0.0033246838,12.0,404.0,309.94562,314.65182,308.49185,311.5472,8416702.0,309.77805,303.68048,300.84363,298.96704,296.07416,1.4763707,-0.004274455,0.0051673423,0.015184017,-0.004690376,12.0,405.0,312.9024,313.41983,308.14688,310.21664,8743108.0,311.24658,304.79913,301.9401,299.96744,297.2774,1.5247719,0.009539696,-0.008583372,0.0016536543,-0.015198085,12.0,406.0,311.67038,315.1446,310.73404,313.39517,8743710.0,311.6014,305.93094,303.05627,300.62384,298.20633,1.5046042,-0.00393741,0.005534034,0.011147107,-0.0030042287,12.0,407.0,315.85916,316.6476,309.92096,312.72986,15591816.0,312.33075,307.3814,304.25626,301.6193,299.24448,1.5731727,0.013439781,-0.009907226,0.0024962565,-0.018800199,12.0
404.0,309.94562,314.65182,308.49185,311.5472,8416702.0,309.77805,303.68048,300.84363,298.96704,296.07416,1.4763707,-0.004274455,0.0051673423,0.015184017,-0.004690376,12.0,405.0,312.9024,313.41983,308.14688,310.21664,8743108.0,311.24658,304.79913,301.9401,299.96744,297.2774,1.5247719,0.009539696,-0.008583372,0.0016536543,-0.015198085,12.0,406.0,311.67038,315.1446,310.73404,313.39517,8743710.0,311.6014,305.93094,303.05627,300.62384,298.20633,1.5046042,-0.00393741,0.005534034,0.011147107,-0.0030042287,12.0,407.0,315.85916,316.6476,309.92096,312.72986,15591816.0,312.33075,307.3814,304.25626,301.6193,299.24448,1.5731727,0.013439781,-0.009907226,0.0024962565,-0.018800199,12.0,408.0,316.40125,319.01306,313.05023,317.26364,9450444.0,313.35577,308.63638,305.30713,302.6167,300.3656,1.5820463,0.0017162198,0.0027256445,0.00825479,-0.010591056,12.0
405.0,312.9024,313.41983,308.14688,310.21664,8743108.0,311.24658,304.79913,301.9401,299.96744,297.2774,1.5247719,0.009539696,-0.008583372,0.0016536543,-0.015198085,12.0,406.0,311.67038,315.1446,310.73404,313.39517,8743710.0,311.6014,305.93094,303.05627,300.62384,298.20633,1.5046042,-0.00393741,0.005534034,0.011147107,-0.0030042287,12.0,407.0,315.85916,316.6476,309.92096,312.72986,15591816.0,312.33075,307.3814,304.25626,301.6193,299.24448,1.5731727,0.013439781,-0.009907226,0.0024962565,-0.018800199,12.0,408.0,316.40125,319.01306,313.05023,317.26364,9450444.0,313.35577,308.63638,305.30713,302.6167,300.3656,1.5820463,0.0017162198,0.0027256445,0.00825479,-0.010591056,12.0,409.0,321.03357,323.7686,315.76062,317.855,9077556.0,315.57336,310.2856,306.65372,303.78955,301.73477,1.6578754,0.014640664,-0.009901009,0.008519438,-0.016424917,12.0
406.0,311.67038,315.1446,310.73404,313.39517,8743710.0,311.6014,305.93094,303.05627,300.62384,298.20633,1.5046042,-0.00393741,0.005534034,0.011147107,-0.0030042287,12.0,407.0,315.85916,316.6476,309.92096,312.72986,15591816.0,312.33075,307.3814,304.25626,301.6193,299.24448,1.5731727,0.013439781,-0.009907226,0.0024962565,-0.018800199,12.0,408.0,316.40125,319.01306,313.05023,317.26364,9450444.0,313.35577,308.63638,305.30713,302.6167,300.3656,1.5820463,0.0017162198,0.0027256445,0.00825479,-0.010591056,12.0,409.0,321.03357,323.7686,315.76062,317.855,9077556.0,315.57336,310.2856,306.65372,303.78955,301.73477,1.6578754,0.014640664,-0.009901009,0.008519438,-0.016424917,12.0,410.0,322.83224,323.62073,320.07257,321.7974,7549940.0,317.55933,311.90366,307.9892,305.06393,302.8994,1.6873188,0.0056027644,-0.0032055804,0.0024424312,-0.0085482765,12.0
407.0,315.85916,316.6476,309.92096,312.72986,15591816.0,312.33075,307.3814,304.25626,301.6193,299.24448,1.5731727,0.013439781,-0.009907226,0.0024962565,-0.018800199,12.0,408.0,316.40125,319.01306,313.05023,317.26364,9450444.0,313.35577,308.63638,305.30713,302.6167,300.3656,1.5820463,0.0017162198,0.0027256445,0.00825479,-0.010591056,12.0,409.0,321.03357,323.7686,315.76062,317.855,9077556.0,315.57336,310.2856,306.65372,303.78955,301.73477,1.6578754,0.014640664,-0.009901009,0.008519438,-0.016424917,12.0,410.0,322.83224,323.62073,320.07257,321.7974,7549940.0,317.55933,311.90366,307.9892,305.06393,302.8994,1.6873188,0.0056027644,-0.0032055804,0.0024424312,-0.0085482765,12.0,411.0,338.28152,339.39032,323.59613,323.59613,24676832.0,322.88156,314.2346,310.16858,307.02133,304.33347,1.9402165,0.04785544,-0.04341174,0.0032777332,-0.04341174,12.0
408.0,316.40125,319.01306,313.05023,317.26364,9450444.0,313.35577,308.63638,305.30713,302.6167,300.3656,1.5820463,0.0017162198,0.0027256445,0.00825479,-0.010591056,12.0,409.0,321.03357,323.7686,315.76062,317.855,9077556.0,315.57336,310.2856,306.65372,303.78955,301.73477,1.6578754,0.014640664,-0.009901009,0.008519438,-0.016424917,12.0,410.0,322.83224,323.62073,320.07257,321.7974,7549940.0,317.55933,311.90366,307.9892,305.06393,302.8994,1.6873188,0.0056027644,-0.0032055804,0.0024424312,-0.0085482765,12.0,411.0,338.28152,339.39032,323.59613,323.59613,24676832.0,322.88156,314.2346,310.16858,307.02133,304.33347,1.9402165,0.04785544,-0.04341174,0.0032777332,-0.04341174,12.0,412.0,332.2694,340.03098,331.5302,340.03098,12812218.0,326.1636,316.21234,312.07697,308.63773,305.71,1.8418009,-0.017772522,0.023359288,0.023359288,-0.002224694,12.0
409.0,321.03357,323.7686,315.76062,317.855,9077556.0,315.57336,310.2856,306.65372,303.78955,301.73477,1.6578754,0.014640664,-0.009901009,0.008519438,-0.016424917,12.0,410.0,322.83224,323.62073,320.07257,321.7974,7549940.0,317.55933,311.90366,307.9892,305.06393,302.8994,1.6873188,0.0056027644,-0.0032055804,0.0024424312,-0.0085482765,12.0,411.0,338.28152,339.39032,323.59613,323.59613,24676832.0,322.88156,314.2346,310.16858,307.02133,304.33347,1.9402165,0.04785544,-0.04341174,0.0032777332,-0.04341174,12.0,412.0,332.2694,340.03098,331.5302,340.03098,12812218.0,326.1636,316.21234,312.07697,308.63773,305.71,1.8418009,-0.017772522,0.023359288,0.023359288,-0.002224694,12.0,413.0,326.33118,332.83612,325.247,332.83612,13432462.0,328.1496,317.10925,313.5147,309.8756,306.8722,1.7445948,-0.01787174,0.019933572,0.019933572,-0.0033222775,12.0
410.0,322.83224,323.62073,320.07257,321.7974,7549940.0,317.55933,311.90366,307.9892,305.06393,302.8994,1.6873188,0.0056027644,-0.0032055804,0.0024424312,-0.0085482765,12.0,411.0,338.28152,339.39032,323.59613,323.59613,24676832.0,322.88156,314.2346,310.16858,307.02133,304.33347,1.9402165,0.04785544,-0.04341174,0.0032777332,-0.04341174,12.0,412.0,332.2694,340.03098,331.5302,340.03098,12812218.0,326.1636,316.21234,312.07697,308.63773,305.71,1.8418009,-0.017772522,0.023359288,0.023359288,-0.002224694,12.0,413.0,326.33118,332.83612,325.247,332.83612,13432462.0,328.1496,317.10925,313.5147,309.8756,306.8722,1.7445948,-0.01787174,0.019933572,0.019933572,-0.0033222775,12.0,414.0,326.40506,327.48923,322.2902,325.69052,11611460.0,329.22388,318.19177,315.0202,311.16776,308.02863,1.7458042,0.00022640514,-0.0021891012,0.0033215254,-0.012606592,12.0
411.0,338.28152,339.39032,323.59613,323.59613,24676832.0,322.88156,314.2346,310.16858,307.02133,304.33347,1.9402165,0.04785544,-0.04341174,0.0032777332,-0.04341174,12.0,412.0,332.2694,340.03098,331.5302,340.03098,12812218.0,326.1636,316.21234,312.07697,308.63773,305.71,1.8418009,-0.017772522,0.023359288,0.023359288,-0.002224694,12.0,413.0,326.33118,332.83612,325.247,332.83612,13432462.0,328.1496,317.10925,313.5147,309.8756,306.8722,1.7445948,-0.01787174,0.019933572,0.019933572,-0.0033222775,12.0,414.0,326.40506,327.48923,322.2902,325.69052,11611460.0,329.22388,318.19177,315.0202,311.16776,308.02863,1.7458042,0.00022640514,-0.0021891012,0.0033215254,-0.012606592,12.0,415.0,330.5446,331.08664,324.18747,326.40506,11177578.0,330.76636,319.85742,316.61932,312.54462,309.3477,1.8135663,0.012682176,-0.012523332,0.0016399189,-0.01923224,12.0
412.0,332.2694,340.03098,331.5302,340.03098,12812218.0,326.1636,316.21234,312.07697,308.63773,305.71,1.8418009,-0.017772522,0.023359288,0.023359288,-0.002224694,12.0,413.0,326.33118,332.83612,325.247,332.83612,13432462.0,328.1496,317.10925,313.5147,309.8756,306.8722,1.7445948,-0.01787174,0.019933572,0.019933572,-0.0033222775,12.0,414.0,326.40506,327.48923,322.2902,325.69052,11611460.0,329.22388,318.19177,315.0202,311.16776,308.02863,1.7458042,0.00022640514,-0.0021891012,0.0033215254,-0.012606592,12.0,415.0,330.5446,331.08664,324.18747,326.40506,11177578.0,330.76636,319.85742,316.61932,312.54462,309.3477,1.8135663,0.012682176,-0.012523332,0.0016399189,-0.01923224,12.0,416.0,331.87515,332.98395,330.175,330.6678,7322676.0,329.48508,321.32266,318.0472,314.0319,310.7653,1.8353472,0.0040253764,-0.0036380016,0.0033410052,-0.0051228926,12.0
413.0,326.33118,332.83612,325.247,332.83612,13432462.0,328.1496,317.10925,313.5147,309.8756,306.8722,1.7445948,-0.01787174,0.019933572,0.019933572,-0.0033222775,12.0,414.0,326.40506,327.48923,322.2902,325.69052,11611460.0,329.22388,318.19177,315.0202,311.16776,308.02863,1.7458042,0.00022640514,-0.0021891012,0.0033215254,-0.012606592,12.0,415.0,330.5446,331.08664,324.18747,326.40506,11177578.0,330.76636,319.85742,316.61932,312.54462,309.3477,1.8135663,0.012682176,-0.012523332,0.0016399189,-0.01923224,12.0,416.0,331.87515,332.98395,330.175,330.6678,7322676.0,329.48508,321.32266,318.0472,314.0319,310.7653,1.8353472,0.0040253764,-0.0036380016,0.0033410052,-0.0051228926,12.0,417.0,332.1708,335.374,330.175,332.14618,8290832.0,329.46536,322.65323,319.5256,315.55463,312.10898,1.8401868,0.00089086,-7.4160365e-05,0.009643202,-0.0060084383,12.0
414.0,326.40506,327.48923,322.2902,325.69052,11611460.0,329.22388,318.19177,315.0202,311.16776,308.02863,1.7458042,0.00022640514,-0.0021891012,0.0033215254,-0.012606592,12.0,415.0,330.5446,331.08664,324.18747,326.40506,11177578.0,330.76636,319.85742,316.61932,312.54462,309.3477,1.8135663,0.012682176,-0.012523332,0.0016399189,-0.01923224,12.0,416.0,331.87515,332.98395,330.175,330.6678,7322676.0,329.48508,321.32266,318.0472,314.0319,310.7653,1.8353472,0.0040253764,-0.0036380016,0.0033410052,-0.0051228926,12.0,417.0,332.1708,335.374,330.175,332.14618,8290832.0,329.46536,322.65323,319.5256,315.55463,312.10898,1.8401868,0.00089086,-7.4160365e-05,0.009643202,-0.0060084383,12.0,418.0,329.11545,335.47256,327.711,334.97977,9315692.0,330.02222,323.84253,320.3375,316.8162,313.2334,1.790172,-0.009198156,0.01781841,0.019315751,-0.004267389,12.0
415.0,330.5446,331.08664,324.18747,326.40506,11177578.0,330.76636,319.85742,316.61932,312.54462,309.3477,1.8135663,0.012682176,-0.012523332,0.0016399189,-0.01923224,12.0,416.0,331.87515,332.98395,330.175,330.6678,7322676.0,329.48508,321.32266,318.0472,314.0319,310.7653,1.8353472,0.0040253764,-0.0036380016,0.0033410052,-0.0051228926,12.0,417.0,332.1708,335.374,330.175,332.14618,8290832.0,329.46536,322.65323,319.5256,315.55463,312.10898,1.8401868,0.00089086,-7.4160365e-05,0.009643202,-0.0060084383,12.0,418.0,329.11545,335.47256,327.711,334.97977,9315692.0,330.02222,323.84253,320.3375,316.8162,313.2334,1.790172,-0.009198156,0.01781841,0.019315751,-0.004267389,12.0,419.0,327.83417,332.3433,326.60217,330.8649,10815562.0,330.30804,325.0351,321.22083,318.07776,314.3578,1.7691981,-0.0038931035,0.009244681,0.013754264,-0.0037579858,12.0
416.0,331.87515,332.98395,330.175,330.6678,7322676.0,329.48508,321.32266,318.0472,314.0319,310.7653,1.8353472,0.0040253764,-0.0036380016,0.0033410052,-0.0051228926,12.0,417.0,332.1708,335.374,330.175,332.14618,8290832.0,329.46536,322.65323,319.5256,315.55463,312.10898,1.8401868,0.00089086,-7.4160365e-05,0.009643202,-0.0060084383,12.0,418.0,329.11545,335.47256,327.711,334.97977,9315692.0,330.02222,323.84253,320.3375,316.8162,313.2334,1.790172,-0.009198156,0.01781841,0.019315751,-0.004267389,12.0,419.0,327.83417,332.3433,326.60217,330.8649,10815562.0,330.30804,325.0351,321.22083,318.07776,314.3578,1.7691981,-0.0038931035,0.009244681,0.013754264,-0.0037579858,12.0,420.0,326.47897,330.42136,321.9945,324.13818,9092860.0,329.4949,325.9402,322.26678,319.19443,315.36966,1.7470142,-0.004133779,-0.0071698115,0.012075472,-0.013735812,12.0
417.0,332.1708,335.374,330.175,332.14618,8290832.0,329.46536,322.65323,319.5256,315.55463,312.10898,1.8401868,0.00089086,-7.4160365e-05,0.009643202,-0.0060084383,12.0,418.0,329.11545,335.47256,327.711,334.97977,9315692.0,330.02222,323.84253,320.3375,316.8162,313.2334,1.790172,-0.009198156,0.01781841,0.019315751,-0.004267389,12.0,419.0,327.83417,332.3433,326.60217,330.8649,10815562.0,330.30804,325.0351,321.22083,318.07776,314.3578,1.7691981,-0.0038931035,0.009244681,0.013754264,-0.0037579858,12.0,420.0,326.47897,330.42136,321.9945,324.13818,9092860.0,329.4949,325.9402,322.26678,319.19443,315.36966,1.7470142,-0.004133779,-0.0071698115,0.012075472,-0.013735812,12.0,421.0,328.99225,329.6822,323.81787,325.49338,7367102.0,328.91833,327.09497,323.2216,320.22144,316.51297,1.7881553,0.0076981224,-0.010635074,0.0020971007,-0.015727982,12.0
418.0,329.11545,335.47256,327.711,334.97977,9315692.0,330.02222,323.84253,320.3375,316.8162,313.2334,1.790172,-0.009198156,0.01781841,0.019315751,-0.004267389,12.0,419.0,327.83417,332.3433,326.60217,330.8649,10815562.0,330.30804,325.0351,321.22083,318.07776,314.3578,1.7691981,-0.0038931035,0.009244681,0.013754264,-0.0037579858,12.0,420.0,326.47897,330.42136,321.9945,324.13818,9092860.0,329.4949,325.9402,322.26678,319.19443,315.36966,1.7470142,-0.004133779,-0.0071698115,0.012075472,-0.013735812,12.0,421.0,328.99225,329.6822,323.81787,325.49338,7367102.0,328.91833,327.09497,323.2216,320.22144,316.51297,1.7881553,0.0076981224,-0.010635074,0.0020971007,-0.015727982,12.0,422.0,329.2633,332.39258,326.72537,329.68216,9583304.0,328.33682,327.9886,324.07413,321.28784,317.685,1.7925924,0.00082390127,0.0012721329,0.009503817,-0.0077078864,12.0
419.0,327.83417,332.3433,326.60217,330.8649,10815562.0,330.30804,325.0351,321.22083,318.07776,314.3578,1.7691981,-0.0038931035,0.009244681,0.013754264,-0.0037579858,12.0,420.0,326.47897,330.42136,321.9945,324.13818,9092860.0,329.4949,325.9402,322.26678,319.19443,315.36966,1.7470142,-0.004133779,-0.0071698115,0.012075472,-0.013735812,12.0,421.0,328.99225,329.6822,323.81787,325.49338,7367102.0,328.91833,327.09497,323.2216,320.22144,316.51297,1.7881553,0.0076981224,-0.010635074,0.0020971007,-0.015727982,12.0,422.0,329.2633,332.39258,326.72537,329.68216,9583304.0,328.33682,327.9886,324.07413,321.28784,317.685,1.7925924,0.00082390127,0.0012721329,0.009503817,-0.0077078864,12.0,423.0,332.294,333.62457,330.8649,331.6041,6462586.0,328.97253,329.04813,325.12503,322.06448,318.84225,1.8422036,0.009204489,-0.002076173,0.0040041707,-0.004300702,12.0
420.0,326.47897,330.42136,321.9945,324.13818,9092860.0,329.4949,325.9402,322.26678,319.19443,315.36966,1.7470142,-0.004133779,-0.0071698115,0.012075472,-0.013735812,12.0,421.0,328.99225,329.6822,323.81787,325.49338,7367102.0,328.91833,327.09497,323.2216,320.22144,316.51297,1.7881553,0.0076981224,-0.010635074,0.0020971007,-0.015727982,12.0,422.0,329.2633,332.39258,326.72537,329.68216,9583304.0,328.33682,327.9886,324.07413,321.28784,317.685,1.7925924,0.00082390127,0.0012721329,0.009503817,-0.0077078864,12.0,423.0,332.294,333.62457,330.8649,331.6041,6462586.0,328.97253,329.04813,325.12503,322.06448,318.84225,1.8422036,0.009204489,-0.002076173,0.0040041707,-0.004300702,12.0,424.0,333.37817,344.54007,332.63898,335.34937,24253176.0,330.08133,329.8711,326.29666,322.99292,320.07837,1.8599509,0.0032626754,0.0059127863,0.033481188,-0.0022172949,12.0
421.0,328.99225,329.6822,323.81787,325.49338,7367102.0,328.91833,327.09497,323.2216,320.22144,316.51297,1.7881553,0.0076981224,-0.010635074,0.0020971007,-0.015727982,12.0,422.0,329.2633,332.39258,326.72537,329.68216,9583304.0,328.33682,327.9886,324.07413,321.28784,317.685,1.7925924,0.00082390127,0.0012721329,0.009503817,-0.0077078864,12.0,423.0,332.294,333.62457,330.8649,331.6041,6462586.0,328.97253,329.04813,325.12503,322.06448,318.84225,1.8422036,0.009204489,-0.002076173,0.0040041707,-0.004300702,12.0,424.0,333.37817,344.54007,332.63898,335.34937,24253176.0,330.08133,329.8711,326.29666,322.99292,320.07837,1.8599509,0.0032626754,0.0059127863,0.033481188,-0.0022172949,12.0,425.0,322.24097,334.28986,320.81183,334.14203,16798164.0,329.23373,329.83167,326.76358,323.6602,320.86765,1.67764,-0.033407126,0.036932196,0.037390962,-0.004434966,12.0
422.0,329.2633,332.39258,326.72537,329.68216,9583304.0,328.33682,327.9886,324.07413,321.28784,317.685,1.7925924,0.00082390127,0.0012721329,0.009503817,-0.0077078864,12.0,423.0,332.294,333.62457,330.8649,331.6041,6462586.0,328.97253,329.04813,325.12503,322.06448,318.84225,1.8422036,0.009204489,-0.002076173,0.0040041707,-0.004300702,12.0,424.0,333.37817,344.54007,332.63898,335.34937,24253176.0,330.08133,329.8711,326.29666,322.99292,320.07837,1.8599509,0.0032626754,0.0059127863,0.033481188,-0.0022172949,12.0,425.0,322.24097,334.28986,320.81183,334.14203,16798164.0,329.23373,329.83167,326.76358,323.6602,320.86765,1.67764,-0.033407126,0.036932196,0.037390962,-0.004434966,12.0,426.0,315.1939,322.24094,313.05026,322.24094,16224924.0,326.47406,328.29248,326.93976,323.87207,321.26355,1.5622828,-0.021868909,0.022357801,0.022357801,-0.006801088,12.0
423.0,332.294,333.62457,330.8649,331.6041,6462586.0,328.97253,329.04813,325.12503,322.06448,318.84225,1.8422036,0.009204489,-0.002076173,0.0040041707,-0.004300702,12.0,424.0,333.37817,344.54007,332.63898,335.34937,24253176.0,330.08133,329.8711,326.29666,322.99292,320.07837,1.8599509,0.0032626754,0.0059127863,0.033481188,-0.0022172949,12.0,425.0,322.24097,334.28986,320.81183,334.14203,16798164.0,329.23373,329.83167,326.76358,323.6602,320.86765,1.67764,-0.033407126,0.036932196,0.037390962,-0.004434966,12.0,426.0,315.1939,322.24094,313.05026,322.24094,16224924.0,326.47406,328.29248,326.93976,323.87207,321.26355,1.5622828,-0.021868909,0.022357801,0.022357801,-0.006801088,12.0,427.0,315.76062,318.5942,309.1571,310.43842,17679132.0,323.77353,327.1919,326.9348,324.014,321.70212,1.5715595,0.0017979771,-0.016855229,0.008973858,-0.020913031,12.0
424.0,333.37817,344.54007,332.63898,335.34937,24253176.0,330.08133,329.8711,326.29666,322.99292,320.07837,1.8599509,0.0032626754,0.0059127863,0.033481188,-0.0022172949,12.0,425.0,322.24097,334.28986,320.81183,334.14203,16798164.0,329.23373,329.83167,326.76358,323.6602,320.86765,1.67764,-0.033407126,0.036932196,0.037390962,-0.004434966,12.0,426.0,315.1939,322.24094,313.05026,322.24094,16224924.0,326.47406,328.29248,326.93976,323.87207,321.26355,1.5622828,-0.021868909,0.022357801,0.022357801,-0.006801088,12.0,427.0,315.76062,318.5942,309.1571,310.43842,17679132.0,323.77353,327.1919,326.9348,324.014,321.70212,1.5715595,0.0017979771,-0.016855229,0.008973858,-0.020913031,12.0,428.0,312.4835,318.7174,311.71967,314.77502,12027918.0,319.81143,326.26874,326.73895,324.06232,321.689,1.5179144,-0.010378527,0.007333267,0.019949574,-0.0024443902,12.0
425.0,322.24097,334.28986,320.81183,334.14203,16798164.0,329.23373,329.83167,326.76358,323.6602,320.86765,1.67764,-0.033407126,0.036932196,0.037390962,-0.004434966,12.0,426.0,315.1939,322.24094,313.05026,322.24094,16224924.0,326.47406,328.29248,326.93976,323.87207,321.26355,1.5622828,-0.021868909,0.022357801,0.022357801,-0.006801088,12.0,427.0,315.76062,318.5942,309.1571,310.43842,17679132.0,323.77353,327.1919,326.9348,324.014,321.70212,1.5715595,0.0017979771,-0.016855229,0.008973858,-0.020913031,12.0,428.0,312.4835,318.7174,311.71967,314.77502,12027918.0,319.81143,326.26874,326.73895,324.06232,321.689,1.5179144,-0.010378527,0.007333267,0.019949574,-0.0024443902,12.0,429.0,313.54303,315.26782,310.5616,312.82846,8417708.0,315.8444,325.41125,326.3644,324.2062,321.8015,1.5352587,0.0033907064,-0.0022789976,0.0055009825,-0.009508822,12.0
426.0,315.1939,322.24094,313.05026,322.24094,16224924.0,326.47406,328.29248,326.93976,323.87207,321.26355,1.5622828,-0.021868909,0.022357801,0.022357801,-0.006801088,12.0,427.0,315.76062,318.5942,309.1571,310.43842,17679132.0,323.77353,327.1919,326.9348,324.014,321.70212,1.5715595,0.0017979771,-0.016855229,0.008973858,-0.020913031,12.0,428.0,312.4835,318.7174,311.71967,314.77502,12027918.0,319.81143,326.26874,326.73895,324.06232,321.689,1.5179144,-0.010378527,0.007333267,0.019949574,-0.0024443902,12.0,429.0,313.54303,315.26782,310.5616,312.82846,8417708.0,315.8444,325.41125,326.3644,324.2062,321.8015,1.5352587,0.0033907064,-0.0022789976,0.0055009825,-0.009508822,12.0,430.0,315.90848,317.1651,313.3952,315.34177,10494244.0,314.5779,324.43552,326.01822,324.32645,322.14645,1.57398,0.007544253,-0.0017938748,0.00397783,-0.00795566,12.0
427.0,315.76062,318.5942,309.1571,310.43842,17679132.0,323.77353,327.1919,326.9348,324.014,321.70212,1.5715595,0.0017979771,-0.016855229,0.008973858,-0.020913031,12.0,428.0,312.4835,318.7174,311.71967,314.77502,12027918.0,319.81143,326.26874,326.73895,324.06232,321.689,1.5179144,-0.010378527,0.007333267,0.019949574,-0.0024443902,12.0,429.0,313.54303,315.26782,310.5616,312.82846,8417708.0,315.8444,325.41125,326.3644,324.2062,321.8015,1.5352587,0.0033907064,-0.0022789976,0.0055009825,-0.009508822,12.0,430.0,315.90848,317.1651,313.3952,315.34177,10494244.0,314.5779,324.43552,326.01822,324.32645,322.14645,1.57398,0.007544253,-0.0017938748,0.00397783,-0.00795566,12.0,431.0,318.76666,320.0726,312.45886,313.64157,10912148.0,315.29245,323.5616,325.04248,324.6103,322.44214,1.6207671,0.009047509,-0.01607786,0.0040968144,-0.019788187,12.0
428.0,312.4835,318.7174,311.71967,314.77502,12027918.0,319.81143,326.26874,326.73895,324.06232,321.689,1.5179144,-0.010378527,0.007333267,0.019949574,-0.0024443902,12.0,429.0,313.54303,315.26782,310.5616,312.82846,8417708.0,315.8444,325.41125,326.3644,324.2062,321.8015,1.5352587,0.0033907064,-0.0022789976,0.0055009825,-0.009508822,12.0,430.0,315.90848,317.1651,313.3952,315.34177,10494244.0,314.5779,324.43552,326.01822,324.32645,322.14645,1.57398,0.007544253,-0.0017938748,0.00397783,-0.00795566,12.0,431.0,318.76666,320.0726,312.45886,313.64157,10912148.0,315.29245,323.5616,325.04248,324.6103,322.44214,1.6207671,0.009047509,-0.01607786,0.0040968144,-0.019788187,12.0,432.0,313.29663,320.54077,312.63138,320.51614,9673198.0,314.79965,322.30334,324.09384,324.50778,322.47827,1.5312252,-0.017159987,0.023043688,0.023122316,-0.0021234378,12.0
429.0,313.54303,315.26782,310.5616,312.82846,8417708.0,315.8444,325.41125,326.3644,324.2062,321.8015,1.5352587,0.0033907064,-0.0022789976,0.0055009825,-0.009508822,12.0,430.0,315.90848,317.1651,313.3952,315.34177,10494244.0,314.5779,324.43552,326.01822,324.32645,322.14645,1.57398,0.007544253,-0.0017938748,0.00397783,-0.00795566,12.0,431.0,318.76666,320.0726,312.45886,313.64157,10912148.0,315.29245,323.5616,325.04248,324.6103,322.44214,1.6207671,0.009047509,-0.01607786,0.0040968144,-0.019788187,12.0,432.0,313.29663,320.54077,312.63138,320.51614,9673198.0,314.79965,322.30334,324.09384,324.50778,322.47827,1.5312252,-0.017159987,0.023043688,0.023122316,-0.0021234378,12.0,433.0,316.8448,319.60446,313.86337,314.89822,7448686.0,315.6719,321.4853,323.61954,324.52554,322.6639,1.589307,0.011325231,-0.006143576,0.008709815,-0.009409733,12.0
430.0,315.90848,317.1651,313.3952,315.34177,10494244.0,314.5779,324.43552,326.01822,324.32645,322.14645,1.57398,0.007544253,-0.0017938748,0.00397783,-0.00795566,12.0,431.0,318.76666,320.0726,312.45886,313.64157,10912148.0,315.29245,323.5616,325.04248,324.6103,322.44214,1.6207671,0.009047509,-0.01607786,0.0040968144,-0.019788187,12.0,432.0,313.29663,320.54077,312.63138,320.51614,9673198.0,314.79965,322.30334,324.09384,324.50778,322.47827,1.5312252,-0.017159987,0.023043688,0.023122316,-0.0021234378,12.0,433.0,316.8448,319.60446,313.86337,314.89822,7448686.0,315.6719,321.4853,323.61954,324.52554,322.6639,1.589307,0.011325231,-0.006143576,0.008709815,-0.009409733,12.0,434.0,325.81375,328.96765,317.85504,318.42178,22091966.0,318.12607,321.35062,323.58997,324.71674,323.19284,1.7361248,0.028307121,-0.02268774,0.009680047,-0.02442717,12.0
431.0,318.76666,320.0726,312.45886,313.64157,10912148.0,315.29245,323.5616,325.04248,324.6103,322.44214,1.6207671,0.009047509,-0.01607786,0.0040968144,-0.019788187,12.0,432.0,313.29663,320.54077,312.63138,320.51614,9673198.0,314.79965,322.30334,324.09384,324.50778,322.47827,1.5312252,-0.017159987,0.023043688,0.023122316,-0.0021234378,12.0,433.0,316.8448,319.60446,313.86337,314.89822,7448686.0,315.6719,321.4853,323.61954,324.52554,322.6639,1.589307,0.011325231,-0.006143576,0.008709815,-0.009409733,12.0,434.0,325.81375,328.96765,317.85504,318.42178,22091966.0,318.12607,321.35062,323.58997,324.71674,323.19284,1.7361248,0.028307121,-0.02268774,0.009680047,-0.02442717,12.0,435.0,321.69885,328.35162,312.92703,319.8016,20422932.0,319.28415,321.03192,323.14767,324.67142,323.48605,1.6687658,-0.012629604,-0.005897634,0.020680148,-0.02726714,12.0
432.0,313.29663,320.54077,312.63138,320.51614,9673198.0,314.79965,322.30334,324.09384,324.50778,322.47827,1.5312252,-0.017159987,0.023043688,0.023122316,-0.0021234378,12.0,433.0,316.8448,319.60446,313.86337,314.89822,7448686.0,315.6719,321.4853,323.61954,324.52554,322.6639,1.589307,0.011325231,-0.006143576,0.008709815,-0.009409733,12.0,434.0,325.81375,328.96765,317.85504,318.42178,22091966.0,318.12607,321.35062,323.58997,324.71674,323.19284,1.7361248,0.028307121,-0.02268774,0.009680047,-0.02442717,12.0,435.0,321.69885,328.35162,312.92703,319.8016,20422932.0,319.28415,321.03192,323.14767,324.67142,323.48605,1.6687658,-0.012629604,-0.005897634,0.020680148,-0.02726714,12.0,436.0,324.80347,326.42972,316.64764,321.3046,18680432.0,320.4915,320.7527,322.7941,324.1323,323.92383,1.7195868,0.009650685,-0.010772228,0.005006902,-0.02510998,12.0
433.0,316.8448,319.60446,313.86337,314.89822,7448686.0,315.6719,321.4853,323.61954,324.52554,322.6639,1.589307,0.011325231,-0.006143576,0.008709815,-0.009409733,12.0,434.0,325.81375,328.96765,317.85504,318.42178,22091966.0,318.12607,321.35062,323.58997,324.71674,323.19284,1.7361248,0.028307121,-0.02268774,0.009680047,-0.02442717,12.0,435.0,321.69885,328.35162,312.92703,319.8016,20422932.0,319.28415,321.03192,323.14767,324.67142,323.48605,1.6687658,-0.012629604,-0.005897634,0.020680148,-0.02726714,12.0,436.0,324.80347,326.42972,316.64764,321.3046,18680432.0,320.4915,320.7527,322.7941,324.1323,323.92383,1.7195868,0.009650685,-0.010772228,0.005006902,-0.02510998,12.0,437.0,331.45624,332.49112,323.2758,327.71097,18925882.0,324.1234,320.89886,322.75836,324.09976,324.44373,1.8284897,0.02048245,-0.011299399,0.0031222668,-0.024680309,12.0
434.0,325.81375,328.96765,317.85504,318.42178,22091966.0,318.12607,321.35062,323.58997,324.71674,323.19284,1.7361248,0.028307121,-0.02268774,0.009680047,-0.02442717,12.0,435.0,321.69885,328.35162,312.92703,319.8016,20422932.0,319.28415,321.03192,323.14767,324.67142,323.48605,1.6687658,-0.012629604,-0.005897634,0.020680148,-0.02726714,12.0,436.0,324.80347,326.42972,316.64764,321.3046,18680432.0,320.4915,320.7527,322.7941,324.1323,323.92383,1.7195868,0.009650685,-0.010772228,0.005006902,-0.02510998,12.0,437.0,331.45624,332.49112,323.2758,327.71097,18925882.0,324.1234,320.89886,322.75836,324.09976,324.44373,1.8284897,0.02048245,-0.011299399,0.0031222668,-0.024680309,12.0,438.0,349.02454,364.59695,342.49496,343.48056,118377610.0,330.55936,322.01425,323.7538,325.0075,325.5312,2.1160748,0.05300337,-0.015884222,0.04461698,-0.018708084,12.0
435.0,321.69885,328.35162,312.92703,319.8016,20422932.0,319.28415,321.03192,323.14767,324.67142,323.48605,1.6687658,-0.012629604,-0.005897634,0.020680148,-0.02726714,12.0,436.0,324.80347,326.42972,316.64764,321.3046,18680432.0,320.4915,320.7527,322.7941,324.1323,323.92383,1.7195868,0.009650685,-0.010772228,0.005006902,-0.02510998,12.0,437.0,331.45624,332.49112,323.2758,327.71097,18925882.0,324.1234,320.89886,322.75836,324.09976,324.44373,1.8284897,0.02048245,-0.011299399,0.0031222668,-0.024680309,12.0,438.0,349.02454,364.59695,342.49496,343.48056,118377610.0,330.55936,322.01425,323.7538,325.0075,325.5312,2.1160748,0.05300337,-0.015884222,0.04461698,-0.018708084,12.0,439.0,349.76373,355.20914,346.14166,354.3221,21198892.0,335.34937,323.1066,324.85028,325.94183,326.48886,2.128175,0.0021178934,0.013032758,0.015568845,-0.010355725,12.0
436.0,324.80347,326.42972,316.64764,321.3046,18680432.0,320.4915,320.7527,322.7941,324.1323,323.92383,1.7195868,0.009650685,-0.010772228,0.005006902,-0.02510998,12.0,437.0,331.45624,332.49112,323.2758,327.71097,18925882.0,324.1234,320.89886,322.75836,324.09976,324.44373,1.8284897,0.02048245,-0.011299399,0.0031222668,-0.024680309,12.0,438.0,349.02454,364.59695,342.49496,343.48056,118377610.0,330.55936,322.01425,323.7538,325.0075,325.5312,2.1160748,0.05300337,-0.015884222,0.04461698,-0.018708084,12.0,439.0,349.76373,355.20914,346.14166,354.3221,21198892.0,335.34937,323.1066,324.85028,325.94183,326.48886,2.128175,0.0021178934,0.013032758,0.015568845,-0.010355725,12.0,440.0,350.65076,359.71826,348.90134,353.38577,21865148.0,341.13974,325.0006,326.05887,326.7461,327.41614,2.1426952,0.002536066,0.0077998564,0.025859075,-0.0049890913,12.0
437.0,331.45624,332.49112,323.2758,327.71097,18925882.0,324.1234,320.89886,322.75836,324.09976,324.44373,1.8284897,0.02048245,-0.011299399,0.0031222668,-0.024680309,12.0,438.0,349.02454,364.59695,342.49496,343.48056,118377610.0,330.55936,322.01425,323.7538,325.0075,325.5312,2.1160748,0.05300337,-0.015884222,0.04461698,-0.018708084,12.0,439.0,349.76373,355.20914,346.14166,354.3221,21198892.0,335.34937,323.1066,324.85028,325.94183,326.48886,2.128175,0.0021178934,0.013032758,0.015568845,-0.010355725,12.0,440.0,350.65076,359.71826,348.90134,353.38577,21865148.0,341.13974,325.0006,326.05887,326.7461,327.41614,2.1426952,0.002536066,0.0077998564,0.025859075,-0.0049890913,12.0,441.0,345.91992,356.17014,342.86456,351.661,16108782.0,345.36304,327.049,326.90527,327.3079,327.67075,2.0652537,-0.013491587,0.01659657,0.029631723,-0.008832555,12.0
438.0,349.02454,364.59695,342.49496,343.48056,118377610.0,330.55936,322.01425,323.7538,325.0075,325.5312,2.1160748,0.05300337,-0.015884222,0.04461698,-0.018708084,12.0,439.0,349.76373,355.20914,346.14166,354.3221,21198892.0,335.34937,323.1066,324.85028,325.94183,326.48886,2.128175,0.0021178934,0.013032758,0.015568845,-0.010355725,12.0,440.0,350.65076,359.71826,348.90134,353.38577,21865148.0,341.13974,325.0006,326.05887,326.7461,327.41614,2.1426952,0.002536066,0.0077998564,0.025859075,-0.0049890913,12.0,441.0,345.91992,356.17014,342.86456,351.661,16108782.0,345.36304,327.049,326.90527,327.3079,327.67075,2.0652537,-0.013491587,0.01659657,0.029631723,-0.008832555,12.0,442.0,343.13556,349.3941,335.9407,349.36948,15916912.0,347.6989,328.874,327.59888,327.74646,328.03296,2.0196748,-0.008049155,0.018167492,0.018239282,-0.020967938,12.0
439.0,349.76373,355.20914,346.14166,354.3221,21198892.0,335.34937,323.1066,324.85028,325.94183,326.48886,2.128175,0.0021178934,0.013032758,0.015568845,-0.010355725,12.0,440.0,350.65076,359.71826,348.90134,353.38577,21865148.0,341.13974,325.0006,326.05887,326.7461,327.41614,2.1426952,0.002536066,0.0077998564,0.025859075,-0.0049890913,12.0,441.0,345.91992,356.17014,342.86456,351.661,16108782.0,345.36304,327.049,326.90527,327.3079,327.67075,2.0652537,-0.013491587,0.01659657,0.029631723,-0.008832555,12.0,442.0,343.13556,349.3941,335.9407,349.36948,15916912.0,347.6989,328.874,327.59888,327.74646,328.03296,2.0196748,-0.008049155,0.018167492,0.018239282,-0.020967938,12.0,443.0,336.28568,347.6693,334.24054,345.82132,10758302.0,345.15112,330.46082,327.79846,328.03326,328.36478,1.9075453,-0.019962618,0.028355766,0.033851076,-0.0060815127,12.0
440.0,350.65076,359.71826,348.90134,353.38577,21865148.0,341.13974,325.0006,326.05887,326.7461,327.41614,2.1426952,0.002536066,0.0077998564,0.025859075,-0.0049890913,12.0,441.0,345.91992,356.17014,342.86456,351.661,16108782.0,345.36304,327.049,326.90527,327.3079,327.67075,2.0652537,-0.013491587,0.01659657,0.029631723,-0.008832555,12.0,442.0,343.13556,349.3941,335.9407,349.36948,15916912.0,347.6989,328.874,327.59888,327.74646,328.03296,2.0196748,-0.008049155,0.018167492,0.018239282,-0.020967938,12.0,443.0,336.28568,347.6693,334.24054,345.82132,10758302.0,345.15112,330.46082,327.79846,328.03326,328.36478,1.9075453,-0.019962618,0.028355766,0.033851076,-0.0060815127,12.0,444.0,329.04153,337.1727,325.6412,336.45816,17621916.0,341.00668,331.49405,327.58163,328.08157,328.45264,1.7889621,-0.021541627,0.022540044,0.024711696,-0.010334019,12.0
441.0,345.91992,356.17014,342.86456,351.661,16108782.0,345.36304,327.049,326.90527,327.3079,327.67075,2.0652537,-0.013491587,0.01659657,0.029631723,-0.008832555,12.0,442.0,343.13556,349.3941,335.9407,349.36948,15916912.0,347.6989,328.874,327.59888,327.74646,328.03296,2.0196748,-0.008049155,0.018167492,0.018239282,-0.020967938,12.0,443.0,336.28568,347.6693,334.24054,345.82132,10758302.0,345.15112,330.46082,327.79846,328.03326,328.36478,1.9075453,-0.019962618,0.028355766,0.033851076,-0.0060815127,12.0,444.0,329.04153,337.1727,325.6412,336.45816,17621916.0,341.00668,331.49405,327.58163,328.08157,328.45264,1.7889621,-0.021541627,0.022540044,0.024711696,-0.010334019,12.0,445.0,329.2633,334.5116,327.71097,330.6924,12193966.0,336.7292,332.38437,327.93274,328.19293,328.40994,1.7925924,0.0006739916,0.0043402878,0.01593948,-0.0047145467,12.0
442.0,343.13556,349.3941,335.9407,349.36948,15916912.0,347.6989,328.874,327.59888,327.74646,328.03296,2.0196748,-0.008049155,0.018167492,0.018239282,-0.020967938,12.0,443.0,336.28568,347.6693,334.24054,345.82132,10758302.0,345.15112,330.46082,327.79846,328.03326,328.36478,1.9075453,-0.019962618,0.028355766,0.033851076,-0.0060815127,12.0,444.0,329.04153,337.1727,325.6412,336.45816,17621916.0,341.00668,331.49405,327.58163,328.08157,328.45264,1.7889621,-0.021541627,0.022540044,0.024711696,-0.010334019,12.0,445.0,329.2633,334.5116,327.71097,330.6924,12193966.0,336.7292,332.38437,327.93274,328.19293,328.40994,1.7925924,0.0006739916,0.0043402878,0.01593948,-0.0047145467,12.0,446.0,330.71707,332.41724,326.94717,329.26334,12631178.0,333.68863,333.18106,328.7089,328.26193,328.37134,1.8163899,0.0044152075,-0.0043956954,0.005140832,-0.0113991415,12.0
443.0,336.28568,347.6693,334.24054,345.82132,10758302.0,345.15112,330.46082,327.79846,328.03326,328.36478,1.9075453,-0.019962618,0.028355766,0.033851076,-0.0060815127,12.0,444.0,329.04153,337.1727,325.6412,336.45816,17621916.0,341.00668,331.49405,327.58163,328.08157,328.45264,1.7889621,-0.021541627,0.022540044,0.024711696,-0.010334019,12.0,445.0,329.2633,334.5116,327.71097,330.6924,12193966.0,336.7292,332.38437,327.93274,328.19293,328.40994,1.7925924,0.0006739916,0.0043402878,0.01593948,-0.0047145467,12.0,446.0,330.71707,332.41724,326.94717,329.26334,12631178.0,333.68863,333.18106,328.7089,328.26193,328.37134,1.8163899,0.0044152075,-0.0043956954,0.005140832,-0.0113991415,12.0,447.0,323.71936,330.96347,322.78302,330.66782,10357542.0,329.8054,333.87592,329.10684,328.0402,328.08963,1.7018405,-0.021159207,0.021464417,0.02237776,-0.0028924104,12.0
444.0,329.04153,337.1727,325.6412,336.45816,17621916.0,341.00668,331.49405,327.58163,328.08157,328.45264,1.7889621,-0.021541627,0.022540044,0.024711696,-0.010334019,12.0,445.0,329.2633,334.5116,327.71097,330.6924,12193966.0,336.7292,332.38437,327.93274,328.19293,328.40994,1.7925924,0.0006739916,0.0043402878,0.01593948,-0.0047145467,12.0,446.0,330.71707,332.41724,326.94717,329.26334,12631178.0,333.68863,333.18106,328.7089,328.26193,328.37134,1.8163899,0.0044152075,-0.0043956954,0.005140832,-0.0113991415,12.0,447.0,323.71936,330.96347,322.78302,330.66782,10357542.0,329.8054,333.87592,329.10684,328.0402,328.08963,1.7018405,-0.021159207,0.021464417,0.02237776,-0.0028924104,12.0,448.0,318.7174,324.95132,317.4854,324.38458,13522634.0,326.29175,334.00073,329.41855,327.49713,327.743,1.6199608,-0.01545151,0.017781213,0.019559372,-0.0038654814,12.0
445.0,329.2633,334.5116,327.71097,330.6924,12193966.0,336.7292,332.38437,327.93274,328.19293,328.40994,1.7925924,0.0006739916,0.0043402878,0.01593948,-0.0047145467,12.0,446.0,330.71707,332.41724,326.94717,329.26334,12631178.0,333.68863,333.18106,328.7089,328.26193,328.37134,1.8163899,0.0044152075,-0.0043956954,0.005140832,-0.0113991415,12.0,447.0,323.71936,330.96347,322.78302,330.66782,10357542.0,329.8054,333.87592,329.10684,328.0402,328.08963,1.7018405,-0.021159207,0.021464417,0.02237776,-0.0028924104,12.0,448.0,318.7174,324.95132,317.4854,324.38458,13522634.0,326.29175,334.00073,329.41855,327.49713,327.743,1.6199608,-0.01545151,0.017781213,0.019559372,-0.0038654814,12.0,449.0,323.00476,323.74396,319.087,320.86108,8802466.0,325.08438,333.81348,329.89163,327.08218,327.58203,1.6901429,0.013451897,-0.0066367174,0.002288504,-0.01212909,12.0
446.0,330.71707,332.41724,326.94717,329.26334,12631178.0,333.68863,333.18106,328.7089,328.26193,328.37134,1.8163899,0.0044152075,-0.0043956954,0.005140832,-0.0113991415,12.0,447.0,323.71936,330.96347,322.78302,330.66782,10357542.0,329.8054,333.87592,329.10684,328.0402,328.08963,1.7018405,-0.021159207,0.021464417,0.02237776,-0.0028924104,12.0,448.0,318.7174,324.95132,317.4854,324.38458,13522634.0,326.29175,334.00073,329.41855,327.49713,327.743,1.6199608,-0.01545151,0.017781213,0.019559372,-0.0038654814,12.0,449.0,323.00476,323.74396,319.087,320.86108,8802466.0,325.08438,333.81348,329.89163,327.08218,327.58203,1.6901429,0.013451897,-0.0066367174,0.002288504,-0.01212909,12.0,450.0,322.19165,325.7398,320.86108,323.76862,8079378.0,323.67004,333.84634,330.20578,327.0802,327.43912,1.6768327,-0.0025173323,0.004894482,0.011012561,-0.0041297222,12.0
447.0,323.71936,330.96347,322.78302,330.66782,10357542.0,329.8054,333.87592,329.10684,328.0402,328.08963,1.7018405,-0.021159207,0.021464417,0.02237776,-0.0028924104,12.0,448.0,318.7174,324.95132,317.4854,324.38458,13522634.0,326.29175,334.00073,329.41855,327.49713,327.743,1.6199608,-0.01545151,0.017781213,0.019559372,-0.0038654814,12.0,449.0,323.00476,323.74396,319.087,320.86108,8802466.0,325.08438,333.81348,329.89163,327.08218,327.58203,1.6901429,0.013451897,-0.0066367174,0.002288504,-0.01212909,12.0,450.0,322.19165,325.7398,320.86108,323.76862,8079378.0,323.67004,333.84634,330.20578,327.0802,327.43912,1.6768327,-0.0025173323,0.004894482,0.011012561,-0.0041297222,12.0,451.0,321.55103,326.1587,320.4176,324.95135,6871182.0,321.83685,333.62952,330.345,327.3345,327.1911,1.6663458,-0.0019883353,0.01057475,0.014329464,-0.0035248855,12.0
448.0,318.7174,324.95132,317.4854,324.38458,13522634.0,326.29175,334.00073,329.41855,327.49713,327.743,1.6199608,-0.01545151,0.017781213,0.019559372,-0.0038654814,12.0,449.0,323.00476,323.74396,319.087,320.86108,8802466.0,325.08438,333.81348,329.89163,327.08218,327.58203,1.6901429,0.013451897,-0.0066367174,0.002288504,-0.01212909,12.0,450.0,322.19165,325.7398,320.86108,323.76862,8079378.0,323.67004,333.84634,330.20578,327.0802,327.43912,1.6768327,-0.0025173323,0.004894482,0.011012561,-0.0041297222,12.0,451.0,321.55103,326.1587,320.4176,324.95135,6871182.0,321.83685,333.62952,330.345,327.3345,327.1911,1.6663458,-0.0019883353,0.01057475,0.014329464,-0.0035248855,12.0,452.0,322.1424,324.08896,319.03778,322.78302,1565810.0,321.52145,333.00858,330.7873,327.58975,326.95374,1.6760263,0.001839116,0.001988661,0.0060425457,-0.009637429,12.0
449.0,323.00476,323.74396,319.087,320.86108,8802466.0,325.08438,333.81348,329.89163,327.08218,327.58203,1.6901429,0.013451897,-0.0066367174,0.002288504,-0.01212909,12.0,450.0,322.19165,325.7398,320.86108,323.76862,8079378.0,323.67004,333.84634,330.20578,327.0802,327.43912,1.6768327,-0.0025173323,0.004894482,0.011012561,-0.0041297222,12.0,451.0,321.55103,326.1587,320.4176,324.95135,6871182.0,321.83685,333.62952,330.345,327.3345,327.1911,1.6663458,-0.0019883353,0.01057475,0.014329464,-0.0035248855,12.0,452.0,322.1424,324.08896,319.03778,322.78302,1565810.0,321.52145,333.00858,330.7873,327.58975,326.95374,1.6760263,0.001839116,0.001988661,0.0060425457,-0.009637429,12.0,453.0,324.4339,325.73984,319.08704,321.7728,9504460.0,322.66473,331.3692,331.16675,328.06778,326.6917,1.7135372,0.007113326,-0.008202269,0.0040252516,-0.01648056,12.0
450.0,322.19165,325.7398,320.86108,323.76862,8079378.0,323.67004,333.84634,330.20578,327.0802,327.43912,1.6768327,-0.0025173323,0.004894482,0.011012561,-0.0041297222,12.0,451.0,321.55103,326.1587,320.4176,324.95135,6871182.0,321.83685,333.62952,330.345,327.3345,327.1911,1.6663458,-0.0019883353,0.01057475,0.014329464,-0.0035248855,12.0,452.0,322.1424,324.08896,319.03778,322.78302,1565810.0,321.52145,333.00858,330.7873,327.58975,326.95374,1.6760263,0.001839116,0.001988661,0.0060425457,-0.009637429,12.0,453.0,324.4339,325.73984,319.08704,321.7728,9504460.0,322.66473,331.3692,331.16675,328.06778,326.6917,1.7135372,0.007113326,-0.008202269,0.0040252516,-0.01648056,12.0,454.0,324.48315,328.32697,323.62076,326.77466,8284130.0,322.96042,329.68384,331.10022,328.50537,326.39523,1.7143435,0.00015181943,0.007061984,0.011845984,-0.002657757,12.0
451.0,321.55103,326.1587,320.4176,324.95135,6871182.0,321.83685,333.62952,330.345,327.3345,327.1911,1.6663458,-0.0019883353,0.01057475,0.014329464,-0.0035248855,12.0,452.0,322.1424,324.08896,319.03778,322.78302,1565810.0,321.52145,333.00858,330.7873,327.58975,326.95374,1.6760263,0.001839116,0.001988661,0.0060425457,-0.009637429,12.0,453.0,324.4339,325.73984,319.08704,321.7728,9504460.0,322.66473,331.3692,331.16675,328.06778,326.6917,1.7135372,0.007113326,-0.008202269,0.0040252516,-0.01648056,12.0,454.0,324.48315,328.32697,323.62076,326.77466,8284130.0,322.96042,329.68384,331.10022,328.50537,326.39523,1.7143435,0.00015181943,0.007061984,0.011845984,-0.002657757,12.0,455.0,321.60028,324.7542,321.08286,323.22653,8091390.0,322.84216,327.74713,331.09528,328.73306,326.37387,1.6671522,-0.008884509,0.0050567714,0.009806964,-0.0016089302,12.0
452.0,322.1424,324.08896,319.03778,322.78302,1565810.0,321.52145,333.00858,330.7873,327.58975,326.95374,1.6760263,0.001839116,0.001988661,0.0060425457,-0.009637429,12.0,453.0,324.4339,325.73984,319.08704,321.7728,9504460.0,322.66473,331.3692,331.16675,328.06778,326.6917,1.7135372,0.007113326,-0.008202269,0.0040252516,-0.01648056,12.0,454.0,324.48315,328.32697,323.62076,326.77466,8284130.0,322.96042,329.68384,331.10022,328.50537,326.39523,1.7143435,0.00015181943,0.007061984,0.011845984,-0.002657757,12.0,455.0,321.60028,324.7542,321.08286,323.22653,8091390.0,322.84216,327.74713,331.09528,328.73306,326.37387,1.6671522,-0.008884509,0.0050567714,0.009806964,-0.0016089302,12.0,456.0,316.27805,320.1958,313.81406,320.1958,12067796.0,321.78757,325.771,330.669,328.6335,326.41,1.5800296,-0.016549224,0.012387056,0.012387056,-0.0077905892,12.0
453.0,324.4339,325.73984,319.08704,321.7728,9504460.0,322.66473,331.3692,331.16675,328.06778,326.6917,1.7135372,0.007113326,-0.008202269,0.0040252516,-0.01648056,12.0,454.0,324.48315,328.32697,323.62076,326.77466,8284130.0,322.96042,329.68384,331.10022,328.50537,326.39523,1.7143435,0.00015181943,0.007061984,0.011845984,-0.002657757,12.0,455.0,321.60028,324.7542,321.08286,323.22653,8091390.0,322.84216,327.74713,331.09528,328.73306,326.37387,1.6671522,-0.008884509,0.0050567714,0.009806964,-0.0016089302,12.0,456.0,316.27805,320.1958,313.81406,320.1958,12067796.0,321.78757,325.771,330.669,328.6335,326.41,1.5800296,-0.016549224,0.012387056,0.012387056,-0.0077905892,12.0,457.0,325.27164,326.479,318.24927,319.33344,12126506.0,322.4134,324.58008,330.35977,329.11252,326.72705,1.7272506,0.02843571,-0.018256174,0.0037118585,-0.021589274,12.0
454.0,324.48315,328.32697,323.62076,326.77466,8284130.0,322.96042,329.68384,331.10022,328.50537,326.39523,1.7143435,0.00015181943,0.007061984,0.011845984,-0.002657757,12.0,455.0,321.60028,324.7542,321.08286,323.22653,8091390.0,322.84216,327.74713,331.09528,328.73306,326.37387,1.6671522,-0.008884509,0.0050567714,0.009806964,-0.0016089302,12.0,456.0,316.27805,320.1958,313.81406,320.1958,12067796.0,321.78757,325.771,330.669,328.6335,326.41,1.5800296,-0.016549224,0.012387056,0.012387056,-0.0077905892,12.0,457.0,325.27164,326.479,318.24927,319.33344,12126506.0,322.4134,324.58008,330.35977,329.11252,326.72705,1.7272506,0.02843571,-0.018256174,0.0037118585,-0.021589274,12.0,458.0,324.70493,328.2038,323.84253,326.01083,9435996.0,322.46762,323.80804,329.1438,329.4269,327.13443,1.7179738,-0.0017422712,0.0040217987,0.010775497,-0.0026559415,12.0
455.0,321.60028,324.7542,321.08286,323.22653,8091390.0,322.84216,327.74713,331.09528,328.73306,326.37387,1.6671522,-0.008884509,0.0050567714,0.009806964,-0.0016089302,12.0,456.0,316.27805,320.1958,313.81406,320.1958,12067796.0,321.78757,325.771,330.669,328.6335,326.41,1.5800296,-0.016549224,0.012387056,0.012387056,-0.0077905892,12.0,457.0,325.27164,326.479,318.24927,319.33344,12126506.0,322.4134,324.58008,330.35977,329.11252,326.72705,1.7272506,0.02843571,-0.018256174,0.0037118585,-0.021589274,12.0,458.0,324.70493,328.2038,323.84253,326.01083,9435996.0,322.46762,323.80804,329.1438,329.4269,327.13443,1.7179738,-0.0017422712,0.0040217987,0.010775497,-0.0026559415,12.0,459.0,325.96158,329.559,322.61057,324.45856,11327094.0,322.7633,323.6027,327.9537,329.43283,327.54837,1.7385446,0.003870138,-0.0046110633,0.011036341,-0.010280426,12.0
456.0,316.27805,320.1958,313.81406,320.1958,12067796.0,321.78757,325.771,330.669,328.6335,326.41,1.5800296,-0.016549224,0.012387056,0.012387056,-0.0077905892,12.0,457.0,325.27164,326.479,318.24927,319.33344,12126506.0,322.4134,324.58008,330.35977,329.11252,326.72705,1.7272506,0.02843571,-0.018256174,0.0037118585,-0.021589274,12.0,458.0,324.70493,328.2038,323.84253,326.01083,9435996.0,322.46762,323.80804,329.1438,329.4269,327.13443,1.7179738,-0.0017422712,0.0040217987,0.010775497,-0.0026559415,12.0,459.0,325.96158,329.559,322.61057,324.45856,11327094.0,322.7633,323.6027,327.9537,329.43283,327.54837,1.7385446,0.003870138,-0.0046110633,0.011036341,-0.010280426,12.0,460.0,326.13403,329.1894,324.2614,325.96158,8854994.0,323.67004,323.39407,326.72787,329.61023,327.88922,1.7413676,0.0005290649,-0.0005288238,0.009368408,-0.0057418975,12.0
457.0,325.27164,326.479,318.24927,319.33344,12126506.0,322.4134,324.58008,330.35977,329.11252,326.72705,1.7272506,0.02843571,-0.018256174,0.0037118585,-0.021589274,12.0,458.0,324.70493,328.2038,323.84253,326.01083,9435996.0,322.46762,323.80804,329.1438,329.4269,327.13443,1.7179738,-0.0017422712,0.0040217987,0.010775497,-0.0026559415,12.0,459.0,325.96158,329.559,322.61057,324.45856,11327094.0,322.7633,323.6027,327.9537,329.43283,327.54837,1.7385446,0.003870138,-0.0046110633,0.011036341,-0.010280426,12.0,460.0,326.13403,329.1894,324.2614,325.96158,8854994.0,323.67004,323.39407,326.72787,329.61023,327.88922,1.7413676,0.0005290649,-0.0005288238,0.009368408,-0.0057418975,12.0,461.0,321.03357,328.17914,317.9782,326.92252,7842498.0,324.62115,322.7485,325.48355,329.45944,327.96478,1.6578754,-0.015639165,0.018343713,0.02225804,-0.00951725,12.0
458.0,324.70493,328.2038,323.84253,326.01083,9435996.0,322.46762,323.80804,329.1438,329.4269,327.13443,1.7179738,-0.0017422712,0.0040217987,0.010775497,-0.0026559415,12.0,459.0,325.96158,329.559,322.61057,324.45856,11327094.0,322.7633,323.6027,327.9537,329.43283,327.54837,1.7385446,0.003870138,-0.0046110633,0.011036341,-0.010280426,12.0,460.0,326.13403,329.1894,324.2614,325.96158,8854994.0,323.67004,323.39407,326.72787,329.61023,327.88922,1.7413676,0.0005290649,-0.0005288238,0.009368408,-0.0057418975,12.0,461.0,321.03357,328.17914,317.9782,326.92252,7842498.0,324.62115,322.7485,325.48355,329.45944,327.96478,1.6578754,-0.015639165,0.018343713,0.02225804,-0.00951725,12.0,462.0,317.38687,325.46878,314.40546,324.2614,11582434.0,323.0442,322.32635,324.1961,328.89667,328.10114,1.5981805,-0.011359242,0.021659829,0.0254639,-0.009393662,12.0
459.0,325.96158,329.559,322.61057,324.45856,11327094.0,322.7633,323.6027,327.9537,329.43283,327.54837,1.7385446,0.003870138,-0.0046110633,0.011036341,-0.010280426,12.0,460.0,326.13403,329.1894,324.2614,325.96158,8854994.0,323.67004,323.39407,326.72787,329.61023,327.88922,1.7413676,0.0005290649,-0.0005288238,0.009368408,-0.0057418975,12.0,461.0,321.03357,328.17914,317.9782,326.92252,7842498.0,324.62115,322.7485,325.48355,329.45944,327.96478,1.6578754,-0.015639165,0.018343713,0.02225804,-0.00951725,12.0,462.0,317.38687,325.46878,314.40546,324.2614,11582434.0,323.0442,322.32635,324.1961,328.89667,328.10114,1.5981805,-0.011359242,0.021659829,0.0254639,-0.009393662,12.0,463.0,316.77084,319.80157,308.51648,316.7216,9134924.0,321.45737,322.19656,323.22037,327.6065,328.09866,1.5880965,-0.0019409367,-0.00015553141,0.009567555,-0.026057873,12.0
460.0,326.13403,329.1894,324.2614,325.96158,8854994.0,323.67004,323.39407,326.72787,329.61023,327.88922,1.7413676,0.0005290649,-0.0005288238,0.009368408,-0.0057418975,12.0,461.0,321.03357,328.17914,317.9782,326.92252,7842498.0,324.62115,322.7485,325.48355,329.45944,327.96478,1.6578754,-0.015639165,0.018343713,0.02225804,-0.00951725,12.0,462.0,317.38687,325.46878,314.40546,324.2614,11582434.0,323.0442,322.32635,324.1961,328.89667,328.10114,1.5981805,-0.011359242,0.021659829,0.0254639,-0.009393662,12.0,463.0,316.77084,319.80157,308.51648,316.7216,9134924.0,321.45737,322.19656,323.22037,327.6065,328.09866,1.5880965,-0.0019409367,-0.00015553141,0.009567555,-0.026057873,12.0,464.0,313.66623,319.1363,311.9907,317.51004,7985552.0,318.99832,321.574,322.4516,326.16263,327.69376,1.5372753,-0.009800821,0.012254498,0.017439082,-0.005341751,12.0
461.0,321.03357,328.17914,317.9782,326.92252,7842498.0,324.62115,322.7485,325.48355,329.45944,327.96478,1.6578754,-0.015639165,0.018343713,0.02225804,-0.00951725,12.0,462.0,317.38687,325.46878,314.40546,324.2614,11582434.0,323.0442,322.32635,324.1961,328.89667,328.10114,1.5981805,-0.011359242,0.021659829,0.0254639,-0.009393662,12.0,463.0,316.77084,319.80157,308.51648,316.7216,9134924.0,321.45737,322.19656,323.22037,327.6065,328.09866,1.5880965,-0.0019409367,-0.00015553141,0.009567555,-0.026057873,12.0,464.0,313.66623,319.1363,311.9907,317.51004,7985552.0,318.99832,321.574,322.4516,326.16263,327.69376,1.5372753,-0.009800821,0.012254498,0.017439082,-0.005341751,12.0,465.0,313.76477,316.27805,311.9414,313.9126,6661362.0,316.52444,321.0122,321.67667,324.6872,327.42926,1.5388885,0.0003141596,0.00047116034,0.008010013,-0.005811233,12.0
462.0,317.38687,325.46878,314.40546,324.2614,11582434.0,323.0442,322.32635,324.1961,328.89667,328.10114,1.5981805,-0.011359242,0.021659829,0.0254639,-0.009393662,12.0,463.0,316.77084,319.80157,308.51648,316.7216,9134924.0,321.45737,322.19656,323.22037,327.6065,328.09866,1.5880965,-0.0019409367,-0.00015553141,0.009567555,-0.026057873,12.0,464.0,313.66623,319.1363,311.9907,317.51004,7985552.0,318.99832,321.574,322.4516,326.16263,327.69376,1.5372753,-0.009800821,0.012254498,0.017439082,-0.005341751,12.0,465.0,313.76477,316.27805,311.9414,313.9126,6661362.0,316.52444,321.0122,321.67667,324.6872,327.42926,1.5388885,0.0003141596,0.00047116034,0.008010013,-0.005811233,12.0,466.0,306.24963,312.63138,305.3626,311.44864,8277074.0,313.56766,319.99213,320.4533,323.10037,326.81082,1.4158691,-0.023951499,0.016976407,0.020838382,-0.002896432,12.0
463.0,316.77084,319.80157,308.51648,316.7216,9134924.0,321.45737,322.19656,323.22037,327.6065,328.09866,1.5880965,-0.0019409367,-0.00015553141,0.009567555,-0.026057873,12.0,464.0,313.66623,319.1363,311.9907,317.51004,7985552.0,318.99832,321.574,322.4516,326.16263,327.69376,1.5372753,-0.009800821,0.012254498,0.017439082,-0.005341751,12.0,465.0,313.76477,316.27805,311.9414,313.9126,6661362.0,316.52444,321.0122,321.67667,324.6872,327.42926,1.5388885,0.0003141596,0.00047116034,0.008010013,-0.005811233,12.0,466.0,306.24963,312.63138,305.3626,311.44864,8277074.0,313.56766,319.99213,320.4533,323.10037,326.81082,1.4158691,-0.023951499,0.016976407,0.020838382,-0.002896432,12.0,467.0,310.7587,311.8675,297.62564,303.8349,10376060.0,312.24203,319.23322,319.80527,321.8053,326.1209,1.4896804,0.014723491,-0.02228035,0.0035680307,-0.04226128,12.0
464.0,313.66623,319.1363,311.9907,317.51004,7985552.0,318.99832,321.574,322.4516,326.16263,327.69376,1.5372753,-0.009800821,0.012254498,0.017439082,-0.005341751,12.0,465.0,313.76477,316.27805,311.9414,313.9126,6661362.0,316.52444,321.0122,321.67667,324.6872,327.42926,1.5388885,0.0003141596,0.00047116034,0.008010013,-0.005811233,12.0,466.0,306.24963,312.63138,305.3626,311.44864,8277074.0,313.56766,319.99213,320.4533,323.10037,326.81082,1.4158691,-0.023951499,0.016976407,0.020838382,-0.002896432,12.0,467.0,310.7587,311.8675,297.62564,303.8349,10376060.0,312.24203,319.23322,319.80527,321.8053,326.1209,1.4896804,0.014723491,-0.02228035,0.0035680307,-0.04226128,12.0,468.0,314.03583,318.1014,310.70944,310.7587,26850200.0,311.69504,318.54,319.5712,320.9153,324.9546,1.5433255,0.010545578,-0.010435503,0.012946254,-0.010592389,12.0
465.0,313.76477,316.27805,311.9414,313.9126,6661362.0,316.52444,321.0122,321.67667,324.6872,327.42926,1.5388885,0.0003141596,0.00047116034,0.008010013,-0.005811233,12.0,466.0,306.24963,312.63138,305.3626,311.44864,8277074.0,313.56766,319.99213,320.4533,323.10037,326.81082,1.4158691,-0.023951499,0.016976407,0.020838382,-0.002896432,12.0,467.0,310.7587,311.8675,297.62564,303.8349,10376060.0,312.24203,319.23322,319.80527,321.8053,326.1209,1.4896804,0.014723491,-0.02228035,0.0035680307,-0.04226128,12.0,468.0,314.03583,318.1014,310.70944,310.7587,26850200.0,311.69504,318.54,319.5712,320.9153,324.9546,1.5433255,0.010545578,-0.010435503,0.012946254,-0.010592389,12.0,469.0,312.82846,318.32318,312.06464,316.67227,9453644.0,311.52747,317.76303,319.06238,320.26678,323.72342,1.5235615,-0.0038446789,0.012287316,0.017564626,-0.0024416947,12.0
466.0,306.24963,312.63138,305.3626,311.44864,8277074.0,313.56766,319.99213,320.4533,323.10037,326.81082,1.4158691,-0.023951499,0.016976407,0.020838382,-0.002896432,12.0,467.0,310.7587,311.8675,297.62564,303.8349,10376060.0,312.24203,319.23322,319.80527,321.8053,326.1209,1.4896804,0.014723491,-0.02228035,0.0035680307,-0.04226128,12.0,468.0,314.03583,318.1014,310.70944,310.7587,26850200.0,311.69504,318.54,319.5712,320.9153,324.9546,1.5433255,0.010545578,-0.010435503,0.012946254,-0.010592389,12.0,469.0,312.82846,318.32318,312.06464,316.67227,9453644.0,311.52747,317.76303,319.06238,320.26678,323.72342,1.5235615,-0.0038446789,0.012287316,0.017564626,-0.0024416947,12.0,470.0,318.74203,319.38266,309.9702,313.86334,10210456.0,312.52292,317.57248,318.8899,319.84592,322.65982,1.620364,0.018903568,-0.015306066,0.002009876,-0.027520081,12.0
467.0,310.7587,311.8675,297.62564,303.8349,10376060.0,312.24203,319.23322,319.80527,321.8053,326.1209,1.4896804,0.014723491,-0.02228035,0.0035680307,-0.04226128,12.0,468.0,314.03583,318.1014,310.70944,310.7587,26850200.0,311.69504,318.54,319.5712,320.9153,324.9546,1.5433255,0.010545578,-0.010435503,0.012946254,-0.010592389,12.0,469.0,312.82846,318.32318,312.06464,316.67227,9453644.0,311.52747,317.76303,319.06238,320.26678,323.72342,1.5235615,-0.0038446789,0.012287316,0.017564626,-0.0024416947,12.0,470.0,318.74203,319.38266,309.9702,313.86334,10210456.0,312.52292,317.57248,318.8899,319.84592,322.65982,1.620364,0.018903568,-0.015306066,0.002009876,-0.027520081,12.0,471.0,315.76062,322.26556,315.34177,317.7318,13405010.0,314.42514,317.538,318.60037,319.24768,321.65448,1.5715595,-0.009353692,0.0062426846,0.020600878,-0.0013265323,12.0
468.0,314.03583,318.1014,310.70944,310.7587,26850200.0,311.69504,318.54,319.5712,320.9153,324.9546,1.5433255,0.010545578,-0.010435503,0.012946254,-0.010592389,12.0,469.0,312.82846,318.32318,312.06464,316.67227,9453644.0,311.52747,317.76303,319.06238,320.26678,323.72342,1.5235615,-0.0038446789,0.012287316,0.017564626,-0.0024416947,12.0,470.0,318.74203,319.38266,309.9702,313.86334,10210456.0,312.52292,317.57248,318.8899,319.84592,322.65982,1.620364,0.018903568,-0.015306066,0.002009876,-0.027520081,12.0,471.0,315.76062,322.26556,315.34177,317.7318,13405010.0,314.42514,317.538,318.60037,319.24768,321.65448,1.5715595,-0.009353692,0.0062426846,0.020600878,-0.0013265323,12.0,472.0,307.75266,317.4608,307.0874,314.03583,9409906.0,313.8239,316.37006,317.8809,318.609,320.47507,1.4404728,-0.025360873,0.020416332,0.031545255,-0.0021616903,12.0
469.0,312.82846,318.32318,312.06464,316.67227,9453644.0,311.52747,317.76303,319.06238,320.26678,323.72342,1.5235615,-0.0038446789,0.012287316,0.017564626,-0.0024416947,12.0,470.0,318.74203,319.38266,309.9702,313.86334,10210456.0,312.52292,317.57248,318.8899,319.84592,322.65982,1.620364,0.018903568,-0.015306066,0.002009876,-0.027520081,12.0,471.0,315.76062,322.26556,315.34177,317.7318,13405010.0,314.42514,317.538,318.60037,319.24768,321.65448,1.5715595,-0.009353692,0.0062426846,0.020600878,-0.0013265323,12.0,472.0,307.75266,317.4608,307.0874,314.03583,9409906.0,313.8239,316.37006,317.8809,318.609,320.47507,1.4404728,-0.025360873,0.020416332,0.031545255,-0.0021616903,12.0,473.0,311.64578,312.7053,307.01346,309.47745,8557090.0,313.34592,315.49945,317.2415,318.32614,319.65375,1.5042015,0.012650183,-0.00695766,0.003399689,-0.014864048,12.0
470.0,318.74203,319.38266,309.9702,313.86334,10210456.0,312.52292,317.57248,318.8899,319.84592,322.65982,1.620364,0.018903568,-0.015306066,0.002009876,-0.027520081,12.0,471.0,315.76062,322.26556,315.34177,317.7318,13405010.0,314.42514,317.538,318.60037,319.24768,321.65448,1.5715595,-0.009353692,0.0062426846,0.020600878,-0.0013265323,12.0,472.0,307.75266,317.4608,307.0874,314.03583,9409906.0,313.8239,316.37006,317.8809,318.609,320.47507,1.4404728,-0.025360873,0.020416332,0.031545255,-0.0021616903,12.0,473.0,311.64578,312.7053,307.01346,309.47745,8557090.0,313.34592,315.49945,317.2415,318.32614,319.65375,1.5042015,0.012650183,-0.00695766,0.003399689,-0.014864048,12.0,474.0,316.2288,321.7974,314.52863,314.89822,15360658.0,314.02597,314.8506,316.82877,318.05508,319.22665,1.5792233,0.014705824,-0.0042075925,0.017609455,-0.005376363,12.0
471.0,315.76062,322.26556,315.34177,317.7318,13405010.0,314.42514,317.538,318.60037,319.24768,321.65448,1.5715595,-0.009353692,0.0062426846,0.020600878,-0.0013265323,12.0,472.0,307.75266,317.4608,307.0874,314.03583,9409906.0,313.8239,316.37006,317.8809,318.609,320.47507,1.4404728,-0.025360873,0.020416332,0.031545255,-0.0021616903,12.0,473.0,311.64578,312.7053,307.01346,309.47745,8557090.0,313.34592,315.49945,317.2415,318.32614,319.65375,1.5042015,0.012650183,-0.00695766,0.003399689,-0.014864048,12.0,474.0,316.2288,321.7974,314.52863,314.89822,15360658.0,314.02597,314.8506,316.82877,318.05508,319.22665,1.5792233,0.014705824,-0.0042075925,0.017609455,-0.005376363,12.0,475.0,316.96802,319.13632,314.3315,316.25345,6865604.0,313.67117,314.23953,316.59714,317.84616,318.8168,1.5913241,0.0023376343,-0.0022543722,0.006840739,-0.008317843,12.0
472.0,307.75266,317.4608,307.0874,314.03583,9409906.0,313.8239,316.37006,317.8809,318.609,320.47507,1.4404728,-0.025360873,0.020416332,0.031545255,-0.0021616903,12.0,473.0,311.64578,312.7053,307.01346,309.47745,8557090.0,313.34592,315.49945,317.2415,318.32614,319.65375,1.5042015,0.012650183,-0.00695766,0.003399689,-0.014864048,12.0,474.0,316.2288,321.7974,314.52863,314.89822,15360658.0,314.02597,314.8506,316.82877,318.05508,319.22665,1.5792233,0.014705824,-0.0042075925,0.017609455,-0.005376363,12.0,475.0,316.96802,319.13632,314.3315,316.25345,6865604.0,313.67117,314.23953,316.59714,317.84616,318.8168,1.5913241,0.0023376343,-0.0022543722,0.006840739,-0.008317843,12.0,476.0,314.52863,318.29855,312.9763,316.45056,8525212.0,313.42477,313.80585,316.50967,317.56525,318.2772,1.5513924,-0.0076960195,0.0061104964,0.011985937,-0.0049354085,12.0
473.0,311.64578,312.7053,307.01346,309.47745,8557090.0,313.34592,315.49945,317.2415,318.32614,319.65375,1.5042015,0.012650183,-0.00695766,0.003399689,-0.014864048,12.0,474.0,316.2288,321.7974,314.52863,314.89822,15360658.0,314.02597,314.8506,316.82877,318.05508,319.22665,1.5792233,0.014705824,-0.0042075925,0.017609455,-0.005376363,12.0,475.0,316.96802,319.13632,314.3315,316.25345,6865604.0,313.67117,314.23953,316.59714,317.84616,318.8168,1.5913241,0.0023376343,-0.0022543722,0.006840739,-0.008317843,12.0,476.0,314.52863,318.29855,312.9763,316.45056,8525212.0,313.42477,313.80585,316.50967,317.56525,318.2772,1.5513924,-0.0076960195,0.0061104964,0.011985937,-0.0049354085,12.0,477.0,318.05215,323.54684,315.4896,317.1158,13123680.0,315.48468,313.85022,316.1487,317.40164,318.0883,1.609071,0.01120257,-0.0029439484,0.01727605,-0.008057037,12.0
474.0,316.2288,321.7974,314.52863,314.89822,15360658.0,314.02597,314.8506,316.82877,318.05508,319.22665,1.5792233,0.014705824,-0.0042075925,0.017609455,-0.005376363,12.0,475.0,316.96802,319.13632,314.3315,316.25345,6865604.0,313.67117,314.23953,316.59714,317.84616,318.8168,1.5913241,0.0023376343,-0.0022543722,0.006840739,-0.008317843,12.0,476.0,314.52863,318.29855,312.9763,316.45056,8525212.0,313.42477,313.80585,316.50967,317.56525,318.2772,1.5513924,-0.0076960195,0.0061104964,0.011985937,-0.0049354085,12.0,477.0,318.05215,323.54684,315.4896,317.1158,13123680.0,315.48468,313.85022,316.1487,317.40164,318.0883,1.609071,0.01120257,-0.0029439484,0.01727605,-0.008057037,12.0,478.0,318.79135,321.25534,315.02142,318.3478,8609412.0,316.9138,313.98492,315.85303,317.17593,318.09076,1.6211712,0.002324137,-0.0013912882,0.0077291694,-0.011825667,12.0
475.0,316.96802,319.13632,314.3315,316.25345,6865604.0,313.67117,314.23953,316.59714,317.84616,318.8168,1.5913241,0.0023376343,-0.0022543722,0.006840739,-0.008317843,12.0,476.0,314.52863,318.29855,312.9763,316.45056,8525212.0,313.42477,313.80585,316.50967,317.56525,318.2772,1.5513924,-0.0076960195,0.0061104964,0.011985937,-0.0049354085,12.0,477.0,318.05215,323.54684,315.4896,317.1158,13123680.0,315.48468,313.85022,316.1487,317.40164,318.0883,1.609071,0.01120257,-0.0029439484,0.01727605,-0.008057037,12.0,478.0,318.79135,321.25534,315.02142,318.3478,8609412.0,316.9138,313.98492,315.85303,317.17593,318.09076,1.6211712,0.002324137,-0.0013912882,0.0077291694,-0.011825667,12.0,479.0,313.61697,318.69278,313.09952,318.69278,7123544.0,316.39142,313.98163,315.2358,316.7413,317.77783,1.5364691,-0.016231235,0.01618477,0.01618477,-0.0016499824,12.0
476.0,314.52863,318.29855,312.9763,316.45056,8525212.0,313.42477,313.80585,316.50967,317.56525,318.2772,1.5513924,-0.0076960195,0.0061104964,0.011985937,-0.0049354085,12.0,477.0,318.05215,323.54684,315.4896,317.1158,13123680.0,315.48468,313.85022,316.1487,317.40164,318.0883,1.609071,0.01120257,-0.0029439484,0.01727605,-0.008057037,12.0,478.0,318.79135,321.25534,315.02142,318.3478,8609412.0,316.9138,313.98492,315.85303,317.17593,318.09076,1.6211712,0.002324137,-0.0013912882,0.0077291694,-0.011825667,12.0,479.0,313.61697,318.69278,313.09952,318.69278,7123544.0,316.39142,313.98163,315.2358,316.7413,317.77783,1.5364691,-0.016231235,0.01618477,0.01618477,-0.0016499824,12.0,480.0,317.51007,320.26978,315.09537,317.36224,12437240.0,316.49985,314.23132,314.8046,316.5777,317.62177,1.6001973,0.01241354,-0.00046560267,0.00869166,-0.0076050963,12.0
477.0,318.05215,323.54684,315.4896,317.1158,13123680.0,315.48468,313.85022,316.1487,317.40164,318.0883,1.609071,0.01120257,-0.0029439484,0.01727605,-0.008057037,12.0,478.0,318.79135,321.25534,315.02142,318.3478,8609412.0,316.9138,313.98492,315.85303,317.17593,318.09076,1.6211712,0.002324137,-0.0013912882,0.0077291694,-0.011825667,12.0,479.0,313.61697,318.69278,313.09952,318.69278,7123544.0,316.39142,313.98163,315.2358,316.7413,317.77783,1.5364691,-0.016231235,0.01618477,0.01618477,-0.0016499824,12.0,480.0,317.51007,320.26978,315.09537,317.36224,12437240.0,316.49985,314.23132,314.8046,316.5777,317.62177,1.6001973,0.01241354,-0.00046560267,0.00869166,-0.0076050963,12.0,481.0,330.56924,333.52603,320.36832,325.24704,104600020.0,319.70795,315.85263,315.28137,317.14932,317.92236,1.81397,0.04112995,-0.01610016,0.008944544,-0.030858696,12.0
478.0,318.79135,321.25534,315.02142,318.3478,8609412.0,316.9138,313.98492,315.85303,317.17593,318.09076,1.6211712,0.002324137,-0.0013912882,0.0077291694,-0.011825667,12.0,479.0,313.61697,318.69278,313.09952,318.69278,7123544.0,316.39142,313.98163,315.2358,316.7413,317.77783,1.5364691,-0.016231235,0.01618477,0.01618477,-0.0016499824,12.0,480.0,317.51007,320.26978,315.09537,317.36224,12437240.0,316.49985,314.23132,314.8046,316.5777,317.62177,1.6001973,0.01241354,-0.00046560267,0.00869166,-0.0076050963,12.0,481.0,330.56924,333.52603,320.36832,325.24704,104600020.0,319.70795,315.85263,315.28137,317.14932,317.92236,1.81397,0.04112995,-0.01610016,0.008944544,-0.030858696,12.0,482.0,328.17917,333.87097,326.7254,328.96762,26298202.0,321.73337,317.01398,315.82098,317.26562,318.1236,1.7748456,-0.0072301817,0.0024025461,0.017343625,-0.0044297804,12.0
479.0,313.61697,318.69278,313.09952,318.69278,7123544.0,316.39142,313.98163,315.2358,316.7413,317.77783,1.5364691,-0.016231235,0.01618477,0.01618477,-0.0016499824,12.0,480.0,317.51007,320.26978,315.09537,317.36224,12437240.0,316.49985,314.23132,314.8046,316.5777,317.62177,1.6001973,0.01241354,-0.00046560267,0.00869166,-0.0076050963,12.0,481.0,330.56924,333.52603,320.36832,325.24704,104600020.0,319.70795,315.85263,315.28137,317.14932,317.92236,1.81397,0.04112995,-0.01610016,0.008944544,-0.030858696,12.0,482.0,328.17917,333.87097,326.7254,328.96762,26298202.0,321.73337,317.01398,315.82098,317.26562,318.1236,1.7748456,-0.0072301817,0.0024025461,0.017343625,-0.0044297804,12.0,483.0,340.42517,343.5298,330.66776,333.13177,27362096.0,326.06012,318.7733,317.00372,317.89444,318.65665,1.9753071,0.03731499,-0.021424418,0.009119843,-0.028662404,12.0
480.0,317.51007,320.26978,315.09537,317.36224,12437240.0,316.49985,314.23132,314.8046,316.5777,317.62177,1.6001973,0.01241354,-0.00046560267,0.00869166,-0.0076050963,12.0,481.0,330.56924,333.52603,320.36832,325.24704,104600020.0,319.70795,315.85263,315.28137,317.14932,317.92236,1.81397,0.04112995,-0.01610016,0.008944544,-0.030858696,12.0,482.0,328.17917,333.87097,326.7254,328.96762,26298202.0,321.73337,317.01398,315.82098,317.26562,318.1236,1.7748456,-0.0072301817,0.0024025461,0.017343625,-0.0044297804,12.0,483.0,340.42517,343.5298,330.66776,333.13177,27362096.0,326.06012,318.7733,317.00372,317.89444,318.65665,1.9753071,0.03731499,-0.021424418,0.009119843,-0.028662404,12.0,484.0,337.8873,342.93848,335.69434,342.93848,12327754.0,330.91418,320.44388,318.21478,318.3715,319.10345,1.9337633,-0.0074550076,0.014949318,0.014949318,-0.006490209,12.0
481.0,330.56924,333.52603,320.36832,325.24704,104600020.0,319.70795,315.85263,315.28137,317.14932,317.92236,1.81397,0.04112995,-0.01610016,0.008944544,-0.030858696,12.0,482.0,328.17917,333.87097,326.7254,328.96762,26298202.0,321.73337,317.01398,315.82098,317.26562,318.1236,1.7748456,-0.0072301817,0.0024025461,0.017343625,-0.0044297804,12.0,483.0,340.42517,343.5298,330.66776,333.13177,27362096.0,326.06012,318.7733,317.00372,317.89444,318.65665,1.9753071,0.03731499,-0.021424418,0.009119843,-0.028662404,12.0,484.0,337.8873,342.93848,335.69434,342.93848,12327754.0,330.91418,320.44388,318.21478,318.3715,319.10345,1.9337633,-0.0074550076,0.014949318,0.014949318,-0.006490209,12.0,485.0,342.2732,345.94455,339.58743,340.08023,12944908.0,335.86682,322.0126,319.6402,319.01703,319.79254,2.0055583,0.012980348,-0.006407044,0.010726388,-0.007846825,12.0
482.0,328.17917,333.87097,326.7254,328.96762,26298202.0,321.73337,317.01398,315.82098,317.26562,318.1236,1.7748456,-0.0072301817,0.0024025461,0.017343625,-0.0044297804,12.0,483.0,340.42517,343.5298,330.66776,333.13177,27362096.0,326.06012,318.7733,317.00372,317.89444,318.65665,1.9753071,0.03731499,-0.021424418,0.009119843,-0.028662404,12.0,484.0,337.8873,342.93848,335.69434,342.93848,12327754.0,330.91418,320.44388,318.21478,318.3715,319.10345,1.9337633,-0.0074550076,0.014949318,0.014949318,-0.006490209,12.0,485.0,342.2732,345.94455,339.58743,340.08023,12944908.0,335.86682,322.0126,319.6402,319.01703,319.79254,2.0055583,0.012980348,-0.006407044,0.010726388,-0.007846825,12.0,486.0,344.1951,346.14166,340.1049,343.85013,13182426.0,338.59198,323.90823,321.53748,319.9435,320.7231,2.037019,0.005615121,-0.0010022366,0.005655397,-0.011883439,12.0
483.0,340.42517,343.5298,330.66776,333.13177,27362096.0,326.06012,318.7733,317.00372,317.89444,318.65665,1.9753071,0.03731499,-0.021424418,0.009119843,-0.028662404,12.0,484.0,337.8873,342.93848,335.69434,342.93848,12327754.0,330.91418,320.44388,318.21478,318.3715,319.10345,1.9337633,-0.0074550076,0.014949318,0.014949318,-0.006490209,12.0,485.0,342.2732,345.94455,339.58743,340.08023,12944908.0,335.86682,322.0126,319.6402,319.01703,319.79254,2.0055583,0.012980348,-0.006407044,0.010726388,-0.007846825,12.0,486.0,344.1951,346.14166,340.1049,343.85013,13182426.0,338.59198,323.90823,321.53748,319.9435,320.7231,2.037019,0.005615121,-0.0010022366,0.005655397,-0.011883439,12.0,487.0,344.7618,345.45175,340.5977,344.885,10188656.0,341.9085,326.37552,323.2376,321.0385,321.37277,2.046296,0.0016464831,0.00035734707,0.0020011785,-0.012078261,12.0
484.0,337.8873,342.93848,335.69434,342.93848,12327754.0,330.91418,320.44388,318.21478,318.3715,319.10345,1.9337633,-0.0074550076,0.014949318,0.014949318,-0.006490209,12.0,485.0,342.2732,345.94455,339.58743,340.08023,12944908.0,335.86682,322.0126,319.6402,319.01703,319.79254,2.0055583,0.012980348,-0.006407044,0.010726388,-0.007846825,12.0,486.0,344.1951,346.14166,340.1049,343.85013,13182426.0,338.59198,323.90823,321.53748,319.9435,320.7231,2.037019,0.005615121,-0.0010022366,0.005655397,-0.011883439,12.0,487.0,344.7618,345.45175,340.5977,344.885,10188656.0,341.9085,326.37552,323.2376,321.0385,321.37277,2.046296,0.0016464831,0.00035734707,0.0020011785,-0.012078261,12.0,488.0,347.64468,348.6549,345.72275,346.43732,10158044.0,343.35242,328.77545,324.91806,322.27347,322.13745,2.0934873,0.008361928,-0.0034729778,0.0029059292,-0.0055284207,12.0
485.0,342.2732,345.94455,339.58743,340.08023,12944908.0,335.86682,322.0126,319.6402,319.01703,319.79254,2.0055583,0.012980348,-0.006407044,0.010726388,-0.007846825,12.0,486.0,344.1951,346.14166,340.1049,343.85013,13182426.0,338.59198,323.90823,321.53748,319.9435,320.7231,2.037019,0.005615121,-0.0010022366,0.005655397,-0.011883439,12.0,487.0,344.7618,345.45175,340.5977,344.885,10188656.0,341.9085,326.37552,323.2376,321.0385,321.37277,2.046296,0.0016464831,0.00035734707,0.0020011785,-0.012078261,12.0,488.0,347.64468,348.6549,345.72275,346.43732,10158044.0,343.35242,328.77545,324.91806,322.27347,322.13745,2.0934873,0.008361928,-0.0034729778,0.0029059292,-0.0055284207,12.0,489.0,346.7823,349.8869,344.98355,347.5461,7898416.0,345.1314,330.81235,326.61575,323.59808,322.83145,2.0793703,-0.002480683,0.0022026259,0.008952661,-0.005186904,12.0
486.0,344.1951,346.14166,340.1049,343.85013,13182426.0,338.59198,323.90823,321.53748,319.9435,320.7231,2.037019,0.005615121,-0.0010022366,0.005655397,-0.011883439,12.0,487.0,344.7618,345.45175,340.5977,344.885,10188656.0,341.9085,326.37552,323.2376,321.0385,321.37277,2.046296,0.0016464831,0.00035734707,0.0020011785,-0.012078261,12.0,488.0,347.64468,348.6549,345.72275,346.43732,10158044.0,343.35242,328.77545,324.91806,322.27347,322.13745,2.0934873,0.008361928,-0.0034729778,0.0029059292,-0.0055284207,12.0,489.0,346.7823,349.8869,344.98355,347.5461,7898416.0,345.1314,330.81235,326.61575,323.59808,322.83145,2.0793703,-0.002480683,0.0022026259,0.008952661,-0.005186904,12.0,490.0,351.90738,354.76562,346.9301,347.4722,18087350.0,347.05826,333.14163,328.27402,325.1238,323.69058,2.1632655,0.014778988,-0.012603277,0.008122181,-0.014143644,12.0
487.0,344.7618,345.45175,340.5977,344.885,10188656.0,341.9085,326.37552,323.2376,321.0385,321.37277,2.046296,0.0016464831,0.00035734707,0.0020011785,-0.012078261,12.0,488.0,347.64468,348.6549,345.72275,346.43732,10158044.0,343.35242,328.77545,324.91806,322.27347,322.13745,2.0934873,0.008361928,-0.0034729778,0.0029059292,-0.0055284207,12.0,489.0,346.7823,349.8869,344.98355,347.5461,7898416.0,345.1314,330.81235,326.61575,323.59808,322.83145,2.0793703,-0.002480683,0.0022026259,0.008952661,-0.005186904,12.0,490.0,351.90738,354.76562,346.9301,347.4722,18087350.0,347.05826,333.14163,328.27402,325.1238,323.69058,2.1632655,0.014778988,-0.012603277,0.008122181,-0.014143644,12.0,491.0,352.52338,354.22354,349.4434,352.74515,8549558.0,348.7239,335.67462,330.11215,326.97476,324.74023,2.1733491,0.0017504529,0.00062907976,0.004822831,-0.008736982,12.0
488.0,347.64468,348.6549,345.72275,346.43732,10158044.0,343.35242,328.77545,324.91806,322.27347,322.13745,2.0934873,0.008361928,-0.0034729778,0.0029059292,-0.0055284207,12.0,489.0,346.7823,349.8869,344.98355,347.5461,7898416.0,345.1314,330.81235,326.61575,323.59808,322.83145,2.0793703,-0.002480683,0.0022026259,0.008952661,-0.005186904,12.0,490.0,351.90738,354.76562,346.9301,347.4722,18087350.0,347.05826,333.14163,328.27402,325.1238,323.69058,2.1632655,0.014778988,-0.012603277,0.008122181,-0.014143644,12.0,491.0,352.52338,354.22354,349.4434,352.74515,8549558.0,348.7239,335.67462,330.11215,326.97476,324.74023,2.1733491,0.0017504529,0.00062907976,0.004822831,-0.008736982,12.0,492.0,354.1743,358.16595,352.84372,353.8293,9280810.0,350.6064,338.08276,332.43323,328.71136,325.9665,2.200374,0.0046831206,-0.00097399775,0.011270315,-0.0037568,12.0
489.0,346.7823,349.8869,344.98355,347.5461,7898416.0,345.1314,330.81235,326.61575,323.59808,322.83145,2.0793703,-0.002480683,0.0022026259,0.008952661,-0.005186904,12.0,490.0,351.90738,354.76562,346.9301,347.4722,18087350.0,347.05826,333.14163,328.27402,325.1238,323.69058,2.1632655,0.014778988,-0.012603277,0.008122181,-0.014143644,12.0,491.0,352.52338,354.22354,349.4434,352.74515,8549558.0,348.7239,335.67462,330.11215,326.97476,324.74023,2.1733491,0.0017504529,0.00062907976,0.004822831,-0.008736982,12.0,492.0,354.1743,358.16595,352.84372,353.8293,9280810.0,350.6064,338.08276,332.43323,328.71136,325.9665,2.200374,0.0046831206,-0.00097399775,0.011270315,-0.0037568,12.0,493.0,355.55408,356.34253,350.65073,356.17007,10228800.0,352.1883,340.5336,334.62866,330.3721,327.25925,2.2229605,0.0038957973,0.0017325018,0.0022175685,-0.01379073,12.0
490.0,351.90738,354.76562,346.9301,347.4722,18087350.0,347.05826,333.14163,328.27402,325.1238,323.69058,2.1632655,0.014778988,-0.012603277,0.008122181,-0.014143644,12.0,491.0,352.52338,354.22354,349.4434,352.74515,8549558.0,348.7239,335.67462,330.11215,326.97476,324.74023,2.1733491,0.0017504529,0.00062907976,0.004822831,-0.008736982,12.0,492.0,354.1743,358.16595,352.84372,353.8293,9280810.0,350.6064,338.08276,332.43323,328.71136,325.9665,2.200374,0.0046831206,-0.00097399775,0.011270315,-0.0037568,12.0,493.0,355.55408,356.34253,350.65073,356.17007,10228800.0,352.1883,340.5336,334.62866,330.3721,327.25925,2.2229605,0.0038957973,0.0017325018,0.0022175685,-0.01379073,12.0,494.0,351.6117,355.23376,346.43732,354.81488,14711264.0,353.15417,343.0666,336.3978,331.92343,328.5241,2.1584253,-0.011087998,0.009110021,0.0103012975,-0.0147161875,12.0
491.0,352.52338,354.22354,349.4434,352.74515,8549558.0,348.7239,335.67462,330.11215,326.97476,324.74023,2.1733491,0.0017504529,0.00062907976,0.004822831,-0.008736982,12.0,492.0,354.1743,358.16595,352.84372,353.8293,9280810.0,350.6064,338.08276,332.43323,328.71136,325.9665,2.200374,0.0046831206,-0.00097399775,0.011270315,-0.0037568,12.0,493.0,355.55408,356.34253,350.65073,356.17007,10228800.0,352.1883,340.5336,334.62866,330.3721,327.25925,2.2229605,0.0038957973,0.0017325018,0.0022175685,-0.01379073,12.0,494.0,351.6117,355.23376,346.43732,354.81488,14711264.0,353.15417,343.0666,336.3978,331.92343,328.5241,2.1584253,-0.011087998,0.009110021,0.0103012975,-0.0147161875,12.0,495.0,347.79254,350.99573,344.93433,347.81717,12883220.0,352.3312,345.08542,337.93903,333.08545,329.65836,2.0959074,-0.0108618485,7.082932e-05,0.00921006,-0.008218191,12.0
492.0,354.1743,358.16595,352.84372,353.8293,9280810.0,350.6064,338.08276,332.43323,328.71136,325.9665,2.200374,0.0046831206,-0.00097399775,0.011270315,-0.0037568,12.0,493.0,355.55408,356.34253,350.65073,356.17007,10228800.0,352.1883,340.5336,334.62866,330.3721,327.25925,2.2229605,0.0038957973,0.0017325018,0.0022175685,-0.01379073,12.0,494.0,351.6117,355.23376,346.43732,354.81488,14711264.0,353.15417,343.0666,336.3978,331.92343,328.5241,2.1584253,-0.011087998,0.009110021,0.0103012975,-0.0147161875,12.0,495.0,347.79254,350.99573,344.93433,347.81717,12883220.0,352.3312,345.08542,337.93903,333.08545,329.65836,2.0959074,-0.0108618485,7.082932e-05,0.00921006,-0.008218191,12.0,496.0,350.62613,355.5541,348.7042,348.90134,13120326.0,351.95175,346.42255,339.7439,334.48007,331.13757,2.142292,0.0081473505,-0.004919185,0.014054813,-0.0054814117,12.0
493.0,355.55408,356.34253,350.65073,356.17007,10228800.0,352.1883,340.5336,334.62866,330.3721,327.25925,2.2229605,0.0038957973,0.0017325018,0.0022175685,-0.01379073,12.0,494.0,351.6117,355.23376,346.43732,354.81488,14711264.0,353.15417,343.0666,336.3978,331.92343,328.5241,2.1584253,-0.011087998,0.009110021,0.0103012975,-0.0147161875,12.0,495.0,347.79254,350.99573,344.93433,347.81717,12883220.0,352.3312,345.08542,337.93903,333.08545,329.65836,2.0959074,-0.0108618485,7.082932e-05,0.00921006,-0.008218191,12.0,496.0,350.62613,355.5541,348.7042,348.90134,13120326.0,351.95175,346.42255,339.7439,334.48007,331.13757,2.142292,0.0081473505,-0.004919185,0.014054813,-0.0054814117,12.0,497.0,341.75574,349.3941,340.03094,349.3941,27537820.0,349.46805,347.32764,340.92908,335.8402,332.1708,1.9970878,-0.025298718,0.022350397,0.022350397,-0.0050468636,12.0
494.0,351.6117,355.23376,346.43732,354.81488,14711264.0,353.15417,343.0666,336.3978,331.92343,328.5241,2.1584253,-0.011087998,0.009110021,0.0103012975,-0.0147161875,12.0,495.0,347.79254,350.99573,344.93433,347.81717,12883220.0,352.3312,345.08542,337.93903,333.08545,329.65836,2.0959074,-0.0108618485,7.082932e-05,0.00921006,-0.008218191,12.0,496.0,350.62613,355.5541,348.7042,348.90134,13120326.0,351.95175,346.42255,339.7439,334.48007,331.13757,2.142292,0.0081473505,-0.004919185,0.014054813,-0.0054814117,12.0,497.0,341.75574,349.3941,340.03094,349.3941,27537820.0,349.46805,347.32764,340.92908,335.8402,332.1708,1.9970878,-0.025298718,0.022350397,0.022350397,-0.0050468636,12.0,498.0,342.07608,344.1951,339.53815,342.49493,15487458.0,346.77243,347.4377,342.09332,337.0574,333.1055,2.0023317,0.000937345,0.001224484,0.0061946088,-0.0074191806,12.0
495.0,347.79254,350.99573,344.93433,347.81717,12883220.0,352.3312,345.08542,337.93903,333.08545,329.65836,2.0959074,-0.0108618485,7.082932e-05,0.00921006,-0.008218191,12.0,496.0,350.62613,355.5541,348.7042,348.90134,13120326.0,351.95175,346.42255,339.7439,334.48007,331.13757,2.142292,0.0081473505,-0.004919185,0.014054813,-0.0054814117,12.0,497.0,341.75574,349.3941,340.03094,349.3941,27537820.0,349.46805,347.32764,340.92908,335.8402,332.1708,1.9970878,-0.025298718,0.022350397,0.022350397,-0.0050468636,12.0,498.0,342.07608,344.1951,339.53815,342.49493,15487458.0,346.77243,347.4377,342.09332,337.0574,333.1055,2.0023317,0.000937345,0.001224484,0.0061946088,-0.0074191806,12.0,499.0,340.69623,345.82135,336.67993,344.95895,23460682.0,344.58936,347.62497,343.44727,338.0361,334.03442,1.9797441,-0.0040337583,0.012511788,0.015043068,-0.011788477,12.0
496.0,350.62613,355.5541,348.7042,348.90134,13120326.0,351.95175,346.42255,339.7439,334.48007,331.13757,2.142292,0.0081473505,-0.004919185,0.014054813,-0.0054814117,12.0,497.0,341.75574,349.3941,340.03094,349.3941,27537820.0,349.46805,347.32764,340.92908,335.8402,332.1708,1.9970878,-0.025298718,0.022350397,0.022350397,-0.0050468636,12.0,498.0,342.07608,344.1951,339.53815,342.49493,15487458.0,346.77243,347.4377,342.09332,337.0574,333.1055,2.0023317,0.000937345,0.001224484,0.0061946088,-0.0074191806,12.0,499.0,340.69623,345.82135,336.67993,344.95895,23460682.0,344.58936,347.62497,343.44727,338.0361,334.03442,1.9797441,-0.0040337583,0.012511788,0.015043068,-0.011788477,12.0,500.0,320.1958,328.20377,319.3334,326.82394,61505936.0,339.07,346.15314,343.58157,338.16522,334.0829,1.6441615,-0.06017216,0.020700289,0.02500962,-0.0026933437,12.0
497.0,341.75574,349.3941,340.03094,349.3941,27537820.0,349.46805,347.32764,340.92908,335.8402,332.1708,1.9970878,-0.025298718,0.022350397,0.022350397,-0.0050468636,12.0,498.0,342.07608,344.1951,339.53815,342.49493,15487458.0,346.77243,347.4377,342.09332,337.0574,333.1055,2.0023317,0.000937345,0.001224484,0.0061946088,-0.0074191806,12.0,499.0,340.69623,345.82135,336.67993,344.95895,23460682.0,344.58936,347.62497,343.44727,338.0361,334.03442,1.9797441,-0.0040337583,0.012511788,0.015043068,-0.011788477,12.0,500.0,320.1958,328.20377,319.3334,326.82394,61505936.0,339.07,346.15314,343.58157,338.16522,334.0829,1.6441615,-0.06017216,0.020700289,0.02500962,-0.0026933437,12.0,501.0,315.29248,319.94943,313.66626,319.94943,26514548.0,332.00327,344.22632,342.81772,338.19577,334.06726,1.5638963,-0.015313506,0.01477026,0.01477026,-0.0051578428,12.0
498.0,342.07608,344.1951,339.53815,342.49493,15487458.0,346.77243,347.4377,342.09332,337.0574,333.1055,2.0023317,0.000937345,0.001224484,0.0061946088,-0.0074191806,12.0,499.0,340.69623,345.82135,336.67993,344.95895,23460682.0,344.58936,347.62497,343.44727,338.0361,334.03442,1.9797441,-0.0040337583,0.012511788,0.015043068,-0.011788477,12.0,500.0,320.1958,328.20377,319.3334,326.82394,61505936.0,339.07,346.15314,343.58157,338.16522,334.0829,1.6441615,-0.06017216,0.020700289,0.02500962,-0.0026933437,12.0,501.0,315.29248,319.94943,313.66626,319.94943,26514548.0,332.00327,344.22632,342.81772,338.19577,334.06726,1.5638963,-0.015313506,0.01477026,0.01477026,-0.0051578428,12.0,502.0,318.66812,321.1321,311.96603,315.1446,20457876.0,327.38574,342.48672,342.34216,338.2204,334.43112,1.6191541,0.010706379,-0.011057023,0.0077321576,-0.021031525,12.0
499.0,340.69623,345.82135,336.67993,344.95895,23460682.0,344.58936,347.62497,343.44727,338.0361,334.03442,1.9797441,-0.0040337583,0.012511788,0.015043068,-0.011788477,12.0,500.0,320.1958,328.20377,319.3334,326.82394,61505936.0,339.07,346.15314,343.58157,338.16522,334.0829,1.6441615,-0.06017216,0.020700289,0.02500962,-0.0026933437,12.0,501.0,315.29248,319.94943,313.66626,319.94943,26514548.0,332.00327,344.22632,342.81772,338.19577,334.06726,1.5638963,-0.015313506,0.01477026,0.01477026,-0.0051578428,12.0,502.0,318.66812,321.1321,311.96603,315.1446,20457876.0,327.38574,342.48672,342.34216,338.2204,334.43112,1.6191541,0.010706379,-0.011057023,0.0077321576,-0.021031525,12.0,503.0,312.08926,320.319,311.02975,319.77695,14329980.0,321.38837,340.11636,340.92538,337.95233,334.4459,1.5114611,-0.020644857,0.024632934,0.026369829,-0.0033948577,12.0
500.0,320.1958,328.20377,319.3334,326.82394,61505936.0,339.07,346.15314,343.58157,338.16522,334.0829,1.6441615,-0.06017216,0.020700289,0.02500962,-0.0026933437,12.0,501.0,315.29248,319.94943,313.66626,319.94943,26514548.0,332.00327,344.22632,342.81772,338.19577,334.06726,1.5638963,-0.015313506,0.01477026,0.01477026,-0.0051578428,12.0,502.0,318.66812,321.1321,311.96603,315.1446,20457876.0,327.38574,342.48672,342.34216,338.2204,334.43112,1.6191541,0.010706379,-0.011057023,0.0077321576,-0.021031525,12.0,503.0,312.08926,320.319,311.02975,319.77695,14329980.0,321.38837,340.11636,340.92538,337.95233,334.4459,1.5114611,-0.020644857,0.024632934,0.026369829,-0.0033948577,12.0,504.0,306.1018,311.27618,305.04227,310.95587,17382766.0,314.46948,337.40433,339.3361,337.65173,334.10834,1.4134492,-0.01918508,0.015857643,0.016904129,-0.003461361,12.0
501.0,315.29248,319.94943,313.66626,319.94943,26514548.0,332.00327,344.22632,342.81772,338.19577,334.06726,1.5638963,-0.015313506,0.01477026,0.01477026,-0.0051578428,12.0,502.0,318.66812,321.1321,311.96603,315.1446,20457876.0,327.38574,342.48672,342.34216,338.2204,334.43112,1.6191541,0.010706379,-0.011057023,0.0077321576,-0.021031525,12.0,503.0,312.08926,320.319,311.02975,319.77695,14329980.0,321.38837,340.11636,340.92538,337.95233,334.4459,1.5114611,-0.020644857,0.024632934,0.026369829,-0.0033948577,12.0,504.0,306.1018,311.27618,305.04227,310.95587,17382766.0,314.46948,337.40433,339.3361,337.65173,334.10834,1.4134492,-0.01918508,0.015857643,0.016904129,-0.003461361,12.0,505.0,303.16965,306.7178,300.8535,305.8554,16827124.0,311.06427,334.15515,337.38092,337.0781,333.6484,1.3654511,-0.009579034,0.0088589275,0.01170353,-0.007639812,12.0
502.0,318.66812,321.1321,311.96603,315.1446,20457876.0,327.38574,342.48672,342.34216,338.2204,334.43112,1.6191541,0.010706379,-0.011057023,0.0077321576,-0.021031525,12.0,503.0,312.08926,320.319,311.02975,319.77695,14329980.0,321.38837,340.11636,340.92538,337.95233,334.4459,1.5114611,-0.020644857,0.024632934,0.026369829,-0.0033948577,12.0,504.0,306.1018,311.27618,305.04227,310.95587,17382766.0,314.46948,337.40433,339.3361,337.65173,334.10834,1.4134492,-0.01918508,0.015857643,0.016904129,-0.003461361,12.0,505.0,303.16965,306.7178,300.8535,305.8554,16827124.0,311.06427,334.15515,337.38092,337.0781,333.6484,1.3654511,-0.009579034,0.0088589275,0.01170353,-0.007639812,12.0,506.0,298.6532,301.59012,296.5554,301.09653,19646694.0,307.73642,330.5638,335.10382,335.80145,333.1192,1.2915189,-0.014897431,0.008181162,0.009833918,-0.007024213,12.0
503.0,312.08926,320.319,311.02975,319.77695,14329980.0,321.38837,340.11636,340.92538,337.95233,334.4459,1.5114611,-0.020644857,0.024632934,0.026369829,-0.0033948577,12.0,504.0,306.1018,311.27618,305.04227,310.95587,17382766.0,314.46948,337.40433,339.3361,337.65173,334.10834,1.4134492,-0.01918508,0.015857643,0.016904129,-0.003461361,12.0,505.0,303.16965,306.7178,300.8535,305.8554,16827124.0,311.06427,334.15515,337.38092,337.0781,333.6484,1.3654511,-0.009579034,0.0088589275,0.01170353,-0.007639812,12.0,506.0,298.6532,301.59012,296.5554,301.09653,19646694.0,307.73642,330.5638,335.10382,335.80145,333.1192,1.2915189,-0.014897431,0.008181162,0.009833918,-0.007024213,12.0,507.0,282.70987,298.8753,280.5874,298.8753,26150716.0,300.54477,325.7995,332.00122,333.9827,331.94113,1.0305338,-0.053384088,0.05718027,0.05718027,-0.007507617,12.0
504.0,306.1018,311.27618,305.04227,310.95587,17382766.0,314.46948,337.40433,339.3361,337.65173,334.10834,1.4134492,-0.01918508,0.015857643,0.016904129,-0.003461361,12.0,505.0,303.16965,306.7178,300.8535,305.8554,16827124.0,311.06427,334.15515,337.38092,337.0781,333.6484,1.3654511,-0.009579034,0.0088589275,0.01170353,-0.007639812,12.0,506.0,298.6532,301.59012,296.5554,301.09653,19646694.0,307.73642,330.5638,335.10382,335.80145,333.1192,1.2915189,-0.014897431,0.008181162,0.009833918,-0.007024213,12.0,507.0,282.70987,298.8753,280.5874,298.8753,26150716.0,300.54477,325.7995,332.00122,333.9827,331.94113,1.0305338,-0.053384088,0.05718027,0.05718027,-0.007507617,12.0,508.0,277.74918,282.33966,271.82596,277.65045,34712370.0,293.67673,320.61252,328.50647,331.47565,330.57306,0.94932956,-0.01754694,-0.00035545087,0.016527435,-0.02132575,12.0
505.0,303.16965,306.7178,300.8535,305.8554,16827124.0,311.06427,334.15515,337.38092,337.0781,333.6484,1.3654511,-0.009579034,0.0088589275,0.01170353,-0.007639812,12.0,506.0,298.6532,301.59012,296.5554,301.09653,19646694.0,307.73642,330.5638,335.10382,335.80145,333.1192,1.2915189,-0.014897431,0.008181162,0.009833918,-0.007024213,12.0,507.0,282.70987,298.8753,280.5874,298.8753,26150716.0,300.54477,325.7995,332.00122,333.9827,331.94113,1.0305338,-0.053384088,0.05718027,0.05718027,-0.007507617,12.0,508.0,277.74918,282.33966,271.82596,277.65045,34712370.0,293.67673,320.61252,328.50647,331.47565,330.57306,0.94932956,-0.01754694,-0.00035545087,0.016527435,-0.02132575,12.0,509.0,268.88904,274.8863,265.16235,273.94846,31351744.0,286.2342,315.0977,324.6118,328.71573,329.08212,0.80429316,-0.03189978,0.01881597,0.022303853,-0.013859546,12.0
506.0,298.6532,301.59012,296.5554,301.09653,19646694.0,307.73642,330.5638,335.10382,335.80145,333.1192,1.2915189,-0.014897431,0.008181162,0.009833918,-0.007024213,12.0,507.0,282.70987,298.8753,280.5874,298.8753,26150716.0,300.54477,325.7995,332.00122,333.9827,331.94113,1.0305338,-0.053384088,0.05718027,0.05718027,-0.007507617,12.0,508.0,277.74918,282.33966,271.82596,277.65045,34712370.0,293.67673,320.61252,328.50647,331.47565,330.57306,0.94932956,-0.01754694,-0.00035545087,0.016527435,-0.02132575,12.0,509.0,268.88904,274.8863,265.16235,273.94846,31351744.0,286.2342,315.0977,324.6118,328.71573,329.08212,0.80429316,-0.03189978,0.01881597,0.022303853,-0.013859546,12.0,510.0,272.5417,278.85977,269.82687,271.5298,29899780.0,280.10858,310.08096,320.64352,325.92645,327.5832,0.8640853,0.013584224,-0.0037128476,0.023182083,-0.009961061,12.0
507.0,282.70987,298.8753,280.5874,298.8753,26150716.0,300.54477,325.7995,332.00122,333.9827,331.94113,1.0305338,-0.053384088,0.05718027,0.05718027,-0.007507617,12.0,508.0,277.74918,282.33966,271.82596,277.65045,34712370.0,293.67673,320.61252,328.50647,331.47565,330.57306,0.94932956,-0.01754694,-0.00035545087,0.016527435,-0.02132575,12.0,509.0,268.88904,274.8863,265.16235,273.94846,31351744.0,286.2342,315.0977,324.6118,328.71573,329.08212,0.80429316,-0.03189978,0.01881597,0.022303853,-0.013859546,12.0,510.0,272.5417,278.85977,269.82687,271.5298,29899780.0,280.10858,310.08096,320.64352,325.92645,327.5832,0.8640853,0.013584224,-0.0037128476,0.023182083,-0.009961061,12.0,511.0,282.6358,283.52432,277.6751,280.85886,26252174.0,276.90512,305.54825,317.14914,323.46408,325.9854,1.0293214,0.037036963,-0.006287069,0.0031436412,-0.017551498,12.0
508.0,277.74918,282.33966,271.82596,277.65045,34712370.0,293.67673,320.61252,328.50647,331.47565,330.57306,0.94932956,-0.01754694,-0.00035545087,0.016527435,-0.02132575,12.0,509.0,268.88904,274.8863,265.16235,273.94846,31351744.0,286.2342,315.0977,324.6118,328.71573,329.08212,0.80429316,-0.03189978,0.01881597,0.022303853,-0.013859546,12.0,510.0,272.5417,278.85977,269.82687,271.5298,29899780.0,280.10858,310.08096,320.64352,325.92645,327.5832,0.8640853,0.013584224,-0.0037128476,0.023182083,-0.009961061,12.0,511.0,282.6358,283.52432,277.6751,280.85886,26252174.0,276.90512,305.54825,317.14914,323.46408,325.9854,1.0293214,0.037036963,-0.006287069,0.0031436412,-0.017551498,12.0,512.0,284.63492,287.4731,279.6002,286.23914,20920202.0,277.29013,301.7402,313.67218,321.05902,324.53394,1.062046,0.007073113,0.005636001,0.009971386,-0.017688394,12.0
509.0,268.88904,274.8863,265.16235,273.94846,31351744.0,286.2342,315.0977,324.6118,328.71573,329.08212,0.80429316,-0.03189978,0.01881597,0.022303853,-0.013859546,12.0,510.0,272.5417,278.85977,269.82687,271.5298,29899780.0,280.10858,310.08096,320.64352,325.92645,327.5832,0.8640853,0.013584224,-0.0037128476,0.023182083,-0.009961061,12.0,511.0,282.6358,283.52432,277.6751,280.85886,26252174.0,276.90512,305.54825,317.14914,323.46408,325.9854,1.0293214,0.037036963,-0.006287069,0.0031436412,-0.017551498,12.0,512.0,284.63492,287.4731,279.6002,286.23914,20920202.0,277.29013,301.7402,313.67218,321.05902,324.53394,1.062046,0.007073113,0.005636001,0.009971386,-0.017688394,12.0,513.0,290.23727,291.2245,283.82047,287.27567,16368826.0,279.78775,298.2843,310.4063,318.76273,322.861,1.153754,0.019682603,-0.010204081,0.0034013605,-0.022108844,12.0
510.0,272.5417,278.85977,269.82687,271.5298,29899780.0,280.10858,310.08096,320.64352,325.92645,327.5832,0.8640853,0.013584224,-0.0037128476,0.023182083,-0.009961061,12.0,511.0,282.6358,283.52432,277.6751,280.85886,26252174.0,276.90512,305.54825,317.14914,323.46408,325.9854,1.0293214,0.037036963,-0.006287069,0.0031436412,-0.017551498,12.0,512.0,284.63492,287.4731,279.6002,286.23914,20920202.0,277.29013,301.7402,313.67218,321.05902,324.53394,1.062046,0.007073113,0.005636001,0.009971386,-0.017688394,12.0,513.0,290.23727,291.2245,283.82047,287.27567,16368826.0,279.78775,298.2843,310.4063,318.76273,322.861,1.153754,0.019682603,-0.010204081,0.0034013605,-0.022108844,12.0,514.0,285.42468,290.63217,284.38812,288.60843,14082780.0,283.09488,294.59952,307.097,316.3084,321.11224,1.0749741,-0.016581576,0.011154366,0.018244682,-0.003631605,12.0
511.0,282.6358,283.52432,277.6751,280.85886,26252174.0,276.90512,305.54825,317.14914,323.46408,325.9854,1.0293214,0.037036963,-0.006287069,0.0031436412,-0.017551498,12.0,512.0,284.63492,287.4731,279.6002,286.23914,20920202.0,277.29013,301.7402,313.67218,321.05902,324.53394,1.062046,0.007073113,0.005636001,0.009971386,-0.017688394,12.0,513.0,290.23727,291.2245,283.82047,287.27567,16368826.0,279.78775,298.2843,310.4063,318.76273,322.861,1.153754,0.019682603,-0.010204081,0.0034013605,-0.022108844,12.0,514.0,285.42468,290.63217,284.38812,288.60843,14082780.0,283.09488,294.59952,307.097,316.3084,321.11224,1.0749741,-0.016581576,0.011154366,0.018244682,-0.003631605,12.0,515.0,282.21625,285.2025,280.38992,284.80765,13633558.0,285.0298,292.06754,303.81815,313.52075,319.11035,1.0224534,-0.011240916,0.009182335,0.010581527,-0.006471381,12.0
512.0,284.63492,287.4731,279.6002,286.23914,20920202.0,277.29013,301.7402,313.67218,321.05902,324.53394,1.062046,0.007073113,0.005636001,0.009971386,-0.017688394,12.0,513.0,290.23727,291.2245,283.82047,287.27567,16368826.0,279.78775,298.2843,310.4063,318.76273,322.861,1.153754,0.019682603,-0.010204081,0.0034013605,-0.022108844,12.0,514.0,285.42468,290.63217,284.38812,288.60843,14082780.0,283.09488,294.59952,307.097,316.3084,321.11224,1.0749741,-0.016581576,0.011154366,0.018244682,-0.003631605,12.0,515.0,282.21625,285.2025,280.38992,284.80765,13633558.0,285.0298,292.06754,303.81815,313.52075,319.11035,1.0224534,-0.011240916,0.009182335,0.010581527,-0.006471381,12.0,516.0,274.93564,283.22812,274.2446,282.2903,15091358.0,283.48975,289.3771,300.03363,310.41727,316.8017,0.9032732,-0.02579798,0.026750492,0.030161558,-0.0025135088,12.0
513.0,290.23727,291.2245,283.82047,287.27567,16368826.0,279.78775,298.2843,310.4063,318.76273,322.861,1.153754,0.019682603,-0.010204081,0.0034013605,-0.022108844,12.0,514.0,285.42468,290.63217,284.38812,288.60843,14082780.0,283.09488,294.59952,307.097,316.3084,321.11224,1.0749741,-0.016581576,0.011154366,0.018244682,-0.003631605,12.0,515.0,282.21625,285.2025,280.38992,284.80765,13633558.0,285.0298,292.06754,303.81815,313.52075,319.11035,1.0224534,-0.011240916,0.009182335,0.010581527,-0.006471381,12.0,516.0,274.93564,283.22812,274.2446,282.2903,15091358.0,283.48975,289.3771,300.03363,310.41727,316.8017,0.9032732,-0.02579798,0.026750492,0.030161558,-0.0025135088,12.0,517.0,276.53986,279.27933,273.67697,277.1075,13953814.0,281.87073,286.56854,296.77283,307.3119,314.52765,0.92953354,0.005834884,0.0020526988,0.00990627,-0.0103525,12.0
514.0,285.42468,290.63217,284.38812,288.60843,14082780.0,283.09488,294.59952,307.097,316.3084,321.11224,1.0749741,-0.016581576,0.011154366,0.018244682,-0.003631605,12.0,515.0,282.21625,285.2025,280.38992,284.80765,13633558.0,285.0298,292.06754,303.81815,313.52075,319.11035,1.0224534,-0.011240916,0.009182335,0.010581527,-0.006471381,12.0,516.0,274.93564,283.22812,274.2446,282.2903,15091358.0,283.48975,289.3771,300.03363,310.41727,316.8017,0.9032732,-0.02579798,0.026750492,0.030161558,-0.0025135088,12.0,517.0,276.53986,279.27933,273.67697,277.1075,13953814.0,281.87073,286.56854,296.77283,307.3119,314.52765,0.92953354,0.005834884,0.0020526988,0.00990627,-0.0103525,12.0,518.0,280.8342,281.7227,278.04535,278.58832,10207476.0,279.9901,284.48486,293.71075,304.3231,312.30063,0.99982995,0.015528836,-0.007997166,0.0031637012,-0.009930616,12.0
515.0,282.21625,285.2025,280.38992,284.80765,13633558.0,285.0298,292.06754,303.81815,313.52075,319.11035,1.0224534,-0.011240916,0.009182335,0.010581527,-0.006471381,12.0,516.0,274.93564,283.22812,274.2446,282.2903,15091358.0,283.48975,289.3771,300.03363,310.41727,316.8017,0.9032732,-0.02579798,0.026750492,0.030161558,-0.0025135088,12.0,517.0,276.53986,279.27933,273.67697,277.1075,13953814.0,281.87073,286.56854,296.77283,307.3119,314.52765,0.92953354,0.005834884,0.0020526988,0.00990627,-0.0103525,12.0,518.0,280.8342,281.7227,278.04535,278.58832,10207476.0,279.9901,284.48486,293.71075,304.3231,312.30063,0.99982995,0.015528836,-0.007997166,0.0031637012,-0.009930616,12.0,519.0,283.15414,283.69708,279.4768,282.53714,11603824.0,279.536,282.95502,290.83365,301.58478,310.1797,1.0378064,0.008260911,-0.002179029,0.0019175028,-0.012987033,12.0
516.0,274.93564,283.22812,274.2446,282.2903,15091358.0,283.48975,289.3771,300.03363,310.41727,316.8017,0.9032732,-0.02579798,0.026750492,0.030161558,-0.0025135088,12.0,517.0,276.53986,279.27933,273.67697,277.1075,13953814.0,281.87073,286.56854,296.77283,307.3119,314.52765,0.92953354,0.005834884,0.0020526988,0.00990627,-0.0103525,12.0,518.0,280.8342,281.7227,278.04535,278.58832,10207476.0,279.9901,284.48486,293.71075,304.3231,312.30063,0.99982995,0.015528836,-0.007997166,0.0031637012,-0.009930616,12.0,519.0,283.15414,283.69708,279.4768,282.53714,11603824.0,279.536,282.95502,290.83365,301.58478,310.1797,1.0378064,0.008260911,-0.002179029,0.0019175028,-0.012987033,12.0,520.0,277.13217,279.37805,274.985,279.37805,15442458.0,278.5192,281.2192,288.68045,298.75836,307.68716,0.9392295,-0.021267472,0.008103995,0.008103995,-0.007747861,12.0
517.0,276.53986,279.27933,273.67697,277.1075,13953814.0,281.87073,286.56854,296.77283,307.3119,314.52765,0.92953354,0.005834884,0.0020526988,0.00990627,-0.0103525,12.0,518.0,280.8342,281.7227,278.04535,278.58832,10207476.0,279.9901,284.48486,293.71075,304.3231,312.30063,0.99982995,0.015528836,-0.007997166,0.0031637012,-0.009930616,12.0,519.0,283.15414,283.69708,279.4768,282.53714,11603824.0,279.536,282.95502,290.83365,301.58478,310.1797,1.0378064,0.008260911,-0.002179029,0.0019175028,-0.012987033,12.0,520.0,277.13217,279.37805,274.985,279.37805,15442458.0,278.5192,281.2192,288.68045,298.75836,307.68716,0.9392295,-0.021267472,0.008103995,0.008103995,-0.007747861,12.0,521.0,267.38354,275.00967,266.5444,271.48044,16241546.0,277.0088,279.13455,286.285,295.42865,304.84918,0.7796489,-0.035176814,0.015322112,0.028521344,-0.003138291,12.0
518.0,280.8342,281.7227,278.04535,278.58832,10207476.0,279.9901,284.48486,293.71075,304.3231,312.30063,0.99982995,0.015528836,-0.007997166,0.0031637012,-0.009930616,12.0,519.0,283.15414,283.69708,279.4768,282.53714,11603824.0,279.536,282.95502,290.83365,301.58478,310.1797,1.0378064,0.008260911,-0.002179029,0.0019175028,-0.012987033,12.0,520.0,277.13217,279.37805,274.985,279.37805,15442458.0,278.5192,281.2192,288.68045,298.75836,307.68716,0.9392295,-0.021267472,0.008103995,0.008103995,-0.007747861,12.0,521.0,267.38354,275.00967,266.5444,271.48044,16241546.0,277.0088,279.13455,286.285,295.42865,304.84918,0.7796489,-0.035176814,0.015322112,0.028521344,-0.003138291,12.0,522.0,278.07,279.00787,268.14865,269.3086,13676992.0,277.31482,278.82523,284.2551,292.88123,302.31238,0.95458144,0.039966792,-0.031507947,0.0033727249,-0.035679378,12.0
519.0,283.15414,283.69708,279.4768,282.53714,11603824.0,279.536,282.95502,290.83365,301.58478,310.1797,1.0378064,0.008260911,-0.002179029,0.0019175028,-0.012987033,12.0,520.0,277.13217,279.37805,274.985,279.37805,15442458.0,278.5192,281.2192,288.68045,298.75836,307.68716,0.9392295,-0.021267472,0.008103995,0.008103995,-0.007747861,12.0,521.0,267.38354,275.00967,266.5444,271.48044,16241546.0,277.0088,279.13455,286.285,295.42865,304.84918,0.7796489,-0.035176814,0.015322112,0.028521344,-0.003138291,12.0,522.0,278.07,279.00787,268.14865,269.3086,13676992.0,277.31482,278.82523,284.2551,292.88123,302.31238,0.95458144,0.039966792,-0.031507947,0.0033727249,-0.035679378,12.0,523.0,278.34152,281.50055,275.20715,278.95853,14607822.0,276.81628,278.86472,282.56772,290.33185,299.73862,0.959026,0.0009764264,0.002216705,0.011349465,-0.011260927,12.0
520.0,277.13217,279.37805,274.985,279.37805,15442458.0,278.5192,281.2192,288.68045,298.75836,307.68716,0.9392295,-0.021267472,0.008103995,0.008103995,-0.007747861,12.0,521.0,267.38354,275.00967,266.5444,271.48044,16241546.0,277.0088,279.13455,286.285,295.42865,304.84918,0.7796489,-0.035176814,0.015322112,0.028521344,-0.003138291,12.0,522.0,278.07,279.00787,268.14865,269.3086,13676992.0,277.31482,278.82523,284.2551,292.88123,302.31238,0.95458144,0.039966792,-0.031507947,0.0033727249,-0.035679378,12.0,523.0,278.34152,281.50055,275.20715,278.95853,14607822.0,276.81628,278.86472,282.56772,290.33185,299.73862,0.959026,0.0009764264,0.002216705,0.011349465,-0.011260927,12.0,524.0,278.8351,282.5371,276.9841,282.33966,14228840.0,275.95248,279.5278,281.20438,287.85742,297.31274,0.96710587,0.0017733298,0.012568552,0.013276686,-0.006638343,12.0
521.0,267.38354,275.00967,266.5444,271.48044,16241546.0,277.0088,279.13455,286.285,295.42865,304.84918,0.7796489,-0.035176814,0.015322112,0.028521344,-0.003138291,12.0,522.0,278.07,279.00787,268.14865,269.3086,13676992.0,277.31482,278.82523,284.2551,292.88123,302.31238,0.95458144,0.039966792,-0.031507947,0.0033727249,-0.035679378,12.0,523.0,278.34152,281.50055,275.20715,278.95853,14607822.0,276.81628,278.86472,282.56772,290.33185,299.73862,0.959026,0.0009764264,0.002216705,0.011349465,-0.011260927,12.0,524.0,278.8351,282.5371,276.9841,282.33966,14228840.0,275.95248,279.5278,281.20438,287.85742,297.31274,0.96710587,0.0017733298,0.012568552,0.013276686,-0.006638343,12.0,525.0,277.6258,279.23,274.12122,275.92285,13411838.0,276.0512,279.86673,279.9272,286.1546,294.97385,0.94730985,-0.0043370435,-0.0061339,0.0057782913,-0.012623409,12.0
522.0,278.07,279.00787,268.14865,269.3086,13676992.0,277.31482,278.82523,284.2551,292.88123,302.31238,0.95458144,0.039966792,-0.031507947,0.0033727249,-0.035679378,12.0,523.0,278.34152,281.50055,275.20715,278.95853,14607822.0,276.81628,278.86472,282.56772,290.33185,299.73862,0.959026,0.0009764264,0.002216705,0.011349465,-0.011260927,12.0,524.0,278.8351,282.5371,276.9841,282.33966,14228840.0,275.95248,279.5278,281.20438,287.85742,297.31274,0.96710587,0.0017733298,0.012568552,0.013276686,-0.006638343,12.0,525.0,277.6258,279.23,274.12122,275.92285,13411838.0,276.0512,279.86673,279.9272,286.1546,294.97385,0.94730985,-0.0043370435,-0.0061339,0.0057782913,-0.012623409,12.0,526.0,281.74734,282.6852,274.1459,274.31866,17534002.0,278.92395,279.8075,279.0819,284.8128,292.6779,1.0147778,0.014845708,-0.026366482,0.0033287043,-0.026979614,12.0
523.0,278.34152,281.50055,275.20715,278.95853,14607822.0,276.81628,278.86472,282.56772,290.33185,299.73862,0.959026,0.0009764264,0.002216705,0.011349465,-0.011260927,12.0,524.0,278.8351,282.5371,276.9841,282.33966,14228840.0,275.95248,279.5278,281.20438,287.85742,297.31274,0.96710587,0.0017733298,0.012568552,0.013276686,-0.006638343,12.0,525.0,277.6258,279.23,274.12122,275.92285,13411838.0,276.0512,279.86673,279.9272,286.1546,294.97385,0.94730985,-0.0043370435,-0.0061339,0.0057782913,-0.012623409,12.0,526.0,281.74734,282.6852,274.1459,274.31866,17534002.0,278.92395,279.8075,279.0819,284.8128,292.6779,1.0147778,0.014845708,-0.026366482,0.0033287043,-0.026979614,12.0,527.0,278.4649,280.85886,274.4914,274.56546,21490124.0,279.00293,279.39615,278.86966,283.20468,290.56818,0.9610457,-0.011650297,-0.014003411,0.00859696,-0.014269341,12.0
524.0,278.8351,282.5371,276.9841,282.33966,14228840.0,275.95248,279.5278,281.20438,287.85742,297.31274,0.96710587,0.0017733298,0.012568552,0.013276686,-0.006638343,12.0,525.0,277.6258,279.23,274.12122,275.92285,13411838.0,276.0512,279.86673,279.9272,286.1546,294.97385,0.94730985,-0.0043370435,-0.0061339,0.0057782913,-0.012623409,12.0,526.0,281.74734,282.6852,274.1459,274.31866,17534002.0,278.92395,279.8075,279.0819,284.8128,292.6779,1.0147778,0.014845708,-0.026366482,0.0033287043,-0.026979614,12.0,527.0,278.4649,280.85886,274.4914,274.56546,21490124.0,279.00293,279.39615,278.86966,283.20468,290.56818,0.9610457,-0.011650297,-0.014003411,0.00859696,-0.014269341,12.0,528.0,279.92102,281.79672,277.72452,280.9576,14408512.0,279.31885,278.7084,278.97824,281.91794,288.49634,0.98488164,0.0052290815,0.0037031153,0.0067008445,-0.007846855,12.0
525.0,277.6258,279.23,274.12122,275.92285,13411838.0,276.0512,279.86673,279.9272,286.1546,294.97385,0.94730985,-0.0043370435,-0.0061339,0.0057782913,-0.012623409,12.0,526.0,281.74734,282.6852,274.1459,274.31866,17534002.0,278.92395,279.8075,279.0819,284.8128,292.6779,1.0147778,0.014845708,-0.026366482,0.0033287043,-0.026979614,12.0,527.0,278.4649,280.85886,274.4914,274.56546,21490124.0,279.00293,279.39615,278.86966,283.20468,290.56818,0.9610457,-0.011650297,-0.014003411,0.00859696,-0.014269341,12.0,528.0,279.92102,281.79672,277.72452,280.9576,14408512.0,279.31885,278.7084,278.97824,281.91794,288.49634,0.98488164,0.0052290815,0.0037031153,0.0067008445,-0.007846855,12.0,529.0,265.1377,274.88632,262.1761,270.49326,26953888.0,276.57935,277.35596,278.79068,280.2794,285.97772,0.74288535,-0.052812487,0.020199154,0.036768127,-0.011170064,12.0
526.0,281.74734,282.6852,274.1459,274.31866,17534002.0,278.92395,279.8075,279.0819,284.8128,292.6779,1.0147778,0.014845708,-0.026366482,0.0033287043,-0.026979614,12.0,527.0,278.4649,280.85886,274.4914,274.56546,21490124.0,279.00293,279.39615,278.86966,283.20468,290.56818,0.9610457,-0.011650297,-0.014003411,0.00859696,-0.014269341,12.0,528.0,279.92102,281.79672,277.72452,280.9576,14408512.0,279.31885,278.7084,278.97824,281.91794,288.49634,0.98488164,0.0052290815,0.0037031153,0.0067008445,-0.007846855,12.0,529.0,265.1377,274.88632,262.1761,270.49326,26953888.0,276.57935,277.35596,278.79068,280.2794,285.97772,0.74288535,-0.052812487,0.020199154,0.036768127,-0.011170064,12.0,530.0,274.07187,275.79947,270.24646,270.49326,15922624.0,275.86856,276.813,278.8672,279.11548,284.44028,0.8891337,0.033696353,-0.013057182,0.006303467,-0.0139576765,12.0
527.0,278.4649,280.85886,274.4914,274.56546,21490124.0,279.00293,279.39615,278.86966,283.20468,290.56818,0.9610457,-0.011650297,-0.014003411,0.00859696,-0.014269341,12.0,528.0,279.92102,281.79672,277.72452,280.9576,14408512.0,279.31885,278.7084,278.97824,281.91794,288.49634,0.98488164,0.0052290815,0.0037031153,0.0067008445,-0.007846855,12.0,529.0,265.1377,274.88632,262.1761,270.49326,26953888.0,276.57935,277.35596,278.79068,280.2794,285.97772,0.74288535,-0.052812487,0.020199154,0.036768127,-0.011170064,12.0,530.0,274.07187,275.79947,270.24646,270.49326,15922624.0,275.86856,276.813,278.8672,279.11548,284.44028,0.8891337,0.033696353,-0.013057182,0.006303467,-0.0139576765,12.0,531.0,274.34335,276.46582,268.5682,271.97406,18316874.0,274.38776,276.7735,278.45258,278.14307,283.0753,0.89357775,0.0009905591,-0.008636178,0.007736574,-0.02105076,12.0
528.0,279.92102,281.79672,277.72452,280.9576,14408512.0,279.31885,278.7084,278.97824,281.91794,288.49634,0.98488164,0.0052290815,0.0037031153,0.0067008445,-0.007846855,12.0,529.0,265.1377,274.88632,262.1761,270.49326,26953888.0,276.57935,277.35596,278.79068,280.2794,285.97772,0.74288535,-0.052812487,0.020199154,0.036768127,-0.011170064,12.0,530.0,274.07187,275.79947,270.24646,270.49326,15922624.0,275.86856,276.813,278.8672,279.11548,284.44028,0.8891337,0.033696353,-0.013057182,0.006303467,-0.0139576765,12.0,531.0,274.34335,276.46582,268.5682,271.97406,18316874.0,274.38776,276.7735,278.45258,278.14307,283.0753,0.89357775,0.0009905591,-0.008636178,0.007736574,-0.02105076,12.0,532.0,274.0472,275.57736,271.67792,273.9485,16354110.0,273.50424,276.60733,277.9232,277.79657,281.58792,0.88873005,-0.0010794597,-0.00036025254,0.0055835294,-0.008645511,12.0
529.0,265.1377,274.88632,262.1761,270.49326,26953888.0,276.57935,277.35596,278.79068,280.2794,285.97772,0.74288535,-0.052812487,0.020199154,0.036768127,-0.011170064,12.0,530.0,274.07187,275.79947,270.24646,270.49326,15922624.0,275.86856,276.813,278.8672,279.11548,284.44028,0.8891337,0.033696353,-0.013057182,0.006303467,-0.0139576765,12.0,531.0,274.34335,276.46582,268.5682,271.97406,18316874.0,274.38776,276.7735,278.45258,278.14307,283.0753,0.89357775,0.0009905591,-0.008636178,0.007736574,-0.02105076,12.0,532.0,274.0472,275.57736,271.67792,273.9485,16354110.0,273.50424,276.60733,277.9232,277.79657,281.58792,0.88873005,-0.0010794597,-0.00036025254,0.0055835294,-0.008645511,12.0,533.0,281.13034,284.2894,276.5892,277.89725,25911326.0,273.7461,276.62708,277.46783,277.93182,280.55597,1.0046777,0.025846386,-0.011500286,0.011236984,-0.016153125,12.0
530.0,274.07187,275.79947,270.24646,270.49326,15922624.0,275.86856,276.813,278.8672,279.11548,284.44028,0.8891337,0.033696353,-0.013057182,0.006303467,-0.0139576765,12.0,531.0,274.34335,276.46582,268.5682,271.97406,18316874.0,274.38776,276.7735,278.45258,278.14307,283.0753,0.89357775,0.0009905591,-0.008636178,0.007736574,-0.02105076,12.0,532.0,274.0472,275.57736,271.67792,273.9485,16354110.0,273.50424,276.60733,277.9232,277.79657,281.58792,0.88873005,-0.0010794597,-0.00036025254,0.0055835294,-0.008645511,12.0,533.0,281.13034,284.2894,276.5892,277.89725,25911326.0,273.7461,276.62708,277.46783,277.93182,280.55597,1.0046777,0.025846386,-0.011500286,0.011236984,-0.016153125,12.0,534.0,283.96857,286.28848,273.47955,276.9101,26948372.0,277.51227,276.68137,277.39502,278.535,279.8182,1.0511382,0.010095767,-0.024856577,0.008169672,-0.03693725,12.0
531.0,274.34335,276.46582,268.5682,271.97406,18316874.0,274.38776,276.7735,278.45258,278.14307,283.0753,0.89357775,0.0009905591,-0.008636178,0.007736574,-0.02105076,12.0,532.0,274.0472,275.57736,271.67792,273.9485,16354110.0,273.50424,276.60733,277.9232,277.79657,281.58792,0.88873005,-0.0010794597,-0.00036025254,0.0055835294,-0.008645511,12.0,533.0,281.13034,284.2894,276.5892,277.89725,25911326.0,273.7461,276.62708,277.46783,277.93182,280.55597,1.0046777,0.025846386,-0.011500286,0.011236984,-0.016153125,12.0,534.0,283.96857,286.28848,273.47955,276.9101,26948372.0,277.51227,276.68137,277.39502,278.535,279.8182,1.0511382,0.010095767,-0.024856577,0.008169672,-0.03693725,12.0,535.0,282.26562,286.11572,277.52707,277.89728,21112334.0,279.15103,277.0236,277.3975,278.92395,279.1214,1.0232618,-0.005996938,-0.015476044,0.013640027,-0.016787577,12.0
532.0,274.0472,275.57736,271.67792,273.9485,16354110.0,273.50424,276.60733,277.9232,277.79657,281.58792,0.88873005,-0.0010794597,-0.00036025254,0.0055835294,-0.008645511,12.0,533.0,281.13034,284.2894,276.5892,277.89725,25911326.0,273.7461,276.62708,277.46783,277.93182,280.55597,1.0046777,0.025846386,-0.011500286,0.011236984,-0.016153125,12.0,534.0,283.96857,286.28848,273.47955,276.9101,26948372.0,277.51227,276.68137,277.39502,278.535,279.8182,1.0511382,0.010095767,-0.024856577,0.008169672,-0.03693725,12.0,535.0,282.26562,286.11572,277.52707,277.89728,21112334.0,279.15103,277.0236,277.3975,278.92395,279.1214,1.0232618,-0.005996938,-0.015476044,0.013640027,-0.016787577,12.0,536.0,289.9658,291.59467,282.33966,282.33966,22039998.0,282.2755,278.52908,278.14902,279.21716,278.83182,1.14931,0.027279854,-0.02630013,0.0056174784,-0.02630013,12.0
533.0,281.13034,284.2894,276.5892,277.89725,25911326.0,273.7461,276.62708,277.46783,277.93182,280.55597,1.0046777,0.025846386,-0.011500286,0.011236984,-0.016153125,12.0,534.0,283.96857,286.28848,273.47955,276.9101,26948372.0,277.51227,276.68137,277.39502,278.535,279.8182,1.0511382,0.010095767,-0.024856577,0.008169672,-0.03693725,12.0,535.0,282.26562,286.11572,277.52707,277.89728,21112334.0,279.15103,277.0236,277.3975,278.92395,279.1214,1.0232618,-0.005996938,-0.015476044,0.013640027,-0.016787577,12.0,536.0,289.9658,291.59467,282.33966,282.33966,22039998.0,282.2755,278.52908,278.14902,279.21716,278.83182,1.14931,0.027279854,-0.02630013,0.0056174784,-0.02630013,12.0,537.0,289.0033,294.38354,287.34973,290.2373,23527232.0,285.26672,279.25797,278.7722,279.39188,279.0416,1.1335543,-0.003319336,0.0042698546,0.01861661,-0.005721564,12.0
534.0,283.96857,286.28848,273.47955,276.9101,26948372.0,277.51227,276.68137,277.39502,278.535,279.8182,1.0511382,0.010095767,-0.024856577,0.008169672,-0.03693725,12.0,535.0,282.26562,286.11572,277.52707,277.89728,21112334.0,279.15103,277.0236,277.3975,278.92395,279.1214,1.0232618,-0.005996938,-0.015476044,0.013640027,-0.016787577,12.0,536.0,289.9658,291.59467,282.33966,282.33966,22039998.0,282.2755,278.52908,278.14902,279.21716,278.83182,1.14931,0.027279854,-0.02630013,0.0056174784,-0.02630013,12.0,537.0,289.0033,294.38354,287.34973,290.2373,23527232.0,285.26672,279.25797,278.7722,279.39188,279.0416,1.1335543,-0.003319336,0.0042698546,0.01861661,-0.005721564,12.0,538.0,290.3607,294.4329,288.55902,293.6925,16161966.0,287.1128,280.05923,279.2485,279.39682,279.46198,1.1557742,0.0046968022,0.011474713,0.01402465,-0.0062048864,12.0
535.0,282.26562,286.11572,277.52707,277.89728,21112334.0,279.15103,277.0236,277.3975,278.92395,279.1214,1.0232618,-0.005996938,-0.015476044,0.013640027,-0.016787577,12.0,536.0,289.9658,291.59467,282.33966,282.33966,22039998.0,282.2755,278.52908,278.14902,279.21716,278.83182,1.14931,0.027279854,-0.02630013,0.0056174784,-0.02630013,12.0,537.0,289.0033,294.38354,287.34973,290.2373,23527232.0,285.26672,279.25797,278.7722,279.39188,279.0416,1.1335543,-0.003319336,0.0042698546,0.01861661,-0.005721564,12.0,538.0,290.3607,294.4329,288.55902,293.6925,16161966.0,287.1128,280.05923,279.2485,279.39682,279.46198,1.1557742,0.0046968022,0.011474713,0.01402465,-0.0062048864,12.0,539.0,289.34882,291.2245,287.47314,289.74368,9927188.0,288.18884,280.76016,279.55823,279.5538,280.14398,1.1392103,-0.0034848773,0.0013647011,0.0064824084,-0.0064824084,12.0
536.0,289.9658,291.59467,282.33966,282.33966,22039998.0,282.2755,278.52908,278.14902,279.21716,278.83182,1.14931,0.027279854,-0.02630013,0.0056174784,-0.02630013,12.0,537.0,289.0033,294.38354,287.34973,290.2373,23527232.0,285.26672,279.25797,278.7722,279.39188,279.0416,1.1335543,-0.003319336,0.0042698546,0.01861661,-0.005721564,12.0,538.0,290.3607,294.4329,288.55902,293.6925,16161966.0,287.1128,280.05923,279.2485,279.39682,279.46198,1.1557742,0.0046968022,0.011474713,0.01402465,-0.0062048864,12.0,539.0,289.34882,291.2245,287.47314,289.74368,9927188.0,288.18884,280.76016,279.55823,279.5538,280.14398,1.1392103,-0.0034848773,0.0013647011,0.0064824084,-0.0064824084,12.0,540.0,295.24734,296.55536,289.2501,289.44754,15006442.0,290.7852,281.93494,280.464,280.07504,280.90082,1.2357666,0.02038553,-0.0196439,0.0044302656,-0.02031267,12.0
537.0,289.0033,294.38354,287.34973,290.2373,23527232.0,285.26672,279.25797,278.7722,279.39188,279.0416,1.1335543,-0.003319336,0.0042698546,0.01861661,-0.005721564,12.0,538.0,290.3607,294.4329,288.55902,293.6925,16161966.0,287.1128,280.05923,279.2485,279.39682,279.46198,1.1557742,0.0046968022,0.011474713,0.01402465,-0.0062048864,12.0,539.0,289.34882,291.2245,287.47314,289.74368,9927188.0,288.18884,280.76016,279.55823,279.5538,280.14398,1.1392103,-0.0034848773,0.0013647011,0.0064824084,-0.0064824084,12.0,540.0,295.24734,296.55536,289.2501,289.44754,15006442.0,290.7852,281.93494,280.464,280.07504,280.90082,1.2357666,0.02038553,-0.0196439,0.0044302656,-0.02031267,12.0,541.0,290.08923,297.98685,288.41098,297.98685,13853244.0,290.80988,282.49106,281.59927,280.68118,281.14926,1.1513307,-0.017470475,0.027224774,0.027224774,-0.005785306,12.0
538.0,290.3607,294.4329,288.55902,293.6925,16161966.0,287.1128,280.05923,279.2485,279.39682,279.46198,1.1557742,0.0046968022,0.011474713,0.01402465,-0.0062048864,12.0,539.0,289.34882,291.2245,287.47314,289.74368,9927188.0,288.18884,280.76016,279.55823,279.5538,280.14398,1.1392103,-0.0034848773,0.0013647011,0.0064824084,-0.0064824084,12.0,540.0,295.24734,296.55536,289.2501,289.44754,15006442.0,290.7852,281.93494,280.464,280.07504,280.90082,1.2357666,0.02038553,-0.0196439,0.0044302656,-0.02031267,12.0,541.0,290.08923,297.98685,288.41098,297.98685,13853244.0,290.80988,282.49106,281.59927,280.68118,281.14926,1.1513307,-0.017470475,0.027224774,0.027224774,-0.005785306,12.0,542.0,295.2967,295.889,292.4585,293.8159,11150296.0,292.06854,283.61316,282.4606,281.43146,281.50467,1.2365744,0.01795123,-0.005014626,0.0020058707,-0.009611366,12.0
539.0,289.34882,291.2245,287.47314,289.74368,9927188.0,288.18884,280.76016,279.55823,279.5538,280.14398,1.1392103,-0.0034848773,0.0013647011,0.0064824084,-0.0064824084,12.0,540.0,295.24734,296.55536,289.2501,289.44754,15006442.0,290.7852,281.93494,280.464,280.07504,280.90082,1.2357666,0.02038553,-0.0196439,0.0044302656,-0.02031267,12.0,541.0,290.08923,297.98685,288.41098,297.98685,13853244.0,290.80988,282.49106,281.59927,280.68118,281.14926,1.1513307,-0.017470475,0.027224774,0.027224774,-0.005785306,12.0,542.0,295.2967,295.889,292.4585,293.8159,11150296.0,292.06854,283.61316,282.4606,281.43146,281.50467,1.2365744,0.01795123,-0.005014626,0.0020058707,-0.009611366,12.0,543.0,296.7528,301.5901,295.66687,298.62848,16881290.0,293.347,284.7353,283.38116,282.0682,281.72186,1.2604103,0.004931026,0.0063206716,0.016300712,-0.0036593683,12.0
540.0,295.24734,296.55536,289.2501,289.44754,15006442.0,290.7852,281.93494,280.464,280.07504,280.90082,1.2357666,0.02038553,-0.0196439,0.0044302656,-0.02031267,12.0,541.0,290.08923,297.98685,288.41098,297.98685,13853244.0,290.80988,282.49106,281.59927,280.68118,281.14926,1.1513307,-0.017470475,0.027224774,0.027224774,-0.005785306,12.0,542.0,295.2967,295.889,292.4585,293.8159,11150296.0,292.06854,283.61316,282.4606,281.43146,281.50467,1.2365744,0.01795123,-0.005014626,0.0020058707,-0.009611366,12.0,543.0,296.7528,301.5901,295.66687,298.62848,16881290.0,293.347,284.7353,283.38116,282.0682,281.72186,1.2604103,0.004931026,0.0063206716,0.016300712,-0.0036593683,12.0,544.0,296.1605,304.0581,295.17328,298.67786,15592952.0,294.70932,286.80347,284.24744,282.58844,282.0797,1.2507144,-0.00199599,0.0084999595,0.026666667,-0.0033333334,12.0
541.0,290.08923,297.98685,288.41098,297.98685,13853244.0,290.80988,282.49106,281.59927,280.68118,281.14926,1.1513307,-0.017470475,0.027224774,0.027224774,-0.005785306,12.0,542.0,295.2967,295.889,292.4585,293.8159,11150296.0,292.06854,283.61316,282.4606,281.43146,281.50467,1.2365744,0.01795123,-0.005014626,0.0020058707,-0.009611366,12.0,543.0,296.7528,301.5901,295.66687,298.62848,16881290.0,293.347,284.7353,283.38116,282.0682,281.72186,1.2604103,0.004931026,0.0063206716,0.016300712,-0.0036593683,12.0,544.0,296.1605,304.0581,295.17328,298.67786,15592952.0,294.70932,286.80347,284.24744,282.58844,282.0797,1.2507144,-0.00199599,0.0084999595,0.026666667,-0.0033333334,12.0,545.0,301.1212,301.59012,294.26016,297.83875,15580500.0,295.8841,288.60675,285.4222,283.548,282.70987,1.3319187,0.016750017,-0.010900686,0.0015572695,-0.022784958,12.0
542.0,295.2967,295.889,292.4585,293.8159,11150296.0,292.06854,283.61316,282.4606,281.43146,281.50467,1.2365744,0.01795123,-0.005014626,0.0020058707,-0.009611366,12.0,543.0,296.7528,301.5901,295.66687,298.62848,16881290.0,293.347,284.7353,283.38116,282.0682,281.72186,1.2604103,0.004931026,0.0063206716,0.016300712,-0.0036593683,12.0,544.0,296.1605,304.0581,295.17328,298.67786,15592952.0,294.70932,286.80347,284.24744,282.58844,282.0797,1.2507144,-0.00199599,0.0084999595,0.026666667,-0.0033333334,12.0,545.0,301.1212,301.59012,294.26016,297.83875,15580500.0,295.8841,288.60675,285.4222,283.548,282.70987,1.3319187,0.016750017,-0.010900686,0.0015572695,-0.022784958,12.0,546.0,301.68884,303.5645,299.96124,303.04623,11393836.0,298.204,290.4298,286.41928,284.92023,283.60165,1.341211,0.0018851463,0.0044993456,0.0062172576,-0.00572644,12.0
543.0,296.7528,301.5901,295.66687,298.62848,16881290.0,293.347,284.7353,283.38116,282.0682,281.72186,1.2604103,0.004931026,0.0063206716,0.016300712,-0.0036593683,12.0,544.0,296.1605,304.0581,295.17328,298.67786,15592952.0,294.70932,286.80347,284.24744,282.58844,282.0797,1.2507144,-0.00199599,0.0084999595,0.026666667,-0.0033333334,12.0,545.0,301.1212,301.59012,294.26016,297.83875,15580500.0,295.8841,288.60675,285.4222,283.548,282.70987,1.3319187,0.016750017,-0.010900686,0.0015572695,-0.022784958,12.0,546.0,301.68884,303.5645,299.96124,303.04623,11393836.0,298.204,290.4298,286.41928,284.92023,283.60165,1.341211,0.0018851463,0.0044993456,0.0062172576,-0.00572644,12.0,547.0,301.368,302.97223,299.0234,299.61572,7751490.0,299.41827,292.2512,287.56445,285.85214,284.42926,1.3359591,-0.0010634509,-0.00581441,0.0053230696,-0.0077798706,12.0
544.0,296.1605,304.0581,295.17328,298.67786,15592952.0,294.70932,286.80347,284.24744,282.58844,282.0797,1.2507144,-0.00199599,0.0084999595,0.026666667,-0.0033333334,12.0,545.0,301.1212,301.59012,294.26016,297.83875,15580500.0,295.8841,288.60675,285.4222,283.548,282.70987,1.3319187,0.016750017,-0.010900686,0.0015572695,-0.022784958,12.0,546.0,301.68884,303.5645,299.96124,303.04623,11393836.0,298.204,290.4298,286.41928,284.92023,283.60165,1.341211,0.0018851463,0.0044993456,0.0062172576,-0.00572644,12.0,547.0,301.368,302.97223,299.0234,299.61572,7751490.0,299.41827,292.2512,287.56445,285.85214,284.42926,1.3359591,-0.0010634509,-0.00581441,0.0053230696,-0.0077798706,12.0,548.0,297.81406,303.07092,294.8031,301.59012,11986194.0,299.63052,293.36343,288.4591,286.63104,284.99524,1.2777826,-0.011792742,0.012679249,0.017651487,-0.010110178,12.0
545.0,301.1212,301.59012,294.26016,297.83875,15580500.0,295.8841,288.60675,285.4222,283.548,282.70987,1.3319187,0.016750017,-0.010900686,0.0015572695,-0.022784958,12.0,546.0,301.68884,303.5645,299.96124,303.04623,11393836.0,298.204,290.4298,286.41928,284.92023,283.60165,1.341211,0.0018851463,0.0044993456,0.0062172576,-0.00572644,12.0,547.0,301.368,302.97223,299.0234,299.61572,7751490.0,299.41827,292.2512,287.56445,285.85214,284.42926,1.3359591,-0.0010634509,-0.00581441,0.0053230696,-0.0077798706,12.0,548.0,297.81406,303.07092,294.8031,301.59012,11986194.0,299.63052,293.36343,288.4591,286.63104,284.99524,1.2777826,-0.011792742,0.012679249,0.017651487,-0.010110178,12.0,549.0,296.25922,300.6029,294.72903,300.10928,11476810.0,299.65027,294.1828,290.01517,287.328,285.4321,1.2523304,-0.0052208416,0.012995647,0.014661759,-0.005165006,12.0
546.0,301.68884,303.5645,299.96124,303.04623,11393836.0,298.204,290.4298,286.41928,284.92023,283.60165,1.341211,0.0018851463,0.0044993456,0.0062172576,-0.00572644,12.0,547.0,301.368,302.97223,299.0234,299.61572,7751490.0,299.41827,292.2512,287.56445,285.85214,284.42926,1.3359591,-0.0010634509,-0.00581441,0.0053230696,-0.0077798706,12.0,548.0,297.81406,303.07092,294.8031,301.59012,11986194.0,299.63052,293.36343,288.4591,286.63104,284.99524,1.2777826,-0.011792742,0.012679249,0.017651487,-0.010110178,12.0,549.0,296.25922,300.6029,294.72903,300.10928,11476810.0,299.65027,294.1828,290.01517,287.328,285.4321,1.2523304,-0.0052208416,0.012995647,0.014661759,-0.005165006,12.0,550.0,297.3945,298.80124,295.74094,297.6413,9402006.0,298.90494,295.1914,291.1813,288.11874,286.10748,1.2709146,0.0038320646,0.0008298755,0.0047302498,-0.005560125,12.0
547.0,301.368,302.97223,299.0234,299.61572,7751490.0,299.41827,292.2512,287.56445,285.85214,284.42926,1.3359591,-0.0010634509,-0.00581441,0.0053230696,-0.0077798706,12.0,548.0,297.81406,303.07092,294.8031,301.59012,11986194.0,299.63052,293.36343,288.4591,286.63104,284.99524,1.2777826,-0.011792742,0.012679249,0.017651487,-0.010110178,12.0,549.0,296.25922,300.6029,294.72903,300.10928,11476810.0,299.65027,294.1828,290.01517,287.328,285.4321,1.2523304,-0.0052208416,0.012995647,0.014661759,-0.005165006,12.0,550.0,297.3945,298.80124,295.74094,297.6413,9402006.0,298.90494,295.1914,291.1813,288.11874,286.10748,1.2709146,0.0038320646,0.0008298755,0.0047302498,-0.005560125,12.0,551.0,296.55536,300.75098,295.9137,298.67783,15488764.0,297.87823,295.6307,292.2919,288.7111,287.0799,1.2571782,-0.0028216455,0.0071571036,0.014147803,-0.0021637613,12.0
548.0,297.81406,303.07092,294.8031,301.59012,11986194.0,299.63052,293.36343,288.4591,286.63104,284.99524,1.2777826,-0.011792742,0.012679249,0.017651487,-0.010110178,12.0,549.0,296.25922,300.6029,294.72903,300.10928,11476810.0,299.65027,294.1828,290.01517,287.328,285.4321,1.2523304,-0.0052208416,0.012995647,0.014661759,-0.005165006,12.0,550.0,297.3945,298.80124,295.74094,297.6413,9402006.0,298.90494,295.1914,291.1813,288.11874,286.10748,1.2709146,0.0038320646,0.0008298755,0.0047302498,-0.005560125,12.0,551.0,296.55536,300.75098,295.9137,298.67783,15488764.0,297.87823,295.6307,292.2919,288.7111,287.0799,1.2571782,-0.0028216455,0.0071571036,0.014147803,-0.0021637613,12.0,552.0,292.16235,297.7894,291.3232,296.16052,14476178.0,296.0371,295.8413,293.19766,289.25897,287.54962,1.1852667,-0.014813441,0.013684702,0.019259948,-0.0028721273,12.0
549.0,296.25922,300.6029,294.72903,300.10928,11476810.0,299.65027,294.1828,290.01517,287.328,285.4321,1.2523304,-0.0052208416,0.012995647,0.014661759,-0.005165006,12.0,550.0,297.3945,298.80124,295.74094,297.6413,9402006.0,298.90494,295.1914,291.1813,288.11874,286.10748,1.2709146,0.0038320646,0.0008298755,0.0047302498,-0.005560125,12.0,551.0,296.55536,300.75098,295.9137,298.67783,15488764.0,297.87823,295.6307,292.2919,288.7111,287.0799,1.2571782,-0.0028216455,0.0071571036,0.014147803,-0.0021637613,12.0,552.0,292.16235,297.7894,291.3232,296.16052,14476178.0,296.0371,295.8413,293.19766,289.25897,287.54962,1.1852667,-0.014813441,0.013684702,0.019259948,-0.0028721273,12.0,553.0,297.04895,297.8387,290.87894,292.0636,8567994.0,295.88406,296.2872,293.9936,289.9441,288.17322,1.2652581,0.01672562,-0.016782945,0.0026587516,-0.020771021,12.0
550.0,297.3945,298.80124,295.74094,297.6413,9402006.0,298.90494,295.1914,291.1813,288.11874,286.10748,1.2709146,0.0038320646,0.0008298755,0.0047302498,-0.005560125,12.0,551.0,296.55536,300.75098,295.9137,298.67783,15488764.0,297.87823,295.6307,292.2919,288.7111,287.0799,1.2571782,-0.0028216455,0.0071571036,0.014147803,-0.0021637613,12.0,552.0,292.16235,297.7894,291.3232,296.16052,14476178.0,296.0371,295.8413,293.19766,289.25897,287.54962,1.1852667,-0.014813441,0.013684702,0.019259948,-0.0028721273,12.0,553.0,297.04895,297.8387,290.87894,292.0636,8567994.0,295.88406,296.2872,293.9936,289.9441,288.17322,1.2652581,0.01672562,-0.016782945,0.0026587516,-0.020771021,12.0,554.0,298.92465,299.3689,295.6669,298.6285,8855948.0,296.41718,296.92557,294.7414,291.29556,288.84286,1.2959625,0.006314454,-0.0009907127,0.0014861699,-0.010898243,12.0
551.0,296.55536,300.75098,295.9137,298.67783,15488764.0,297.87823,295.6307,292.2919,288.7111,287.0799,1.2571782,-0.0028216455,0.0071571036,0.014147803,-0.0021637613,12.0,552.0,292.16235,297.7894,291.3232,296.16052,14476178.0,296.0371,295.8413,293.19766,289.25897,287.54962,1.1852667,-0.014813441,0.013684702,0.019259948,-0.0028721273,12.0,553.0,297.04895,297.8387,290.87894,292.0636,8567994.0,295.88406,296.2872,293.9936,289.9441,288.17322,1.2652581,0.01672562,-0.016782945,0.0026587516,-0.020771021,12.0,554.0,298.92465,299.3689,295.6669,298.6285,8855948.0,296.41718,296.92557,294.7414,291.29556,288.84286,1.2959625,0.006314454,-0.0009907127,0.0014861699,-0.010898243,12.0,555.0,298.20297,303.35425,297.6555,301.33853,12862488.0,296.57886,297.12262,295.53827,292.2608,289.52878,1.2841489,-0.0024142528,0.010514875,0.01727443,-0.0018359952,12.0
552.0,292.16235,297.7894,291.3232,296.16052,14476178.0,296.0371,295.8413,293.19766,289.25897,287.54962,1.1852667,-0.014813441,0.013684702,0.019259948,-0.0028721273,12.0,553.0,297.04895,297.8387,290.87894,292.0636,8567994.0,295.88406,296.2872,293.9936,289.9441,288.17322,1.2652581,0.01672562,-0.016782945,0.0026587516,-0.020771021,12.0,554.0,298.92465,299.3689,295.6669,298.6285,8855948.0,296.41718,296.92557,294.7414,291.29556,288.84286,1.2959625,0.006314454,-0.0009907127,0.0014861699,-0.010898243,12.0,555.0,298.20297,303.35425,297.6555,301.33853,12862488.0,296.57886,297.12262,295.53827,292.2608,289.52878,1.2841489,-0.0024142528,0.010514875,0.01727443,-0.0018359952,12.0,556.0,295.4158,297.6306,294.14664,297.6306,8235902.0,296.35095,297.47772,295.81076,293.1037,289.98438,1.2385242,-0.009346555,0.007497283,0.007497283,-0.0042961636,12.0
553.0,297.04895,297.8387,290.87894,292.0636,8567994.0,295.88406,296.2872,293.9936,289.9441,288.17322,1.2652581,0.01672562,-0.016782945,0.0026587516,-0.020771021,12.0,554.0,298.92465,299.3689,295.6669,298.6285,8855948.0,296.41718,296.92557,294.7414,291.29556,288.84286,1.2959625,0.006314454,-0.0009907127,0.0014861699,-0.010898243,12.0,555.0,298.20297,303.35425,297.6555,301.33853,12862488.0,296.57886,297.12262,295.53827,292.2608,289.52878,1.2841489,-0.0024142528,0.010514875,0.01727443,-0.0018359952,12.0,556.0,295.4158,297.6306,294.14664,297.6306,8235902.0,296.35095,297.47772,295.81076,293.1037,289.98438,1.2385242,-0.009346555,0.007497283,0.007497283,-0.0042961636,12.0,557.0,289.09485,294.64432,287.42752,294.64432,15721530.0,295.73746,297.06427,295.81534,293.70563,290.3387,1.135053,-0.021396803,0.019196048,0.019196048,-0.0057673682,12.0
554.0,298.92465,299.3689,295.6669,298.6285,8855948.0,296.41718,296.92557,294.7414,291.29556,288.84286,1.2959625,0.006314454,-0.0009907127,0.0014861699,-0.010898243,12.0,555.0,298.20297,303.35425,297.6555,301.33853,12862488.0,296.57886,297.12262,295.53827,292.2608,289.52878,1.2841489,-0.0024142528,0.010514875,0.01727443,-0.0018359952,12.0,556.0,295.4158,297.6306,294.14664,297.6306,8235902.0,296.35095,297.47772,295.81076,293.1037,289.98438,1.2385242,-0.009346555,0.007497283,0.007497283,-0.0042961636,12.0,557.0,289.09485,294.64432,287.42752,294.64432,15721530.0,295.73746,297.06427,295.81534,293.70563,290.3387,1.135053,-0.021396803,0.019196048,0.019196048,-0.0057673682,12.0,558.0,290.4885,292.15582,288.9207,291.6581,8636632.0,294.42535,296.64664,295.82172,294.07996,290.69098,1.1578664,0.004820723,0.0040263436,0.005739699,-0.0053971116,12.0
555.0,298.20297,303.35425,297.6555,301.33853,12862488.0,296.57886,297.12262,295.53827,292.2608,289.52878,1.2841489,-0.0024142528,0.010514875,0.01727443,-0.0018359952,12.0,556.0,295.4158,297.6306,294.14664,297.6306,8235902.0,296.35095,297.47772,295.81076,293.1037,289.98438,1.2385242,-0.009346555,0.007497283,0.007497283,-0.0042961636,12.0,557.0,289.09485,294.64432,287.42752,294.64432,15721530.0,295.73746,297.06427,295.81534,293.70563,290.3387,1.135053,-0.021396803,0.019196048,0.019196048,-0.0057673682,12.0,558.0,290.4885,292.15582,288.9207,291.6581,8636632.0,294.42535,296.64664,295.82172,294.07996,290.69098,1.1578664,0.004820723,0.0040263436,0.005739699,-0.0053971116,12.0,559.0,284.2422,290.78708,282.74905,290.66266,17164216.0,291.48886,295.85208,295.5664,294.09088,291.3278,1.0556172,-0.02150277,0.022588031,0.023025783,-0.0052530207,12.0
556.0,295.4158,297.6306,294.14664,297.6306,8235902.0,296.35095,297.47772,295.81076,293.1037,289.98438,1.2385242,-0.009346555,0.007497283,0.007497283,-0.0042961636,12.0,557.0,289.09485,294.64432,287.42752,294.64432,15721530.0,295.73746,297.06427,295.81534,293.70563,290.3387,1.135053,-0.021396803,0.019196048,0.019196048,-0.0057673682,12.0,558.0,290.4885,292.15582,288.9207,291.6581,8636632.0,294.42535,296.64664,295.82172,294.07996,290.69098,1.1578664,0.004820723,0.0040263436,0.005739699,-0.0053971116,12.0,559.0,284.2422,290.78708,282.74905,290.66266,17164216.0,291.48886,295.85208,295.5664,294.09088,291.3278,1.0556172,-0.02150277,0.022588031,0.023025783,-0.0052530207,12.0,560.0,278.07062,282.6993,276.82635,282.6993,16338532.0,287.4624,294.3154,294.70755,293.9231,291.4611,0.9545914,-0.021712365,0.016645763,0.016645763,-0.0044746734,12.0
557.0,289.09485,294.64432,287.42752,294.64432,15721530.0,295.73746,297.06427,295.81534,293.70563,290.3387,1.135053,-0.021396803,0.019196048,0.019196048,-0.0057673682,12.0,558.0,290.4885,292.15582,288.9207,291.6581,8636632.0,294.42535,296.64664,295.82172,294.07996,290.69098,1.1578664,0.004820723,0.0040263436,0.005739699,-0.0053971116,12.0,559.0,284.2422,290.78708,282.74905,290.66266,17164216.0,291.48886,295.85208,295.5664,294.09088,291.3278,1.0556172,-0.02150277,0.022588031,0.023025783,-0.0052530207,12.0,560.0,278.07062,282.6993,276.82635,282.6993,16338532.0,287.4624,294.3154,294.70755,293.9231,291.4611,0.9545914,-0.021712365,0.016645763,0.016645763,-0.0044746734,12.0,561.0,278.31946,281.45502,276.02997,278.71762,11204576.0,284.04312,292.75745,294.11908,293.45724,291.59363,0.95866483,0.0008948818,0.0014305933,0.011266072,-0.008226102,12.0
558.0,290.4885,292.15582,288.9207,291.6581,8636632.0,294.42535,296.64664,295.82172,294.07996,290.69098,1.1578664,0.004820723,0.0040263436,0.005739699,-0.0053971116,12.0,559.0,284.2422,290.78708,282.74905,290.66266,17164216.0,291.48886,295.85208,295.5664,294.09088,291.3278,1.0556172,-0.02150277,0.022588031,0.023025783,-0.0052530207,12.0,560.0,278.07062,282.6993,276.82635,282.6993,16338532.0,287.4624,294.3154,294.70755,293.9231,291.4611,0.9545914,-0.021712365,0.016645763,0.016645763,-0.0044746734,12.0,561.0,278.31946,281.45502,276.02997,278.71762,11204576.0,284.04312,292.75745,294.11908,293.45724,291.59363,0.95866483,0.0008948818,0.0014305933,0.011266072,-0.008226102,12.0,562.0,268.06662,273.66586,266.77258,273.66586,18930062.0,279.83746,290.53735,292.75757,292.61978,291.39426,0.7908305,-0.036838382,0.020887487,0.020887487,-0.004827285,12.0
559.0,284.2422,290.78708,282.74905,290.66266,17164216.0,291.48886,295.85208,295.5664,294.09088,291.3278,1.0556172,-0.02150277,0.022588031,0.023025783,-0.0052530207,12.0,560.0,278.07062,282.6993,276.82635,282.6993,16338532.0,287.4624,294.3154,294.70755,293.9231,291.4611,0.9545914,-0.021712365,0.016645763,0.016645763,-0.0044746734,12.0,561.0,278.31946,281.45502,276.02997,278.71762,11204576.0,284.04312,292.75745,294.11908,293.45724,291.59363,0.95866483,0.0008948818,0.0014305933,0.011266072,-0.008226102,12.0,562.0,268.06662,273.66586,266.77258,273.66586,18930062.0,279.83746,290.53735,292.75757,292.61978,291.39426,0.7908305,-0.036838382,0.020887487,0.020887487,-0.004827285,12.0,563.0,264.0103,271.52573,261.82037,270.75427,13286008.0,274.54184,288.28375,291.12045,291.56577,290.8236,0.7244306,-0.0151317045,0.025544325,0.02846635,-0.00829489,12.0
560.0,278.07062,282.6993,276.82635,282.6993,16338532.0,287.4624,294.3154,294.70755,293.9231,291.4611,0.9545914,-0.021712365,0.016645763,0.016645763,-0.0044746734,12.0,561.0,278.31946,281.45502,276.02997,278.71762,11204576.0,284.04312,292.75745,294.11908,293.45724,291.59363,0.95866483,0.0008948818,0.0014305933,0.011266072,-0.008226102,12.0,562.0,268.06662,273.66586,266.77258,273.66586,18930062.0,279.83746,290.53735,292.75757,292.61978,291.39426,0.7908305,-0.036838382,0.020887487,0.020887487,-0.004827285,12.0,563.0,264.0103,271.52573,261.82037,270.75427,13286008.0,274.54184,288.28375,291.12045,291.56577,290.8236,0.7244306,-0.0151317045,0.025544325,0.02846635,-0.00829489,12.0,564.0,267.02145,269.03717,264.45822,266.7726,8660976.0,271.0977,286.33456,289.66348,290.67267,290.2587,0.77372164,0.011405383,-0.00093196647,0.0075489054,-0.0095993,12.0
561.0,278.31946,281.45502,276.02997,278.71762,11204576.0,284.04312,292.75745,294.11908,293.45724,291.59363,0.95866483,0.0008948818,0.0014305933,0.011266072,-0.008226102,12.0,562.0,268.06662,273.66586,266.77258,273.66586,18930062.0,279.83746,290.53735,292.75757,292.61978,291.39426,0.7908305,-0.036838382,0.020887487,0.020887487,-0.004827285,12.0,563.0,264.0103,271.52573,261.82037,270.75427,13286008.0,274.54184,288.28375,291.12045,291.56577,290.8236,0.7244306,-0.0151317045,0.025544325,0.02846635,-0.00829489,12.0,564.0,267.02145,269.03717,264.45822,266.7726,8660976.0,271.0977,286.33456,289.66348,290.67267,290.2587,0.77372164,0.011405383,-0.00093196647,0.0075489054,-0.0095993,12.0,565.0,268.36526,270.0077,267.4445,269.26114,13388782.0,269.15662,284.3993,288.0257,289.59738,289.79535,0.7957192,0.0050325957,0.0033382562,0.006120155,-0.0034310766,12.0
562.0,268.06662,273.66586,266.77258,273.66586,18930062.0,279.83746,290.53735,292.75757,292.61978,291.39426,0.7908305,-0.036838382,0.020887487,0.020887487,-0.004827285,12.0,563.0,264.0103,271.52573,261.82037,270.75427,13286008.0,274.54184,288.28375,291.12045,291.56577,290.8236,0.7244306,-0.0151317045,0.025544325,0.02846635,-0.00829489,12.0,564.0,267.02145,269.03717,264.45822,266.7726,8660976.0,271.0977,286.33456,289.66348,290.67267,290.2587,0.77372164,0.011405383,-0.00093196647,0.0075489054,-0.0095993,12.0,565.0,268.36526,270.0077,267.4445,269.26114,13388782.0,269.15662,284.3993,288.0257,289.59738,289.79535,0.7957192,0.0050325957,0.0033382562,0.006120155,-0.0034310766,12.0,566.0,267.61868,269.18646,264.10983,266.27487,9782424.0,267.01648,282.47018,286.3222,288.69855,289.05045,0.783498,-0.0027819623,-0.00502141,0.005858217,-0.013111377,12.0
563.0,264.0103,271.52573,261.82037,270.75427,13286008.0,274.54184,288.28375,291.12045,291.56577,290.8236,0.7244306,-0.0151317045,0.025544325,0.02846635,-0.00829489,12.0,564.0,267.02145,269.03717,264.45822,266.7726,8660976.0,271.0977,286.33456,289.66348,290.67267,290.2587,0.77372164,0.011405383,-0.00093196647,0.0075489054,-0.0095993,12.0,565.0,268.36526,270.0077,267.4445,269.26114,13388782.0,269.15662,284.3993,288.0257,289.59738,289.79535,0.7957192,0.0050325957,0.0033382562,0.006120155,-0.0034310766,12.0,566.0,267.61868,269.18646,264.10983,266.27487,9782424.0,267.01648,282.47018,286.3222,288.69855,289.05045,0.783498,-0.0027819623,-0.00502141,0.005858217,-0.013111377,12.0,567.0,263.4628,264.3587,260.45166,263.76144,9473768.0,266.0957,280.5569,284.42694,287.4252,288.1991,0.71546805,-0.015529124,0.0011335348,0.0034004892,-0.011429088,12.0
564.0,267.02145,269.03717,264.45822,266.7726,8660976.0,271.0977,286.33456,289.66348,290.67267,290.2587,0.77372164,0.011405383,-0.00093196647,0.0075489054,-0.0095993,12.0,565.0,268.36526,270.0077,267.4445,269.26114,13388782.0,269.15662,284.3993,288.0257,289.59738,289.79535,0.7957192,0.0050325957,0.0033382562,0.006120155,-0.0034310766,12.0,566.0,267.61868,269.18646,264.10983,266.27487,9782424.0,267.01648,282.47018,286.3222,288.69855,289.05045,0.783498,-0.0027819623,-0.00502141,0.005858217,-0.013111377,12.0,567.0,263.4628,264.3587,260.45166,263.76144,9473768.0,266.0957,280.5569,284.42694,287.4252,288.1991,0.71546805,-0.015529124,0.0011335348,0.0034004892,-0.011429088,12.0,568.0,263.41306,267.6436,262.34296,267.2703,8718740.0,265.97626,278.31448,282.70688,286.0916,287.30084,0.7146538,-0.00018880711,0.014643364,0.016060462,-0.0040623983,12.0
565.0,268.36526,270.0077,267.4445,269.26114,13388782.0,269.15662,284.3993,288.0257,289.59738,289.79535,0.7957192,0.0050325957,0.0033382562,0.006120155,-0.0034310766,12.0,566.0,267.61868,269.18646,264.10983,266.27487,9782424.0,267.01648,282.47018,286.3222,288.69855,289.05045,0.783498,-0.0027819623,-0.00502141,0.005858217,-0.013111377,12.0,567.0,263.4628,264.3587,260.45166,263.76144,9473768.0,266.0957,280.5569,284.42694,287.4252,288.1991,0.71546805,-0.015529124,0.0011335348,0.0034004892,-0.011429088,12.0,568.0,263.41306,267.6436,262.34296,267.2703,8718740.0,265.97626,278.31448,282.70688,286.0916,287.30084,0.7146538,-0.00018880711,0.014643364,0.016060462,-0.0040623983,12.0,569.0,258.28665,262.2932,256.07184,262.2932,16275078.0,264.22928,275.6053,280.80826,284.57666,286.26544,0.6307369,-0.019461464,0.015512068,0.015512068,-0.008575031,12.0
566.0,267.61868,269.18646,264.10983,266.27487,9782424.0,267.01648,282.47018,286.3222,288.69855,289.05045,0.783498,-0.0027819623,-0.00502141,0.005858217,-0.013111377,12.0,567.0,263.4628,264.3587,260.45166,263.76144,9473768.0,266.0957,280.5569,284.42694,287.4252,288.1991,0.71546805,-0.015529124,0.0011335348,0.0034004892,-0.011429088,12.0,568.0,263.41306,267.6436,262.34296,267.2703,8718740.0,265.97626,278.31448,282.70688,286.0916,287.30084,0.7146538,-0.00018880711,0.014643364,0.016060462,-0.0040623983,12.0,569.0,258.28665,262.2932,256.07184,262.2932,16275078.0,264.22928,275.6053,280.80826,284.57666,286.26544,0.6307369,-0.019461464,0.015512068,0.015512068,-0.008575031,12.0,570.0,260.07837,262.119,256.81836,260.80005,13241338.0,262.5719,273.06363,278.94244,282.93494,285.09314,0.6600665,0.0069369343,0.0027748775,0.007846209,-0.012534662,12.0
567.0,263.4628,264.3587,260.45166,263.76144,9473768.0,266.0957,280.5569,284.42694,287.4252,288.1991,0.71546805,-0.015529124,0.0011335348,0.0034004892,-0.011429088,12.0,568.0,263.41306,267.6436,262.34296,267.2703,8718740.0,265.97626,278.31448,282.70688,286.0916,287.30084,0.7146538,-0.00018880711,0.014643364,0.016060462,-0.0040623983,12.0,569.0,258.28665,262.2932,256.07184,262.2932,16275078.0,264.22928,275.6053,280.80826,284.57666,286.26544,0.6307369,-0.019461464,0.015512068,0.015512068,-0.008575031,12.0,570.0,260.07837,262.119,256.81836,260.80005,13241338.0,262.5719,273.06363,278.94244,282.93494,285.09314,0.6600665,0.0069369343,0.0027748775,0.007846209,-0.012534662,12.0,571.0,253.23486,263.03976,252.33899,263.03976,24151260.0,259.69516,270.2516,276.77643,280.9968,283.86465,0.5480414,-0.026313245,0.038718577,0.038718577,-0.003537712,12.0
568.0,263.41306,267.6436,262.34296,267.2703,8718740.0,265.97626,278.31448,282.70688,286.0916,287.30084,0.7146538,-0.00018880711,0.014643364,0.016060462,-0.0040623983,12.0,569.0,258.28665,262.2932,256.07184,262.2932,16275078.0,264.22928,275.6053,280.80826,284.57666,286.26544,0.6307369,-0.019461464,0.015512068,0.015512068,-0.008575031,12.0,570.0,260.07837,262.119,256.81836,260.80005,13241338.0,262.5719,273.06363,278.94244,282.93494,285.09314,0.6600665,0.0069369343,0.0027748775,0.007846209,-0.012534662,12.0,571.0,253.23486,263.03976,252.33899,263.03976,24151260.0,259.69516,270.2516,276.77643,280.9968,283.86465,0.5480414,-0.026313245,0.038718577,0.038718577,-0.003537712,12.0,572.0,246.36647,258.31152,245.17197,256.56952,43822856.0,256.27588,267.403,274.48663,278.79672,282.23364,0.43560895,-0.02712262,0.04141414,0.048484847,-0.0048484723,12.0
569.0,258.28665,262.2932,256.07184,262.2932,16275078.0,264.22928,275.6053,280.80826,284.57666,286.26544,0.6307369,-0.019461464,0.015512068,0.015512068,-0.008575031,12.0,570.0,260.07837,262.119,256.81836,260.80005,13241338.0,262.5719,273.06363,278.94244,282.93494,285.09314,0.6600665,0.0069369343,0.0027748775,0.007846209,-0.012534662,12.0,571.0,253.23486,263.03976,252.33899,263.03976,24151260.0,259.69516,270.2516,276.77643,280.9968,283.86465,0.5480414,-0.026313245,0.038718577,0.038718577,-0.003537712,12.0,572.0,246.36647,258.31152,245.17197,256.56952,43822856.0,256.27588,267.403,274.48663,278.79672,282.23364,0.43560895,-0.02712262,0.04141414,0.048484847,-0.0048484723,12.0,573.0,244.74892,250.77121,243.50464,248.85503,17267854.0,252.54306,264.35373,271.8716,276.6741,280.50018,0.40913033,-0.0065656407,0.016776817,0.024606012,-0.005083884,12.0
570.0,260.07837,262.119,256.81836,260.80005,13241338.0,262.5719,273.06363,278.94244,282.93494,285.09314,0.6600665,0.0069369343,0.0027748775,0.007846209,-0.012534662,12.0,571.0,253.23486,263.03976,252.33899,263.03976,24151260.0,259.69516,270.2516,276.77643,280.9968,283.86465,0.5480414,-0.026313245,0.038718577,0.038718577,-0.003537712,12.0,572.0,246.36647,258.31152,245.17197,256.56952,43822856.0,256.27588,267.403,274.48663,278.79672,282.23364,0.43560895,-0.02712262,0.04141414,0.048484847,-0.0048484723,12.0,573.0,244.74892,250.77121,243.50464,248.85503,17267854.0,252.54306,264.35373,271.8716,276.6741,280.50018,0.40913033,-0.0065656407,0.016776817,0.024606012,-0.005083884,12.0,574.0,249.42738,250.69655,247.01349,249.35274,10869532.0,250.7712,262.0327,269.39676,274.80084,278.9424,0.4857147,0.019115373,-0.0002992994,0.0050883335,-0.009677754,12.0
571.0,253.23486,263.03976,252.33899,263.03976,24151260.0,259.69516,270.2516,276.77643,280.9968,283.86465,0.5480414,-0.026313245,0.038718577,0.038718577,-0.003537712,12.0,572.0,246.36647,258.31152,245.17197,256.56952,43822856.0,256.27588,267.403,274.48663,278.79672,282.23364,0.43560895,-0.02712262,0.04141414,0.048484847,-0.0048484723,12.0,573.0,244.74892,250.77121,243.50464,248.85503,17267854.0,252.54306,264.35373,271.8716,276.6741,280.50018,0.40913033,-0.0065656407,0.016776817,0.024606012,-0.005083884,12.0,574.0,249.42738,250.69655,247.01349,249.35274,10869532.0,250.7712,262.0327,269.39676,274.80084,278.9424,0.4857147,0.019115373,-0.0002992994,0.0050883335,-0.009677754,12.0,575.0,241.43915,244.32587,239.39853,243.87793,18441782.0,247.04335,259.59064,266.55856,272.56262,276.953,0.35495093,-0.0320263,0.010100997,0.011956273,-0.008451878,12.0
572.0,246.36647,258.31152,245.17197,256.56952,43822856.0,256.27588,267.403,274.48663,278.79672,282.23364,0.43560895,-0.02712262,0.04141414,0.048484847,-0.0048484723,12.0,573.0,244.74892,250.77121,243.50464,248.85503,17267854.0,252.54306,264.35373,271.8716,276.6741,280.50018,0.40913033,-0.0065656407,0.016776817,0.024606012,-0.005083884,12.0,574.0,249.42738,250.69655,247.01349,249.35274,10869532.0,250.7712,262.0327,269.39676,274.80084,278.9424,0.4857147,0.019115373,-0.0002992994,0.0050883335,-0.009677754,12.0,575.0,241.43915,244.32587,239.39853,243.87793,18441782.0,247.04335,259.59064,266.55856,272.56262,276.953,0.35495093,-0.0320263,0.010100997,0.011956273,-0.008451878,12.0,576.0,240.46861,243.55443,236.2132,239.89626,16675250.0,244.49011,257.06723,263.81122,270.31915,274.91232,0.3390637,-0.0040197927,-0.0023802007,0.01283248,-0.017696343,12.0
573.0,244.74892,250.77121,243.50464,248.85503,17267854.0,252.54306,264.35373,271.8716,276.6741,280.50018,0.40913033,-0.0065656407,0.016776817,0.024606012,-0.005083884,12.0,574.0,249.42738,250.69655,247.01349,249.35274,10869532.0,250.7712,262.0327,269.39676,274.80084,278.9424,0.4857147,0.019115373,-0.0002992994,0.0050883335,-0.009677754,12.0,575.0,241.43915,244.32587,239.39853,243.87793,18441782.0,247.04335,259.59064,266.55856,272.56262,276.953,0.35495093,-0.0320263,0.010100997,0.011956273,-0.008451878,12.0,576.0,240.46861,243.55443,236.2132,239.89626,16675250.0,244.49011,257.06723,263.81122,270.31915,274.91232,0.3390637,-0.0040197927,-0.0023802007,0.01283248,-0.017696343,12.0,577.0,237.73119,240.76723,236.98462,240.39394,14969534.0,242.76305,255.04488,261.24304,268.1419,272.7911,0.29425326,-0.011383718,0.011200683,0.012770871,-0.0031403748,12.0
574.0,249.42738,250.69655,247.01349,249.35274,10869532.0,250.7712,262.0327,269.39676,274.80084,278.9424,0.4857147,0.019115373,-0.0002992994,0.0050883335,-0.009677754,12.0,575.0,241.43915,244.32587,239.39853,243.87793,18441782.0,247.04335,259.59064,266.55856,272.56262,276.953,0.35495093,-0.0320263,0.010100997,0.011956273,-0.008451878,12.0,576.0,240.46861,243.55443,236.2132,239.89626,16675250.0,244.49011,257.06723,263.81122,270.31915,274.91232,0.3390637,-0.0040197927,-0.0023802007,0.01283248,-0.017696343,12.0,577.0,237.73119,240.76723,236.98462,240.39394,14969534.0,242.76305,255.04488,261.24304,268.1419,272.7911,0.29425326,-0.011383718,0.011200683,0.012770871,-0.0031403748,12.0,578.0,234.86935,239.87135,230.21576,238.92569,21029342.0,240.78714,253.10214,258.46207,265.65472,270.69296,0.2474064,-0.0120381,0.017270595,0.021296924,-0.019813534,12.0
575.0,241.43915,244.32587,239.39853,243.87793,18441782.0,247.04335,259.59064,266.55856,272.56262,276.953,0.35495093,-0.0320263,0.010100997,0.011956273,-0.008451878,12.0,576.0,240.46861,243.55443,236.2132,239.89626,16675250.0,244.49011,257.06723,263.81122,270.31915,274.91232,0.3390637,-0.0040197927,-0.0023802007,0.01283248,-0.017696343,12.0,577.0,237.73119,240.76723,236.98462,240.39394,14969534.0,242.76305,255.04488,261.24304,268.1419,272.7911,0.29425326,-0.011383718,0.011200683,0.012770871,-0.0031403748,12.0,578.0,234.86935,239.87135,230.21576,238.92569,21029342.0,240.78714,253.10214,258.46207,265.65472,270.69296,0.2474064,-0.0120381,0.017270595,0.021296924,-0.019813534,12.0,579.0,235.81502,236.90999,230.0167,232.97807,14573000.0,238.06467,251.02171,256.0407,263.13034,268.67813,0.26288646,0.004026338,-0.012030354,0.0046433355,-0.024588421,12.0
576.0,240.46861,243.55443,236.2132,239.89626,16675250.0,244.49011,257.06723,263.81122,270.31915,274.91232,0.3390637,-0.0040197927,-0.0023802007,0.01283248,-0.017696343,12.0,577.0,237.73119,240.76723,236.98462,240.39394,14969534.0,242.76305,255.04488,261.24304,268.1419,272.7911,0.29425326,-0.011383718,0.011200683,0.012770871,-0.0031403748,12.0,578.0,234.86935,239.87135,230.21576,238.92569,21029342.0,240.78714,253.10214,258.46207,265.65472,270.69296,0.2474064,-0.0120381,0.017270595,0.021296924,-0.019813534,12.0,579.0,235.81502,236.90999,230.0167,232.97807,14573000.0,238.06467,251.02171,256.0407,263.13034,268.67813,0.26288646,0.004026338,-0.012030354,0.0046433355,-0.024588421,12.0,580.0,233.2518,238.65196,232.43059,238.65196,16775318.0,236.4272,248.68082,253.79977,260.5323,266.54007,0.22092777,-0.010869609,0.02315162,0.02315162,-0.003520738,12.0
577.0,237.73119,240.76723,236.98462,240.39394,14969534.0,242.76305,255.04488,261.24304,268.1419,272.7911,0.29425326,-0.011383718,0.011200683,0.012770871,-0.0031403748,12.0,578.0,234.86935,239.87135,230.21576,238.92569,21029342.0,240.78714,253.10214,258.46207,265.65472,270.69296,0.2474064,-0.0120381,0.017270595,0.021296924,-0.019813534,12.0,579.0,235.81502,236.90999,230.0167,232.97807,14573000.0,238.06467,251.02171,256.0407,263.13034,268.67813,0.26288646,0.004026338,-0.012030354,0.0046433355,-0.024588421,12.0,580.0,233.2518,238.65196,232.43059,238.65196,16775318.0,236.4272,248.68082,253.79977,260.5323,266.54007,0.22092777,-0.010869609,0.02315162,0.02315162,-0.003520738,12.0,581.0,232.9283,236.08876,231.43517,235.91457,7314066.0,234.91913,246.36813,251.53021,258.0328,264.41916,0.2156322,-0.00138692,0.012820513,0.013568389,-0.0064102565,12.0
578.0,234.86935,239.87135,230.21576,238.92569,21029342.0,240.78714,253.10214,258.46207,265.65472,270.69296,0.2474064,-0.0120381,0.017270595,0.021296924,-0.019813534,12.0,579.0,235.81502,236.90999,230.0167,232.97807,14573000.0,238.06467,251.02171,256.0407,263.13034,268.67813,0.26288646,0.004026338,-0.012030354,0.0046433355,-0.024588421,12.0,580.0,233.2518,238.65196,232.43059,238.65196,16775318.0,236.4272,248.68082,253.79977,260.5323,266.54007,0.22092777,-0.010869609,0.02315162,0.02315162,-0.003520738,12.0,581.0,232.9283,236.08876,231.43517,235.91457,7314066.0,234.91913,246.36813,251.53021,258.0328,264.41916,0.2156322,-0.00138692,0.012820513,0.013568389,-0.0064102565,12.0,582.0,242.21059,243.3802,233.0776,234.42143,11321450.0,235.81502,244.95131,250.23741,256.1574,262.7541,0.367579,0.039850406,-0.032158624,0.0048289453,-0.037706785,12.0
579.0,235.81502,236.90999,230.0167,232.97807,14573000.0,238.06467,251.02171,256.0407,263.13034,268.67813,0.26288646,0.004026338,-0.012030354,0.0046433355,-0.024588421,12.0,580.0,233.2518,238.65196,232.43059,238.65196,16775318.0,236.4272,248.68082,253.79977,260.5323,266.54007,0.22092777,-0.010869609,0.02315162,0.02315162,-0.003520738,12.0,581.0,232.9283,236.08876,231.43517,235.91457,7314066.0,234.91913,246.36813,251.53021,258.0328,264.41916,0.2156322,-0.00138692,0.012820513,0.013568389,-0.0064102565,12.0,582.0,242.21059,243.3802,233.0776,234.42143,11321450.0,235.81502,244.95131,250.23741,256.1574,262.7541,0.367579,0.039850406,-0.032158624,0.0048289453,-0.037706785,12.0,583.0,239.52295,246.49089,239.19945,244.32585,15390968.0,236.74573,243.35864,249.01305,254.1188,260.83655,0.32358363,-0.011096284,0.020051936,0.02909091,-0.0013506367,12.0
580.0,233.2518,238.65196,232.43059,238.65196,16775318.0,236.4272,248.68082,253.79977,260.5323,266.54007,0.22092777,-0.010869609,0.02315162,0.02315162,-0.003520738,12.0,581.0,232.9283,236.08876,231.43517,235.91457,7314066.0,234.91913,246.36813,251.53021,258.0328,264.41916,0.2156322,-0.00138692,0.012820513,0.013568389,-0.0064102565,12.0,582.0,242.21059,243.3802,233.0776,234.42143,11321450.0,235.81502,244.95131,250.23741,256.1574,262.7541,0.367579,0.039850406,-0.032158624,0.0048289453,-0.037706785,12.0,583.0,239.52295,246.49089,239.19945,244.32585,15390968.0,236.74573,243.35864,249.01305,254.1188,260.83655,0.32358363,-0.011096284,0.020051936,0.02909091,-0.0013506367,12.0,584.0,224.54187,235.815,223.96951,232.00752,22945978.0,234.4911,241.109,246.88907,251.73079,258.35715,0.07835018,-0.062545486,0.033248365,0.05020502,-0.0025490278,12.0
581.0,232.9283,236.08876,231.43517,235.91457,7314066.0,234.91913,246.36813,251.53021,258.0328,264.41916,0.2156322,-0.00138692,0.012820513,0.013568389,-0.0064102565,12.0,582.0,242.21059,243.3802,233.0776,234.42143,11321450.0,235.81502,244.95131,250.23741,256.1574,262.7541,0.367579,0.039850406,-0.032158624,0.0048289453,-0.037706785,12.0,583.0,239.52295,246.49089,239.19945,244.32585,15390968.0,236.74573,243.35864,249.01305,254.1188,260.83655,0.32358363,-0.011096284,0.020051936,0.02909091,-0.0013506367,12.0,584.0,224.54187,235.815,223.96951,232.00752,22945978.0,234.4911,241.109,246.88907,251.73079,258.35715,0.07835018,-0.062545486,0.033248365,0.05020502,-0.0025490278,12.0,585.0,228.74754,230.0416,226.45807,229.94205,12731912.0,233.59026,239.02026,244.90817,249.75787,256.04196,0.14719513,0.018730018,0.0052219187,0.005657106,-0.010008716,12.0
582.0,242.21059,243.3802,233.0776,234.42143,11321450.0,235.81502,244.95131,250.23741,256.1574,262.7541,0.367579,0.039850406,-0.032158624,0.0048289453,-0.037706785,12.0,583.0,239.52295,246.49089,239.19945,244.32585,15390968.0,236.74573,243.35864,249.01305,254.1188,260.83655,0.32358363,-0.011096284,0.020051936,0.02909091,-0.0013506367,12.0,584.0,224.54187,235.815,223.96951,232.00752,22945978.0,234.4911,241.109,246.88907,251.73079,258.35715,0.07835018,-0.062545486,0.033248365,0.05020502,-0.0025490278,12.0,585.0,228.74754,230.0416,226.45807,229.94205,12731912.0,233.59026,239.02026,244.90817,249.75787,256.04196,0.14719513,0.018730018,0.0052219187,0.005657106,-0.010008716,12.0,586.0,231.93288,232.82875,227.70235,230.8379,14111568.0,233.39116,237.60013,243.12389,247.9024,253.92586,0.19933759,0.0139251035,-0.004721056,0.0038626348,-0.018240344,12.0
583.0,239.52295,246.49089,239.19945,244.32585,15390968.0,236.74573,243.35864,249.01305,254.1188,260.83655,0.32358363,-0.011096284,0.020051936,0.02909091,-0.0013506367,12.0,584.0,224.54187,235.815,223.96951,232.00752,22945978.0,234.4911,241.109,246.88907,251.73079,258.35715,0.07835018,-0.062545486,0.033248365,0.05020502,-0.0025490278,12.0,585.0,228.74754,230.0416,226.45807,229.94205,12731912.0,233.59026,239.02026,244.90817,249.75787,256.04196,0.14719513,0.018730018,0.0052219187,0.005657106,-0.010008716,12.0,586.0,231.93288,232.82875,227.70235,230.8379,14111568.0,233.39116,237.60013,243.12389,247.9024,253.92586,0.19933759,0.0139251035,-0.004721056,0.0038626348,-0.018240344,12.0,587.0,228.92174,233.72464,227.9512,233.15227,13779460.0,230.7334,236.43715,241.39684,246.33661,251.92009,0.15004662,-0.012982803,0.01848027,0.020980528,-0.004239618,12.0
584.0,224.54187,235.815,223.96951,232.00752,22945978.0,234.4911,241.109,246.88907,251.73079,258.35715,0.07835018,-0.062545486,0.033248365,0.05020502,-0.0025490278,12.0,585.0,228.74754,230.0416,226.45807,229.94205,12731912.0,233.59026,239.02026,244.90817,249.75787,256.04196,0.14719513,0.018730018,0.0052219187,0.005657106,-0.010008716,12.0,586.0,231.93288,232.82875,227.70235,230.8379,14111568.0,233.39116,237.60013,243.12389,247.9024,253.92586,0.19933759,0.0139251035,-0.004721056,0.0038626348,-0.018240344,12.0,587.0,228.92174,233.72464,227.9512,233.15227,13779460.0,230.7334,236.43715,241.39684,246.33661,251.92009,0.15004662,-0.012982803,0.01848027,0.020980528,-0.004239618,12.0,588.0,221.40633,229.36969,220.58511,229.02129,15481506.0,227.11008,234.88098,239.2965,244.63245,249.61734,0.027022755,-0.03282961,0.034393586,0.03596718,-0.0037091016,12.0
585.0,228.74754,230.0416,226.45807,229.94205,12731912.0,233.59026,239.02026,244.90817,249.75787,256.04196,0.14719513,0.018730018,0.0052219187,0.005657106,-0.010008716,12.0,586.0,231.93288,232.82875,227.70235,230.8379,14111568.0,233.39116,237.60013,243.12389,247.9024,253.92586,0.19933759,0.0139251035,-0.004721056,0.0038626348,-0.018240344,12.0,587.0,228.92174,233.72464,227.9512,233.15227,13779460.0,230.7334,236.43715,241.39684,246.33661,251.92009,0.15004662,-0.012982803,0.01848027,0.020980528,-0.004239618,12.0,588.0,221.40633,229.36969,220.58511,229.02129,15481506.0,227.11008,234.88098,239.2965,244.63245,249.61734,0.027022755,-0.03282961,0.034393586,0.03596718,-0.0037091016,12.0,589.0,225.63686,226.30876,220.98326,221.97868,11583082.0,227.32907,233.29494,237.664,242.97707,247.66383,0.0962746,0.019107537,-0.016212653,0.002977845,-0.020624256,12.0
586.0,231.93288,232.82875,227.70235,230.8379,14111568.0,233.39116,237.60013,243.12389,247.9024,253.92586,0.19933759,0.0139251035,-0.004721056,0.0038626348,-0.018240344,12.0,587.0,228.92174,233.72464,227.9512,233.15227,13779460.0,230.7334,236.43715,241.39684,246.33661,251.92009,0.15004662,-0.012982803,0.01848027,0.020980528,-0.004239618,12.0,588.0,221.40633,229.36969,220.58511,229.02129,15481506.0,227.11008,234.88098,239.2965,244.63245,249.61734,0.027022755,-0.03282961,0.034393586,0.03596718,-0.0037091016,12.0,589.0,225.63686,226.30876,220.98326,221.97868,11583082.0,227.32907,233.29494,237.664,242.97707,247.66383,0.0962746,0.019107537,-0.016212653,0.002977845,-0.020624256,12.0,590.0,232.40572,232.90343,227.08022,228.94662,11414472.0,228.0607,232.69272,236.28038,241.53868,246.14168,0.20707776,0.02999891,-0.014883846,0.002141557,-0.022914685,12.0
587.0,228.92174,233.72464,227.9512,233.15227,13779460.0,230.7334,236.43715,241.39684,246.33661,251.92009,0.15004662,-0.012982803,0.01848027,0.020980528,-0.004239618,12.0,588.0,221.40633,229.36969,220.58511,229.02129,15481506.0,227.11008,234.88098,239.2965,244.63245,249.61734,0.027022755,-0.03282961,0.034393586,0.03596718,-0.0037091016,12.0,589.0,225.63686,226.30876,220.98326,221.97868,11583082.0,227.32907,233.29494,237.664,242.97707,247.66383,0.0962746,0.019107537,-0.016212653,0.002977845,-0.020624256,12.0,590.0,232.40572,232.90343,227.08022,228.94662,11414472.0,228.0607,232.69272,236.28038,241.53868,246.14168,0.20707776,0.02999891,-0.014883846,0.002141557,-0.022914685,12.0,591.0,237.03441,239.64738,235.4915,235.4915,12291148.0,229.08101,232.46378,235.47035,240.3153,244.7655,0.28284734,0.019916432,-0.0065091993,0.011023622,-0.0065091993,12.0
588.0,221.40633,229.36969,220.58511,229.02129,15481506.0,227.11008,234.88098,239.2965,244.63245,249.61734,0.027022755,-0.03282961,0.034393586,0.03596718,-0.0037091016,12.0,589.0,225.63686,226.30876,220.98326,221.97868,11583082.0,227.32907,233.29494,237.664,242.97707,247.66383,0.0962746,0.019107537,-0.016212653,0.002977845,-0.020624256,12.0,590.0,232.40572,232.90343,227.08022,228.94662,11414472.0,228.0607,232.69272,236.28038,241.53868,246.14168,0.20707776,0.02999891,-0.014883846,0.002141557,-0.022914685,12.0,591.0,237.03441,239.64738,235.4915,235.4915,12291148.0,229.08101,232.46378,235.47035,240.3153,244.7655,0.28284734,0.019916432,-0.0065091993,0.011023622,-0.0065091993,12.0,592.0,237.93027,239.2741,234.12279,236.8602,31587004.0,230.88272,232.47704,235.04854,239.294,243.76096,0.29751214,0.003779446,-0.0044974247,0.0056479704,-0.016002499,12.0
589.0,225.63686,226.30876,220.98326,221.97868,11583082.0,227.32907,233.29494,237.664,242.97707,247.66383,0.0962746,0.019107537,-0.016212653,0.002977845,-0.020624256,12.0,590.0,232.40572,232.90343,227.08022,228.94662,11414472.0,228.0607,232.69272,236.28038,241.53868,246.14168,0.20707776,0.02999891,-0.014883846,0.002141557,-0.022914685,12.0,591.0,237.03441,239.64738,235.4915,235.4915,12291148.0,229.08101,232.46378,235.47035,240.3153,244.7655,0.28284734,0.019916432,-0.0065091993,0.011023622,-0.0065091993,12.0,592.0,237.93027,239.2741,234.12279,236.8602,31587004.0,230.88272,232.47704,235.04854,239.294,243.76096,0.29751214,0.003779446,-0.0044974247,0.0056479704,-0.016002499,12.0,593.0,234.29701,238.37823,233.17717,238.37823,10514566.0,233.46085,232.43889,234.52596,238.12936,242.77052,0.23803742,-0.015270252,0.017419038,0.017419038,-0.004779607,12.0
590.0,232.40572,232.90343,227.08022,228.94662,11414472.0,228.0607,232.69272,236.28038,241.53868,246.14168,0.20707776,0.02999891,-0.014883846,0.002141557,-0.022914685,12.0,591.0,237.03441,239.64738,235.4915,235.4915,12291148.0,229.08101,232.46378,235.47035,240.3153,244.7655,0.28284734,0.019916432,-0.0065091993,0.011023622,-0.0065091993,12.0,592.0,237.93027,239.2741,234.12279,236.8602,31587004.0,230.88272,232.47704,235.04854,239.294,243.76096,0.29751214,0.003779446,-0.0044974247,0.0056479704,-0.016002499,12.0,593.0,234.29701,238.37823,233.17717,238.37823,10514566.0,233.46085,232.43889,234.52596,238.12936,242.77052,0.23803742,-0.015270252,0.017419038,0.017419038,-0.004779607,12.0,594.0,235.98921,237.13396,232.97807,234.8196,10535040.0,235.53133,232.4505,233.85403,237.23747,241.73611,0.26573795,0.0072224555,-0.0049562505,0.0048508244,-0.012759649,12.0
591.0,237.03441,239.64738,235.4915,235.4915,12291148.0,229.08101,232.46378,235.47035,240.3153,244.7655,0.28284734,0.019916432,-0.0065091993,0.011023622,-0.0065091993,12.0,592.0,237.93027,239.2741,234.12279,236.8602,31587004.0,230.88272,232.47704,235.04854,239.294,243.76096,0.29751214,0.003779446,-0.0044974247,0.0056479704,-0.016002499,12.0,593.0,234.29701,238.37823,233.17717,238.37823,10514566.0,233.46085,232.43889,234.52596,238.12936,242.77052,0.23803742,-0.015270252,0.017419038,0.017419038,-0.004779607,12.0,594.0,235.98921,237.13396,232.97807,234.8196,10535040.0,235.53133,232.4505,233.85403,237.23747,241.73611,0.26573795,0.0072224555,-0.0049562505,0.0048508244,-0.012759649,12.0,595.0,236.66112,242.88249,236.1634,238.72661,23269778.0,236.3824,232.67778,233.61514,236.30078,240.6793,0.27673674,0.0028471875,0.008727643,0.026288118,-0.0021030493,12.0
592.0,237.93027,239.2741,234.12279,236.8602,31587004.0,230.88272,232.47704,235.04854,239.294,243.76096,0.29751214,0.003779446,-0.0044974247,0.0056479704,-0.016002499,12.0,593.0,234.29701,238.37823,233.17717,238.37823,10514566.0,233.46085,232.43889,234.52596,238.12936,242.77052,0.23803742,-0.015270252,0.017419038,0.017419038,-0.004779607,12.0,594.0,235.98921,237.13396,232.97807,234.8196,10535040.0,235.53133,232.4505,233.85403,237.23747,241.73611,0.26573795,0.0072224555,-0.0049562505,0.0048508244,-0.012759649,12.0,595.0,236.66112,242.88249,236.1634,238.72661,23269778.0,236.3824,232.67778,233.61514,236.30078,240.6793,0.27673674,0.0028471875,0.008727643,0.026288118,-0.0021030493,12.0,596.0,235.5164,236.66113,231.03702,234.91914,13791156.0,236.0788,232.85033,233.36752,235.59204,239.60922,0.2579983,-0.0048369346,-0.0025359513,0.004860498,-0.019019442,12.0
593.0,234.29701,238.37823,233.17717,238.37823,10514566.0,233.46085,232.43889,234.52596,238.12936,242.77052,0.23803742,-0.015270252,0.017419038,0.017419038,-0.004779607,12.0,594.0,235.98921,237.13396,232.97807,234.8196,10535040.0,235.53133,232.4505,233.85403,237.23747,241.73611,0.26573795,0.0072224555,-0.0049562505,0.0048508244,-0.012759649,12.0,595.0,236.66112,242.88249,236.1634,238.72661,23269778.0,236.3824,232.67778,233.61514,236.30078,240.6793,0.27673674,0.0028471875,0.008727643,0.026288118,-0.0021030493,12.0,596.0,235.5164,236.66113,231.03702,234.91914,13791156.0,236.0788,232.85033,233.36752,235.59204,239.60922,0.2579983,-0.0048369346,-0.0025359513,0.004860498,-0.019019442,12.0,597.0,232.7541,234.29701,231.50983,233.92372,4701342.0,235.04356,232.2199,233.11867,235.04755,238.5856,0.21278071,-0.011728689,0.0050251386,0.006628902,-0.005345878,12.0
594.0,235.98921,237.13396,232.97807,234.8196,10535040.0,235.53133,232.4505,233.85403,237.23747,241.73611,0.26573795,0.0072224555,-0.0049562505,0.0048508244,-0.012759649,12.0,595.0,236.66112,242.88249,236.1634,238.72661,23269778.0,236.3824,232.67778,233.61514,236.30078,240.6793,0.27673674,0.0028471875,0.008727643,0.026288118,-0.0021030493,12.0,596.0,235.5164,236.66113,231.03702,234.91914,13791156.0,236.0788,232.85033,233.36752,235.59204,239.60922,0.2579983,-0.0048369346,-0.0025359513,0.004860498,-0.019019442,12.0,597.0,232.7541,234.29701,231.50983,233.92372,4701342.0,235.04356,232.2199,233.11867,235.04755,238.5856,0.21278071,-0.011728689,0.0050251386,0.006628902,-0.005345878,12.0,598.0,234.1228,234.91914,231.08676,234.4463,5627652.0,235.00873,231.85988,233.08134,234.6225,237.60927,0.23518568,0.0058804466,0.0013817898,0.0034013735,-0.0129677,12.0
595.0,236.66112,242.88249,236.1634,238.72661,23269778.0,236.3824,232.67778,233.61514,236.30078,240.6793,0.27673674,0.0028471875,0.008727643,0.026288118,-0.0021030493,12.0,596.0,235.5164,236.66113,231.03702,234.91914,13791156.0,236.0788,232.85033,233.36752,235.59204,239.60922,0.2579983,-0.0048369346,-0.0025359513,0.004860498,-0.019019442,12.0,597.0,232.7541,234.29701,231.50983,233.92372,4701342.0,235.04356,232.2199,233.11867,235.04755,238.5856,0.21278071,-0.011728689,0.0050251386,0.006628902,-0.005345878,12.0,598.0,234.1228,234.91914,231.08676,234.4463,5627652.0,235.00873,231.85988,233.08134,234.6225,237.60927,0.23518568,0.0058804466,0.0013817898,0.0034013735,-0.0129677,12.0,599.0,236.43715,236.98463,231.06189,232.45547,7402238.0,235.09831,232.65291,233.11246,234.10289,236.88095,0.27307048,0.009885181,-0.016840333,0.0023155587,-0.022734424,12.0
596.0,235.5164,236.66113,231.03702,234.91914,13791156.0,236.0788,232.85033,233.36752,235.59204,239.60922,0.2579983,-0.0048369346,-0.0025359513,0.004860498,-0.019019442,12.0,597.0,232.7541,234.29701,231.50983,233.92372,4701342.0,235.04356,232.2199,233.11867,235.04755,238.5856,0.21278071,-0.011728689,0.0050251386,0.006628902,-0.005345878,12.0,598.0,234.1228,234.91914,231.08676,234.4463,5627652.0,235.00873,231.85988,233.08134,234.6225,237.60927,0.23518568,0.0058804466,0.0013817898,0.0034013735,-0.0129677,12.0,599.0,236.43715,236.98463,231.06189,232.45547,7402238.0,235.09831,232.65291,233.11246,234.10289,236.88095,0.27307048,0.009885181,-0.016840333,0.0023155587,-0.022734424,12.0,600.0,229.41945,232.53014,227.10509,232.53014,17453098.0,233.64998,232.6977,232.92084,233.6221,235.85898,0.15819392,-0.029681038,0.013558954,0.013558954,-0.010087915,12.0
597.0,232.7541,234.29701,231.50983,233.92372,4701342.0,235.04356,232.2199,233.11867,235.04755,238.5856,0.21278071,-0.011728689,0.0050251386,0.006628902,-0.005345878,12.0,598.0,234.1228,234.91914,231.08676,234.4463,5627652.0,235.00873,231.85988,233.08134,234.6225,237.60927,0.23518568,0.0058804466,0.0013817898,0.0034013735,-0.0129677,12.0,599.0,236.43715,236.98463,231.06189,232.45547,7402238.0,235.09831,232.65291,233.11246,234.10289,236.88095,0.27307048,0.009885181,-0.016840333,0.0023155587,-0.022734424,12.0,600.0,229.41945,232.53014,227.10509,232.53014,17453098.0,233.64998,232.6977,232.92084,233.6221,235.85898,0.15819392,-0.029681038,0.013558954,0.013558954,-0.010087915,12.0,601.0,222.02844,225.46263,221.48096,223.99438,14130822.0,230.9524,232.0374,232.37584,232.8845,234.81877,0.037206512,-0.032216128,0.008854476,0.01546737,-0.0024658286,12.0
598.0,234.1228,234.91914,231.08676,234.4463,5627652.0,235.00873,231.85988,233.08134,234.6225,237.60927,0.23518568,0.0058804466,0.0013817898,0.0034013735,-0.0129677,12.0,599.0,236.43715,236.98463,231.06189,232.45547,7402238.0,235.09831,232.65291,233.11246,234.10289,236.88095,0.27307048,0.009885181,-0.016840333,0.0023155587,-0.022734424,12.0,600.0,229.41945,232.53014,227.10509,232.53014,17453098.0,233.64998,232.6977,232.92084,233.6221,235.85898,0.15819392,-0.029681038,0.013558954,0.013558954,-0.010087915,12.0,601.0,222.02844,225.46263,221.48096,223.99438,14130822.0,230.9524,232.0374,232.37584,232.8845,234.81877,0.037206512,-0.032216128,0.008854476,0.01546737,-0.0024658286,12.0,602.0,221.9289,225.81104,217.997,218.9924,13056384.0,228.78735,231.57121,231.36176,232.25241,234.00418,0.03557695,-0.0004483585,-0.013231653,0.017492753,-0.017716963,12.0
599.0,236.43715,236.98463,231.06189,232.45547,7402238.0,235.09831,232.65291,233.11246,234.10289,236.88095,0.27307048,0.009885181,-0.016840333,0.0023155587,-0.022734424,12.0,600.0,229.41945,232.53014,227.10509,232.53014,17453098.0,233.64998,232.6977,232.92084,233.6221,235.85898,0.15819392,-0.029681038,0.013558954,0.013558954,-0.010087915,12.0,601.0,222.02844,225.46263,221.48096,223.99438,14130822.0,230.9524,232.0374,232.37584,232.8845,234.81877,0.037206512,-0.032216128,0.008854476,0.01546737,-0.0024658286,12.0,602.0,221.9289,225.81104,217.997,218.9924,13056384.0,228.78735,231.57121,231.36176,232.25241,234.00418,0.03557695,-0.0004483585,-0.013231653,0.017492753,-0.017716963,12.0,603.0,219.04219,224.29303,218.64401,223.19807,11391596.0,225.77122,231.4136,230.33772,231.61932,233.1473,-0.0116770705,-0.013007335,0.018972974,0.023971796,-0.0018178102,12.0
600.0,229.41945,232.53014,227.10509,232.53014,17453098.0,233.64998,232.6977,232.92084,233.6221,235.85898,0.15819392,-0.029681038,0.013558954,0.013558954,-0.010087915,12.0,601.0,222.02844,225.46263,221.48096,223.99438,14130822.0,230.9524,232.0374,232.37584,232.8845,234.81877,0.037206512,-0.032216128,0.008854476,0.01546737,-0.0024658286,12.0,602.0,221.9289,225.81104,217.997,218.9924,13056384.0,228.78735,231.57121,231.36176,232.25241,234.00418,0.03557695,-0.0004483585,-0.013231653,0.017492753,-0.017716963,12.0,603.0,219.04219,224.29303,218.64401,223.19807,11391596.0,225.77122,231.4136,230.33772,231.61932,233.1473,-0.0116770705,-0.013007335,0.018972974,0.023971796,-0.0018178102,12.0,604.0,210.18294,222.35196,208.91379,221.97867,17944686.0,220.52039,230.38335,229.61977,230.59404,231.83914,-0.156699,-0.040445417,0.05612127,0.05789726,-0.006038333,12.0
601.0,222.02844,225.46263,221.48096,223.99438,14130822.0,230.9524,232.0374,232.37584,232.8845,234.81877,0.037206512,-0.032216128,0.008854476,0.01546737,-0.0024658286,12.0,602.0,221.9289,225.81104,217.997,218.9924,13056384.0,228.78735,231.57121,231.36176,232.25241,234.00418,0.03557695,-0.0004483585,-0.013231653,0.017492753,-0.017716963,12.0,603.0,219.04219,224.29303,218.64401,223.19807,11391596.0,225.77122,231.4136,230.33772,231.61932,233.1473,-0.0116770705,-0.013007335,0.018972974,0.023971796,-0.0018178102,12.0,604.0,210.18294,222.35196,208.91379,221.97867,17944686.0,220.52039,230.38335,229.61977,230.59404,231.83914,-0.156699,-0.040445417,0.05612127,0.05789726,-0.006038333,12.0,605.0,201.67212,208.41608,200.10432,207.04738,41550544.0,214.97092,228.33443,228.266,229.33086,230.51358,-0.29601723,-0.040492434,0.026653474,0.033440243,-0.0077739987,12.0
602.0,221.9289,225.81104,217.997,218.9924,13056384.0,228.78735,231.57121,231.36176,232.25241,234.00418,0.03557695,-0.0004483585,-0.013231653,0.017492753,-0.017716963,12.0,603.0,219.04219,224.29303,218.64401,223.19807,11391596.0,225.77122,231.4136,230.33772,231.61932,233.1473,-0.0116770705,-0.013007335,0.018972974,0.023971796,-0.0018178102,12.0,604.0,210.18294,222.35196,208.91379,221.97867,17944686.0,220.52039,230.38335,229.61977,230.59404,231.83914,-0.156699,-0.040445417,0.05612127,0.05789726,-0.006038333,12.0,605.0,201.67212,208.41608,200.10432,207.04738,41550544.0,214.97092,228.33443,228.266,229.33086,230.51358,-0.29601723,-0.040492434,0.026653474,0.033440243,-0.0077739987,12.0,606.0,206.37547,207.99303,201.14952,203.56342,20750838.0,211.84032,226.29051,226.98813,228.26874,229.37714,-0.21902546,0.023321785,-0.013625935,0.007837935,-0.025322562,12.0
603.0,219.04219,224.29303,218.64401,223.19807,11391596.0,225.77122,231.4136,230.33772,231.61932,233.1473,-0.0116770705,-0.013007335,0.018972974,0.023971796,-0.0018178102,12.0,604.0,210.18294,222.35196,208.91379,221.97867,17944686.0,220.52039,230.38335,229.61977,230.59404,231.83914,-0.156699,-0.040445417,0.05612127,0.05789726,-0.006038333,12.0,605.0,201.67212,208.41608,200.10432,207.04738,41550544.0,214.97092,228.33443,228.266,229.33086,230.51358,-0.29601723,-0.040492434,0.026653474,0.033440243,-0.0077739987,12.0,606.0,206.37547,207.99303,201.14952,203.56342,20750838.0,211.84032,226.29051,226.98813,228.26874,229.37714,-0.21902546,0.023321785,-0.013625935,0.007837935,-0.025322562,12.0,607.0,211.60141,212.39775,207.37088,209.03821,12187804.0,209.77483,224.53525,226.12212,227.04437,228.50615,-0.13347927,0.02532247,-0.012113358,0.003763392,-0.019992944,12.0
604.0,210.18294,222.35196,208.91379,221.97867,17944686.0,220.52039,230.38335,229.61977,230.59404,231.83914,-0.156699,-0.040445417,0.05612127,0.05789726,-0.006038333,12.0,605.0,201.67212,208.41608,200.10432,207.04738,41550544.0,214.97092,228.33443,228.266,229.33086,230.51358,-0.29601723,-0.040492434,0.026653474,0.033440243,-0.0077739987,12.0,606.0,206.37547,207.99303,201.14952,203.56342,20750838.0,211.84032,226.29051,226.98813,228.26874,229.37714,-0.21902546,0.023321785,-0.013625935,0.007837935,-0.025322562,12.0,607.0,211.60141,212.39775,207.37088,209.03821,12187804.0,209.77483,224.53525,226.12212,227.04437,228.50615,-0.13347927,0.02532247,-0.012113358,0.003763392,-0.019992944,12.0,608.0,204.68326,210.38205,204.21043,210.38205,16202862.0,206.90305,222.561,225.28596,225.65079,227.49994,-0.24672626,-0.03269426,0.027841974,0.027841974,-0.00231006,12.0
605.0,201.67212,208.41608,200.10432,207.04738,41550544.0,214.97092,228.33443,228.266,229.33086,230.51358,-0.29601723,-0.040492434,0.026653474,0.033440243,-0.0077739987,12.0,606.0,206.37547,207.99303,201.14952,203.56342,20750838.0,211.84032,226.29051,226.98813,228.26874,229.37714,-0.21902546,0.023321785,-0.013625935,0.007837935,-0.025322562,12.0,607.0,211.60141,212.39775,207.37088,209.03821,12187804.0,209.77483,224.53525,226.12212,227.04437,228.50615,-0.13347927,0.02532247,-0.012113358,0.003763392,-0.019992944,12.0,608.0,204.68326,210.38205,204.21043,210.38205,16202862.0,206.90305,222.561,225.28596,225.65079,227.49994,-0.24672626,-0.03269426,0.027841974,0.027841974,-0.00231006,12.0,609.0,208.56538,209.43637,204.70813,205.30539,19655010.0,206.57953,220.73274,224.43239,225.01172,226.59161,-0.18317762,0.018966503,-0.015630564,0.004176113,-0.018494213,12.0
606.0,206.37547,207.99303,201.14952,203.56342,20750838.0,211.84032,226.29051,226.98813,228.26874,229.37714,-0.21902546,0.023321785,-0.013625935,0.007837935,-0.025322562,12.0,607.0,211.60141,212.39775,207.37088,209.03821,12187804.0,209.77483,224.53525,226.12212,227.04437,228.50615,-0.13347927,0.02532247,-0.012113358,0.003763392,-0.019992944,12.0,608.0,204.68326,210.38205,204.21043,210.38205,16202862.0,206.90305,222.561,225.28596,225.65079,227.49994,-0.24672626,-0.03269426,0.027841974,0.027841974,-0.00231006,12.0,609.0,208.56538,209.43637,204.70813,205.30539,19655010.0,206.57953,220.73274,224.43239,225.01172,226.59161,-0.18317762,0.018966503,-0.015630564,0.004176113,-0.018494213,12.0,610.0,208.41608,212.02448,206.92294,209.53592,15362102.0,207.92831,218.84975,223.23291,224.19847,225.76376,-0.18562172,-0.00071587745,0.0053731343,0.017313432,-0.007164179,12.0
607.0,211.60141,212.39775,207.37088,209.03821,12187804.0,209.77483,224.53525,226.12212,227.04437,228.50615,-0.13347927,0.02532247,-0.012113358,0.003763392,-0.019992944,12.0,608.0,204.68326,210.38205,204.21043,210.38205,16202862.0,206.90305,222.561,225.28596,225.65079,227.49994,-0.24672626,-0.03269426,0.027841974,0.027841974,-0.00231006,12.0,609.0,208.56538,209.43637,204.70813,205.30539,19655010.0,206.57953,220.73274,224.43239,225.01172,226.59161,-0.18317762,0.018966503,-0.015630564,0.004176113,-0.018494213,12.0,610.0,208.41608,212.02448,206.92294,209.53592,15362102.0,207.92831,218.84975,223.23291,224.19847,225.76376,-0.18562172,-0.00071587745,0.0053731343,0.017313432,-0.007164179,12.0,611.0,211.47699,214.3886,211.02905,212.52219,12447870.0,208.94862,217.24712,221.95503,223.38023,225.04872,-0.13551596,0.01468655,0.004942354,0.01376796,-0.0021181311,12.0
608.0,204.68326,210.38205,204.21043,210.38205,16202862.0,206.90305,222.561,225.28596,225.65079,227.49994,-0.24672626,-0.03269426,0.027841974,0.027841974,-0.00231006,12.0,609.0,208.56538,209.43637,204.70813,205.30539,19655010.0,206.57953,220.73274,224.43239,225.01172,226.59161,-0.18317762,0.018966503,-0.015630564,0.004176113,-0.018494213,12.0,610.0,208.41608,212.02448,206.92294,209.53592,15362102.0,207.92831,218.84975,223.23291,224.19847,225.76376,-0.18562172,-0.00071587745,0.0053731343,0.017313432,-0.007164179,12.0,611.0,211.47699,214.3886,211.02905,212.52219,12447870.0,208.94862,217.24712,221.95503,223.38023,225.04872,-0.13551596,0.01468655,0.004942354,0.01376796,-0.0021181311,12.0,612.0,212.64662,213.56738,206.89807,210.03365,12091828.0,209.15767,215.90662,220.69086,222.72922,224.06325,-0.11636962,0.0055307765,-0.012287888,0.004330032,-0.027033323,12.0
609.0,208.56538,209.43637,204.70813,205.30539,19655010.0,206.57953,220.73274,224.43239,225.01172,226.59161,-0.18317762,0.018966503,-0.015630564,0.004176113,-0.018494213,12.0,610.0,208.41608,212.02448,206.92294,209.53592,15362102.0,207.92831,218.84975,223.23291,224.19847,225.76376,-0.18562172,-0.00071587745,0.0053731343,0.017313432,-0.007164179,12.0,611.0,211.47699,214.3886,211.02905,212.52219,12447870.0,208.94862,217.24712,221.95503,223.38023,225.04872,-0.13551596,0.01468655,0.004942354,0.01376796,-0.0021181311,12.0,612.0,212.64662,213.56738,206.89807,210.03365,12091828.0,209.15767,215.90662,220.69086,222.72922,224.06325,-0.11636962,0.0055307765,-0.012287888,0.004330032,-0.027033323,12.0,613.0,209.4115,211.42722,207.74417,209.03822,16684176.0,210.10332,214.25919,219.44658,222.24944,223.05954,-0.16932711,-0.01521361,-0.0017825312,0.00962564,-0.0079619875,12.0
610.0,208.41608,212.02448,206.92294,209.53592,15362102.0,207.92831,218.84975,223.23291,224.19847,225.76376,-0.18562172,-0.00071587745,0.0053731343,0.017313432,-0.007164179,12.0,611.0,211.47699,214.3886,211.02905,212.52219,12447870.0,208.94862,217.24712,221.95503,223.38023,225.04872,-0.13551596,0.01468655,0.004942354,0.01376796,-0.0021181311,12.0,612.0,212.64662,213.56738,206.89807,210.03365,12091828.0,209.15767,215.90662,220.69086,222.72922,224.06325,-0.11636962,0.0055307765,-0.012287888,0.004330032,-0.027033323,12.0,613.0,209.4115,211.42722,207.74417,209.03822,16684176.0,210.10332,214.25919,219.44658,222.24944,223.05954,-0.16932711,-0.01521361,-0.0017825312,0.00962564,-0.0079619875,12.0,614.0,207.07225,210.53134,206.54967,209.98386,12123284.0,209.80469,212.30153,218.00073,221.50685,222.47722,-0.20761955,-0.011170584,0.014060825,0.016704753,-0.0025237058,12.0
611.0,211.47699,214.3886,211.02905,212.52219,12447870.0,208.94862,217.24712,221.95503,223.38023,225.04872,-0.13551596,0.01468655,0.004942354,0.01376796,-0.0021181311,12.0,612.0,212.64662,213.56738,206.89807,210.03365,12091828.0,209.15767,215.90662,220.69086,222.72922,224.06325,-0.11636962,0.0055307765,-0.012287888,0.004330032,-0.027033323,12.0,613.0,209.4115,211.42722,207.74417,209.03822,16684176.0,210.10332,214.25919,219.44658,222.24944,223.05954,-0.16932711,-0.01521361,-0.0017825312,0.00962564,-0.0079619875,12.0,614.0,207.07225,210.53134,206.54967,209.98386,12123284.0,209.80469,212.30153,218.00073,221.50685,222.47722,-0.20761955,-0.011170584,0.014060825,0.016704753,-0.0025237058,12.0,615.0,210.03363,210.63089,204.7579,206.54967,8907248.0,210.1282,211.00914,216.66936,220.61197,221.85342,-0.1591431,0.014301192,-0.016587678,0.0028436307,-0.025118498,12.0
612.0,212.64662,213.56738,206.89807,210.03365,12091828.0,209.15767,215.90662,220.69086,222.72922,224.06325,-0.11636962,0.0055307765,-0.012287888,0.004330032,-0.027033323,12.0,613.0,209.4115,211.42722,207.74417,209.03822,16684176.0,210.10332,214.25919,219.44658,222.24944,223.05954,-0.16932711,-0.01521361,-0.0017825312,0.00962564,-0.0079619875,12.0,614.0,207.07225,210.53134,206.54967,209.98386,12123284.0,209.80469,212.30153,218.00073,221.50685,222.47722,-0.20761955,-0.011170584,0.014060825,0.016704753,-0.0025237058,12.0,615.0,210.03363,210.63089,204.7579,206.54967,8907248.0,210.1282,211.00914,216.66936,220.61197,221.85342,-0.1591431,0.014301192,-0.016587678,0.0028436307,-0.025118498,12.0,616.0,209.18753,209.90921,207.04738,209.51105,6372716.0,209.6703,210.15309,215.3529,219.4981,221.09525,-0.17299336,-0.004028402,0.0015465725,0.003449946,-0.010230759,12.0
613.0,209.4115,211.42722,207.74417,209.03822,16684176.0,210.10332,214.25919,219.44658,222.24944,223.05954,-0.16932711,-0.01521361,-0.0017825312,0.00962564,-0.0079619875,12.0,614.0,207.07225,210.53134,206.54967,209.98386,12123284.0,209.80469,212.30153,218.00073,221.50685,222.47722,-0.20761955,-0.011170584,0.014060825,0.016704753,-0.0025237058,12.0,615.0,210.03363,210.63089,204.7579,206.54967,8907248.0,210.1282,211.00914,216.66936,220.61197,221.85342,-0.1591431,0.014301192,-0.016587678,0.0028436307,-0.025118498,12.0,616.0,209.18753,209.90921,207.04738,209.51105,6372716.0,209.6703,210.15309,215.3529,219.4981,221.09525,-0.17299336,-0.004028402,0.0015465725,0.003449946,-0.010230759,12.0,617.0,205.85287,210.55623,205.57913,209.5857,11513210.0,208.31155,209.08134,214.00784,218.215,220.32628,-0.22758016,-0.015940987,0.018133461,0.022848118,-0.0013298314,12.0
614.0,207.07225,210.53134,206.54967,209.98386,12123284.0,209.80469,212.30153,218.00073,221.50685,222.47722,-0.20761955,-0.011170584,0.014060825,0.016704753,-0.0025237058,12.0,615.0,210.03363,210.63089,204.7579,206.54967,8907248.0,210.1282,211.00914,216.66936,220.61197,221.85342,-0.1591431,0.014301192,-0.016587678,0.0028436307,-0.025118498,12.0,616.0,209.18753,209.90921,207.04738,209.51105,6372716.0,209.6703,210.15309,215.3529,219.4981,221.09525,-0.17299336,-0.004028402,0.0015465725,0.003449946,-0.010230759,12.0,617.0,205.85287,210.55623,205.57913,209.5857,11513210.0,208.31155,209.08134,214.00784,218.215,220.32628,-0.22758016,-0.015940987,0.018133461,0.022848118,-0.0013298314,12.0,618.0,207.07225,208.34142,205.60402,208.34142,10522910.0,207.8437,208.28336,212.65532,217.126,219.84848,-0.20761955,0.0059235296,0.0061291154,0.0061291154,-0.0070904503,12.0
615.0,210.03363,210.63089,204.7579,206.54967,8907248.0,210.1282,211.00914,216.66936,220.61197,221.85342,-0.1591431,0.014301192,-0.016587678,0.0028436307,-0.025118498,12.0,616.0,209.18753,209.90921,207.04738,209.51105,6372716.0,209.6703,210.15309,215.3529,219.4981,221.09525,-0.17299336,-0.004028402,0.0015465725,0.003449946,-0.010230759,12.0,617.0,205.85287,210.55623,205.57913,209.5857,11513210.0,208.31155,209.08134,214.00784,218.215,220.32628,-0.22758016,-0.015940987,0.018133461,0.022848118,-0.0013298314,12.0,618.0,207.07225,208.34142,205.60402,208.34142,10522910.0,207.8437,208.28336,212.65532,217.126,219.84848,-0.20761955,0.0059235296,0.0061291154,0.0061291154,-0.0070904503,12.0,619.0,209.43639,211.00418,207.64464,209.03822,10706024.0,208.31653,208.23358,211.30528,216.06389,219.30846,-0.16891971,0.0114169605,-0.0019011117,0.0074857995,-0.008555075,12.0
616.0,209.18753,209.90921,207.04738,209.51105,6372716.0,209.6703,210.15309,215.3529,219.4981,221.09525,-0.17299336,-0.004028402,0.0015465725,0.003449946,-0.010230759,12.0,617.0,205.85287,210.55623,205.57913,209.5857,11513210.0,208.31155,209.08134,214.00784,218.215,220.32628,-0.22758016,-0.015940987,0.018133461,0.022848118,-0.0013298314,12.0,618.0,207.07225,208.34142,205.60402,208.34142,10522910.0,207.8437,208.28336,212.65532,217.126,219.84848,-0.20761955,0.0059235296,0.0061291154,0.0061291154,-0.0070904503,12.0,619.0,209.43639,211.00418,207.64464,209.03822,10706024.0,208.31653,208.23358,211.30528,216.06389,219.30846,-0.16891971,0.0114169605,-0.0019011117,0.0074857995,-0.008555075,12.0,620.0,208.59027,211.37746,207.3211,211.02905,9535432.0,208.02786,208.6948,210.26382,214.94106,218.51462,-0.18277024,-0.0040399623,0.011691705,0.01336198,-0.00608451,12.0
617.0,205.85287,210.55623,205.57913,209.5857,11513210.0,208.31155,209.08134,214.00784,218.215,220.32628,-0.22758016,-0.015940987,0.018133461,0.022848118,-0.0013298314,12.0,618.0,207.07225,208.34142,205.60402,208.34142,10522910.0,207.8437,208.28336,212.65532,217.126,219.84848,-0.20761955,0.0059235296,0.0061291154,0.0061291154,-0.0070904503,12.0,619.0,209.43639,211.00418,207.64464,209.03822,10706024.0,208.31653,208.23358,211.30528,216.06389,219.30846,-0.16891971,0.0114169605,-0.0019011117,0.0074857995,-0.008555075,12.0,620.0,208.59027,211.37746,207.3211,211.02905,9535432.0,208.02786,208.6948,210.26382,214.94106,218.51462,-0.18277024,-0.0040399623,0.011691705,0.01336198,-0.00608451,12.0,621.0,204.65837,206.54967,201.8463,206.42523,16689574.0,207.12202,208.58032,209.39532,213.70674,217.43541,-0.24713364,-0.018849872,0.008633238,0.009241215,-0.013740331,12.0
618.0,207.07225,208.34142,205.60402,208.34142,10522910.0,207.8437,208.28336,212.65532,217.126,219.84848,-0.20761955,0.0059235296,0.0061291154,0.0061291154,-0.0070904503,12.0,619.0,209.43639,211.00418,207.64464,209.03822,10706024.0,208.31653,208.23358,211.30528,216.06389,219.30846,-0.16891971,0.0114169605,-0.0019011117,0.0074857995,-0.008555075,12.0,620.0,208.59027,211.37746,207.3211,211.02905,9535432.0,208.02786,208.6948,210.26382,214.94106,218.51462,-0.18277024,-0.0040399623,0.011691705,0.01336198,-0.00608451,12.0,621.0,204.65837,206.54967,201.8463,206.42523,16689574.0,207.12202,208.58032,209.39532,213.70674,217.43541,-0.24713364,-0.018849872,0.008633238,0.009241215,-0.013740331,12.0,622.0,203.63806,206.47502,203.0657,203.56342,9777472.0,206.67906,208.04942,208.48077,212.5421,216.29234,-0.26383564,-0.0049854275,-0.0003665988,0.013931351,-0.0028106903,12.0
619.0,209.43639,211.00418,207.64464,209.03822,10706024.0,208.31653,208.23358,211.30528,216.06389,219.30846,-0.16891971,0.0114169605,-0.0019011117,0.0074857995,-0.008555075,12.0,620.0,208.59027,211.37746,207.3211,211.02905,9535432.0,208.02786,208.6948,210.26382,214.94106,218.51462,-0.18277024,-0.0040399623,0.011691705,0.01336198,-0.00608451,12.0,621.0,204.65837,206.54967,201.8463,206.42523,16689574.0,207.12202,208.58032,209.39532,213.70674,217.43541,-0.24713364,-0.018849872,0.008633238,0.009241215,-0.013740331,12.0,622.0,203.63806,206.47502,203.0657,203.56342,9777472.0,206.67906,208.04942,208.48077,212.5421,216.29234,-0.26383564,-0.0049854275,-0.0003665988,0.013931351,-0.0028106903,12.0,623.0,202.41869,205.05655,201.74678,205.05655,11956780.0,205.74835,207.89845,207.6496,211.27393,215.22972,-0.28379628,-0.0059879553,0.0130316885,0.0130316885,-0.003319415,12.0
620.0,208.59027,211.37746,207.3211,211.02905,9535432.0,208.02786,208.6948,210.26382,214.94106,218.51462,-0.18277024,-0.0040399623,0.011691705,0.01336198,-0.00608451,12.0,621.0,204.65837,206.54967,201.8463,206.42523,16689574.0,207.12202,208.58032,209.39532,213.70674,217.43541,-0.24713364,-0.018849872,0.008633238,0.009241215,-0.013740331,12.0,622.0,203.63806,206.47502,203.0657,203.56342,9777472.0,206.67906,208.04942,208.48077,212.5421,216.29234,-0.26383564,-0.0049854275,-0.0003665988,0.013931351,-0.0028106903,12.0,623.0,202.41869,205.05655,201.74678,205.05655,11956780.0,205.74835,207.89845,207.6496,211.27393,215.22972,-0.28379628,-0.0059879553,0.0130316885,0.0130316885,-0.003319415,12.0,624.0,199.8057,204.35974,199.33287,204.35974,13161242.0,203.82222,207.31448,207.13074,209.80867,214.0236,-0.32656974,-0.012908844,0.022792362,0.022792362,-0.002366452,12.0
621.0,204.65837,206.54967,201.8463,206.42523,16689574.0,207.12202,208.58032,209.39532,213.70674,217.43541,-0.24713364,-0.018849872,0.008633238,0.009241215,-0.013740331,12.0,622.0,203.63806,206.47502,203.0657,203.56342,9777472.0,206.67906,208.04942,208.48077,212.5421,216.29234,-0.26383564,-0.0049854275,-0.0003665988,0.013931351,-0.0028106903,12.0,623.0,202.41869,205.05655,201.74678,205.05655,11956780.0,205.74835,207.89845,207.6496,211.27393,215.22972,-0.28379628,-0.0059879553,0.0130316885,0.0130316885,-0.003319415,12.0,624.0,199.8057,204.35974,199.33287,204.35974,13161242.0,203.82222,207.31448,207.13074,209.80867,214.0236,-0.32656974,-0.012908844,0.022792362,0.022792362,-0.002366452,12.0,625.0,196.0231,201.12463,194.60463,199.55684,22328354.0,201.30878,206.48828,206.8483,208.47281,212.669,-0.38848907,-0.018931355,0.018027183,0.026025137,-0.007236273,12.0
622.0,203.63806,206.47502,203.0657,203.56342,9777472.0,206.67906,208.04942,208.48077,212.5421,216.29234,-0.26383564,-0.0049854275,-0.0003665988,0.013931351,-0.0028106903,12.0,623.0,202.41869,205.05655,201.74678,205.05655,11956780.0,205.74835,207.89845,207.6496,211.27393,215.22972,-0.28379628,-0.0059879553,0.0130316885,0.0130316885,-0.003319415,12.0,624.0,199.8057,204.35974,199.33287,204.35974,13161242.0,203.82222,207.31448,207.13074,209.80867,214.0236,-0.32656974,-0.012908844,0.022792362,0.022792362,-0.002366452,12.0,625.0,196.0231,201.12463,194.60463,199.55684,22328354.0,201.30878,206.48828,206.8483,208.47281,212.669,-0.38848907,-0.018931355,0.018027183,0.026025137,-0.007236273,12.0,626.0,201.44814,201.92096,197.41669,198.5863,13632394.0,200.66673,205.81969,206.60193,207.6496,211.5334,-0.29968375,0.027675482,-0.0142063005,0.002347158,-0.020012368,12.0
623.0,202.41869,205.05655,201.74678,205.05655,11956780.0,205.74835,207.89845,207.6496,211.27393,215.22972,-0.28379628,-0.0059879553,0.0130316885,0.0130316885,-0.003319415,12.0,624.0,199.8057,204.35974,199.33287,204.35974,13161242.0,203.82222,207.31448,207.13074,209.80867,214.0236,-0.32656974,-0.012908844,0.022792362,0.022792362,-0.002366452,12.0,625.0,196.0231,201.12463,194.60463,199.55684,22328354.0,201.30878,206.48828,206.8483,208.47281,212.669,-0.38848907,-0.018931355,0.018027183,0.026025137,-0.007236273,12.0,626.0,201.44814,201.92096,197.41669,198.5863,13632394.0,200.66673,205.81969,206.60193,207.6496,211.5334,-0.29968375,0.027675482,-0.0142063005,0.002347158,-0.020012368,12.0,627.0,201.89607,202.96614,199.68127,200.57715,12897178.0,200.31834,205.10298,206.11665,206.8483,210.5048,-0.29235122,0.0022235848,-0.0065327105,0.0053001205,-0.010970003,12.0
624.0,199.8057,204.35974,199.33287,204.35974,13161242.0,203.82222,207.31448,207.13074,209.80867,214.0236,-0.32656974,-0.012908844,0.022792362,0.022792362,-0.002366452,12.0,625.0,196.0231,201.12463,194.60463,199.55684,22328354.0,201.30878,206.48828,206.8483,208.47281,212.669,-0.38848907,-0.018931355,0.018027183,0.026025137,-0.007236273,12.0,626.0,201.44814,201.92096,197.41669,198.5863,13632394.0,200.66673,205.81969,206.60193,207.6496,211.5334,-0.29968375,0.027675482,-0.0142063005,0.002347158,-0.020012368,12.0,627.0,201.89607,202.96614,199.68127,200.57715,12897178.0,200.31834,205.10298,206.11665,206.8483,210.5048,-0.29235122,0.0022235848,-0.0065327105,0.0053001205,-0.010970003,12.0,628.0,205.10631,207.79395,202.61775,204.45927,25237412.0,200.85587,204.81598,206.13782,206.29086,209.53758,-0.23980112,0.015900437,-0.0031546184,0.013103601,-0.012132977,12.0
625.0,196.0231,201.12463,194.60463,199.55684,22328354.0,201.30878,206.48828,206.8483,208.47281,212.669,-0.38848907,-0.018931355,0.018027183,0.026025137,-0.007236273,12.0,626.0,201.44814,201.92096,197.41669,198.5863,13632394.0,200.66673,205.81969,206.60193,207.6496,211.5334,-0.29968375,0.027675482,-0.0142063005,0.002347158,-0.020012368,12.0,627.0,201.89607,202.96614,199.68127,200.57715,12897178.0,200.31834,205.10298,206.11665,206.8483,210.5048,-0.29235122,0.0022235848,-0.0065327105,0.0053001205,-0.010970003,12.0,628.0,205.10631,207.79395,202.61775,204.45927,25237412.0,200.85587,204.81598,206.13782,206.29086,209.53758,-0.23980112,0.015900437,-0.0031546184,0.013103601,-0.012132977,12.0,629.0,206.05196,207.79395,200.37807,203.48875,45382344.0,202.10512,204.74796,206.01213,206.12561,208.52475,-0.22432129,0.0046105273,-0.012439598,0.008454106,-0.027536217,12.0
626.0,201.44814,201.92096,197.41669,198.5863,13632394.0,200.66673,205.81969,206.60193,207.6496,211.5334,-0.29968375,0.027675482,-0.0142063005,0.002347158,-0.020012368,12.0,627.0,201.89607,202.96614,199.68127,200.57715,12897178.0,200.31834,205.10298,206.11665,206.8483,210.5048,-0.29235122,0.0022235848,-0.0065327105,0.0053001205,-0.010970003,12.0,628.0,205.10631,207.79395,202.61775,204.45927,25237412.0,200.85587,204.81598,206.13782,206.29086,209.53758,-0.23980112,0.015900437,-0.0031546184,0.013103601,-0.012132977,12.0,629.0,206.05196,207.79395,200.37807,203.48875,45382344.0,202.10512,204.74796,206.01213,206.12561,208.52475,-0.22432129,0.0046105273,-0.012439598,0.008454106,-0.027536217,12.0,630.0,204.48418,207.74417,203.58829,206.92296,15468542.0,203.79733,204.37799,205.81554,206.2381,207.69357,-0.24998513,-0.0076086614,0.011926479,0.015942529,-0.0043812054,12.0
627.0,201.89607,202.96614,199.68127,200.57715,12897178.0,200.31834,205.10298,206.11665,206.8483,210.5048,-0.29235122,0.0022235848,-0.0065327105,0.0053001205,-0.010970003,12.0,628.0,205.10631,207.79395,202.61775,204.45927,25237412.0,200.85587,204.81598,206.13782,206.29086,209.53758,-0.23980112,0.015900437,-0.0031546184,0.013103601,-0.012132977,12.0,629.0,206.05196,207.79395,200.37807,203.48875,45382344.0,202.10512,204.74796,206.01213,206.12561,208.52475,-0.22432129,0.0046105273,-0.012439598,0.008454106,-0.027536217,12.0,630.0,204.48418,207.74417,203.58829,206.92296,15468542.0,203.79733,204.37799,205.81554,206.2381,207.69357,-0.24998513,-0.0076086614,0.011926479,0.015942529,-0.0043812054,12.0,631.0,206.45012,206.87317,203.33943,204.30997,12535662.0,204.79773,204.1955,205.5642,206.24109,207.17429,-0.21780355,0.009614154,-0.010366413,0.002049195,-0.015067503,12.0
628.0,205.10631,207.79395,202.61775,204.45927,25237412.0,200.85587,204.81598,206.13782,206.29086,209.53758,-0.23980112,0.015900437,-0.0031546184,0.013103601,-0.012132977,12.0,629.0,206.05196,207.79395,200.37807,203.48875,45382344.0,202.10512,204.74796,206.01213,206.12561,208.52475,-0.22432129,0.0046105273,-0.012439598,0.008454106,-0.027536217,12.0,630.0,204.48418,207.74417,203.58829,206.92296,15468542.0,203.79733,204.37799,205.81554,206.2381,207.69357,-0.24998513,-0.0076086614,0.011926479,0.015942529,-0.0043812054,12.0,631.0,206.45012,206.87317,203.33943,204.30997,12535662.0,204.79773,204.1955,205.5642,206.24109,207.17429,-0.21780355,0.009614154,-0.010366413,0.002049195,-0.015067503,12.0,632.0,201.67212,206.74875,201.22417,206.45012,15186298.0,204.75293,203.91678,205.01547,205.84392,206.49907,-0.29601723,-0.023143604,0.023691943,0.025172709,-0.0022211855,12.0
629.0,206.05196,207.79395,200.37807,203.48875,45382344.0,202.10512,204.74796,206.01213,206.12561,208.52475,-0.22432129,0.0046105273,-0.012439598,0.008454106,-0.027536217,12.0,630.0,204.48418,207.74417,203.58829,206.92296,15468542.0,203.79733,204.37799,205.81554,206.2381,207.69357,-0.24998513,-0.0076086614,0.011926479,0.015942529,-0.0043812054,12.0,631.0,206.45012,206.87317,203.33943,204.30997,12535662.0,204.79773,204.1955,205.5642,206.24109,207.17429,-0.21780355,0.009614154,-0.010366413,0.002049195,-0.015067503,12.0,632.0,201.67212,206.74875,201.22417,206.45012,15186298.0,204.75293,203.91678,205.01547,205.84392,206.49907,-0.29601723,-0.023143604,0.023691943,0.025172709,-0.0022211855,12.0,633.0,202.3938,202.76707,200.05457,201.5477,14084158.0,204.21043,203.60489,204.6646,205.75233,205.94412,-0.28420365,0.00357848,-0.004180454,0.0018443379,-0.011557806,12.0
630.0,204.48418,207.74417,203.58829,206.92296,15468542.0,203.79733,204.37799,205.81554,206.2381,207.69357,-0.24998513,-0.0076086614,0.011926479,0.015942529,-0.0043812054,12.0,631.0,206.45012,206.87317,203.33943,204.30997,12535662.0,204.79773,204.1955,205.5642,206.24109,207.17429,-0.21780355,0.009614154,-0.010366413,0.002049195,-0.015067503,12.0,632.0,201.67212,206.74875,201.22417,206.45012,15186298.0,204.75293,203.91678,205.01547,205.84392,206.49907,-0.29601723,-0.023143604,0.023691943,0.025172709,-0.0022211855,12.0,633.0,202.3938,202.76707,200.05457,201.5477,14084158.0,204.21043,203.60489,204.6646,205.75233,205.94412,-0.28420365,0.00357848,-0.004180454,0.0018443379,-0.011557806,12.0,634.0,207.04736,207.54507,204.50903,204.95697,15898464.0,204.40952,203.44562,204.66335,205.69162,205.8396,-0.20802693,0.022992624,-0.010096183,0.0024038462,-0.0122596305,12.0
631.0,206.45012,206.87317,203.33943,204.30997,12535662.0,204.79773,204.1955,205.5642,206.24109,207.17429,-0.21780355,0.009614154,-0.010366413,0.002049195,-0.015067503,12.0,632.0,201.67212,206.74875,201.22417,206.45012,15186298.0,204.75293,203.91678,205.01547,205.84392,206.49907,-0.29601723,-0.023143604,0.023691943,0.025172709,-0.0022211855,12.0,633.0,202.3938,202.76707,200.05457,201.5477,14084158.0,204.21043,203.60489,204.6646,205.75233,205.94412,-0.28420365,0.00357848,-0.004180454,0.0018443379,-0.011557806,12.0,634.0,207.04736,207.54507,204.50903,204.95697,15898464.0,204.40952,203.44562,204.66335,205.69162,205.8396,-0.20802693,0.022992624,-0.010096183,0.0024038462,-0.0122596305,12.0,635.0,210.87976,211.17838,207.94325,209.33685,15919784.0,205.68863,203.59825,204.70566,205.79016,206.14651,-0.14529233,0.018509762,-0.0073165116,0.0014160386,-0.013925004,12.0
632.0,201.67212,206.74875,201.22417,206.45012,15186298.0,204.75293,203.91678,205.01547,205.84392,206.49907,-0.29601723,-0.023143604,0.023691943,0.025172709,-0.0022211855,12.0,633.0,202.3938,202.76707,200.05457,201.5477,14084158.0,204.21043,203.60489,204.6646,205.75233,205.94412,-0.28420365,0.00357848,-0.004180454,0.0018443379,-0.011557806,12.0,634.0,207.04736,207.54507,204.50903,204.95697,15898464.0,204.40952,203.44562,204.66335,205.69162,205.8396,-0.20802693,0.022992624,-0.010096183,0.0024038462,-0.0122596305,12.0,635.0,210.87976,211.17838,207.94325,209.33685,15919784.0,205.68863,203.59825,204.70566,205.79016,206.14651,-0.14529233,0.018509762,-0.0073165116,0.0014160386,-0.013925004,12.0,636.0,213.51761,214.46326,210.33226,212.12402,10365748.0,207.10213,204.18886,204.92215,205.87178,206.3846,-0.10211196,0.012508777,-0.006526778,0.00442889,-0.014918401,12.0
633.0,202.3938,202.76707,200.05457,201.5477,14084158.0,204.21043,203.60489,204.6646,205.75233,205.94412,-0.28420365,0.00357848,-0.004180454,0.0018443379,-0.011557806,12.0,634.0,207.04736,207.54507,204.50903,204.95697,15898464.0,204.40952,203.44562,204.66335,205.69162,205.8396,-0.20802693,0.022992624,-0.010096183,0.0024038462,-0.0122596305,12.0,635.0,210.87976,211.17838,207.94325,209.33685,15919784.0,205.68863,203.59825,204.70566,205.79016,206.14651,-0.14529233,0.018509762,-0.0073165116,0.0014160386,-0.013925004,12.0,636.0,213.51761,214.46326,210.33226,212.12402,10365748.0,207.10213,204.18886,204.92215,205.87178,206.3846,-0.10211196,0.012508777,-0.006526778,0.00442889,-0.014918401,12.0,637.0,213.81624,214.83653,211.35257,213.49274,16912426.0,209.53096,204.86742,205.32033,205.91856,206.45842,-0.09722353,0.0013986189,-0.0015130212,0.0047718524,-0.011522375,12.0
634.0,207.04736,207.54507,204.50903,204.95697,15898464.0,204.40952,203.44562,204.66335,205.69162,205.8396,-0.20802693,0.022992624,-0.010096183,0.0024038462,-0.0122596305,12.0,635.0,210.87976,211.17838,207.94325,209.33685,15919784.0,205.68863,203.59825,204.70566,205.79016,206.14651,-0.14529233,0.018509762,-0.0073165116,0.0014160386,-0.013925004,12.0,636.0,213.51761,214.46326,210.33226,212.12402,10365748.0,207.10213,204.18886,204.92215,205.87178,206.3846,-0.10211196,0.012508777,-0.006526778,0.00442889,-0.014918401,12.0,637.0,213.81624,214.83653,211.35257,213.49274,16912426.0,209.53096,204.86742,205.32033,205.91856,206.45842,-0.09722353,0.0013986189,-0.0015130212,0.0047718524,-0.011522375,12.0,638.0,215.18494,215.50844,212.77104,213.51761,12034938.0,212.08919,205.71849,205.72595,206.1495,206.80847,-0.07481856,0.0064012823,-0.007748366,0.0015033975,-0.011217778,12.0
635.0,210.87976,211.17838,207.94325,209.33685,15919784.0,205.68863,203.59825,204.70566,205.79016,206.14651,-0.14529233,0.018509762,-0.0073165116,0.0014160386,-0.013925004,12.0,636.0,213.51761,214.46326,210.33226,212.12402,10365748.0,207.10213,204.18886,204.92215,205.87178,206.3846,-0.10211196,0.012508777,-0.006526778,0.00442889,-0.014918401,12.0,637.0,213.81624,214.83653,211.35257,213.49274,16912426.0,209.53096,204.86742,205.32033,205.91856,206.45842,-0.09722353,0.0013986189,-0.0015130212,0.0047718524,-0.011522375,12.0,638.0,215.18494,215.50844,212.77104,213.51761,12034938.0,212.08919,205.71849,205.72595,206.1495,206.80847,-0.07481856,0.0064012823,-0.007748366,0.0015033975,-0.011217778,12.0,639.0,216.75273,219.14174,212.57198,217.52417,17789134.0,214.03026,206.8483,206.09178,206.53673,207.08139,-0.049154475,0.0072858017,0.0035590995,0.011021786,-0.01928816,12.0
636.0,213.51761,214.46326,210.33226,212.12402,10365748.0,207.10213,204.18886,204.92215,205.87178,206.3846,-0.10211196,0.012508777,-0.006526778,0.00442889,-0.014918401,12.0,637.0,213.81624,214.83653,211.35257,213.49274,16912426.0,209.53096,204.86742,205.32033,205.91856,206.45842,-0.09722353,0.0013986189,-0.0015130212,0.0047718524,-0.011522375,12.0,638.0,215.18494,215.50844,212.77104,213.51761,12034938.0,212.08919,205.71849,205.72595,206.1495,206.80847,-0.07481856,0.0064012823,-0.007748366,0.0015033975,-0.011217778,12.0,639.0,216.75273,219.14174,212.57198,217.52417,17789134.0,214.03026,206.8483,206.09178,206.53673,207.08139,-0.049154475,0.0072858017,0.0035590995,0.011021786,-0.01928816,12.0,640.0,218.99242,219.98784,217.07623,217.07623,12967586.0,215.65279,208.37958,206.61188,206.89508,207.43393,-0.012491851,0.010332904,-0.008750014,0.0045454544,-0.008750014,12.0
637.0,213.81624,214.83653,211.35257,213.49274,16912426.0,209.53096,204.86742,205.32033,205.91856,206.45842,-0.09722353,0.0013986189,-0.0015130212,0.0047718524,-0.011522375,12.0,638.0,215.18494,215.50844,212.77104,213.51761,12034938.0,212.08919,205.71849,205.72595,206.1495,206.80847,-0.07481856,0.0064012823,-0.007748366,0.0015033975,-0.011217778,12.0,639.0,216.75273,219.14174,212.57198,217.52417,17789134.0,214.03026,206.8483,206.09178,206.53673,207.08139,-0.049154475,0.0072858017,0.0035590995,0.011021786,-0.01928816,12.0,640.0,218.99242,219.98784,217.07623,217.07623,12967586.0,215.65279,208.37958,206.61188,206.89508,207.43393,-0.012491851,0.010332904,-0.008750014,0.0045454544,-0.008750014,12.0,641.0,216.92693,220.386,216.60342,220.386,9557496.0,216.33466,209.4115,207.22531,207.20465,207.6156,-0.046302993,-0.0094317915,0.01594581,0.01594581,-0.0014913247,12.0
638.0,215.18494,215.50844,212.77104,213.51761,12034938.0,212.08919,205.71849,205.72595,206.1495,206.80847,-0.07481856,0.0064012823,-0.007748366,0.0015033975,-0.011217778,12.0,639.0,216.75273,219.14174,212.57198,217.52417,17789134.0,214.03026,206.8483,206.09178,206.53673,207.08139,-0.049154475,0.0072858017,0.0035590995,0.011021786,-0.01928816,12.0,640.0,218.99242,219.98784,217.07623,217.07623,12967586.0,215.65279,208.37958,206.61188,206.89508,207.43393,-0.012491851,0.010332904,-0.008750014,0.0045454544,-0.008750014,12.0,641.0,216.92693,220.386,216.60342,220.386,9557496.0,216.33466,209.4115,207.22531,207.20465,207.6156,-0.046302993,-0.0094317915,0.01594581,0.01594581,-0.0014913247,12.0,642.0,214.08998,217.00159,212.1738,216.50388,11329742.0,216.3894,210.22443,207.74791,207.53413,207.66371,-0.09274249,-0.013077881,0.011275151,0.013599921,-0.008950381,12.0
639.0,216.75273,219.14174,212.57198,217.52417,17789134.0,214.03026,206.8483,206.09178,206.53673,207.08139,-0.049154475,0.0072858017,0.0035590995,0.011021786,-0.01928816,12.0,640.0,218.99242,219.98784,217.07623,217.07623,12967586.0,215.65279,208.37958,206.61188,206.89508,207.43393,-0.012491851,0.010332904,-0.008750014,0.0045454544,-0.008750014,12.0,641.0,216.92693,220.386,216.60342,220.386,9557496.0,216.33466,209.4115,207.22531,207.20465,207.6156,-0.046302993,-0.0094317915,0.01594581,0.01594581,-0.0014913247,12.0,642.0,214.08998,217.00159,212.1738,216.50388,11329742.0,216.3894,210.22443,207.74791,207.53413,207.66371,-0.09274249,-0.013077881,0.011275151,0.013599921,-0.008950381,12.0,643.0,218.22098,219.98784,217.1509,217.99701,9154644.0,216.99661,211.09874,208.53802,207.98009,207.95735,-0.02511995,0.01929561,-0.0010263706,0.008096676,-0.004903693,12.0
640.0,218.99242,219.98784,217.07623,217.07623,12967586.0,215.65279,208.37958,206.61188,206.89508,207.43393,-0.012491851,0.010332904,-0.008750014,0.0045454544,-0.008750014,12.0,641.0,216.92693,220.386,216.60342,220.386,9557496.0,216.33466,209.4115,207.22531,207.20465,207.6156,-0.046302993,-0.0094317915,0.01594581,0.01594581,-0.0014913247,12.0,642.0,214.08998,217.00159,212.1738,216.50388,11329742.0,216.3894,210.22443,207.74791,207.53413,207.66371,-0.09274249,-0.013077881,0.011275151,0.013599921,-0.008950381,12.0,643.0,218.22098,219.98784,217.1509,217.99701,9154644.0,216.99661,211.09874,208.53802,207.98009,207.95735,-0.02511995,0.01929561,-0.0010263706,0.008096676,-0.004903693,12.0,644.0,217.05136,218.24586,216.50388,217.54907,7092398.0,217.05634,211.83203,209.4003,208.28468,208.29,-0.04426604,-0.0053597814,0.002293052,0.005503311,-0.0025223712,12.0
641.0,216.92693,220.386,216.60342,220.386,9557496.0,216.33466,209.4115,207.22531,207.20465,207.6156,-0.046302993,-0.0094317915,0.01594581,0.01594581,-0.0014913247,12.0,642.0,214.08998,217.00159,212.1738,216.50388,11329742.0,216.3894,210.22443,207.74791,207.53413,207.66371,-0.09274249,-0.013077881,0.011275151,0.013599921,-0.008950381,12.0,643.0,218.22098,219.98784,217.1509,217.99701,9154644.0,216.99661,211.09874,208.53802,207.98009,207.95735,-0.02511995,0.01929561,-0.0010263706,0.008096676,-0.004903693,12.0,644.0,217.05136,218.24586,216.50388,217.54907,7092398.0,217.05634,211.83203,209.4003,208.28468,208.29,-0.04426604,-0.0053597814,0.002293052,0.005503311,-0.0025223712,12.0,645.0,217.54906,218.89287,217.3002,218.24585,4774208.0,216.76765,212.70303,210.47661,208.64304,208.54051,-0.036118988,0.002292987,0.0032029145,0.006177034,-0.001143903,12.0
642.0,214.08998,217.00159,212.1738,216.50388,11329742.0,216.3894,210.22443,207.74791,207.53413,207.66371,-0.09274249,-0.013077881,0.011275151,0.013599921,-0.008950381,12.0,643.0,218.22098,219.98784,217.1509,217.99701,9154644.0,216.99661,211.09874,208.53802,207.98009,207.95735,-0.02511995,0.01929561,-0.0010263706,0.008096676,-0.004903693,12.0,644.0,217.05136,218.24586,216.50388,217.54907,7092398.0,217.05634,211.83203,209.4003,208.28468,208.29,-0.04426604,-0.0053597814,0.002293052,0.005503311,-0.0025223712,12.0,645.0,217.54906,218.89287,217.3002,218.24585,4774208.0,216.76765,212.70303,210.47661,208.64304,208.54051,-0.036118988,0.002292987,0.0032029145,0.006177034,-0.001143903,12.0,646.0,220.51042,221.43118,217.32507,217.6237,10401476.0,217.48436,213.64038,211.42972,209.27711,208.91794,0.012357206,0.0136124,-0.013091046,0.004175615,-0.014445309,12.0
643.0,218.22098,219.98784,217.1509,217.99701,9154644.0,216.99661,211.09874,208.53802,207.98009,207.95735,-0.02511995,0.01929561,-0.0010263706,0.008096676,-0.004903693,12.0,644.0,217.05136,218.24586,216.50388,217.54907,7092398.0,217.05634,211.83203,209.4003,208.28468,208.29,-0.04426604,-0.0053597814,0.002293052,0.005503311,-0.0025223712,12.0,645.0,217.54906,218.89287,217.3002,218.24585,4774208.0,216.76765,212.70303,210.47661,208.64304,208.54051,-0.036118988,0.002292987,0.0032029145,0.006177034,-0.001143903,12.0,646.0,220.51042,221.43118,217.32507,217.6237,10401476.0,217.48436,213.64038,211.42972,209.27711,208.91794,0.012357206,0.0136124,-0.013091046,0.004175615,-0.014445309,12.0,647.0,216.52875,219.8634,216.03104,219.8634,16888260.0,217.9721,214.63083,212.16135,209.79276,209.2738,-0.052820988,-0.018056626,0.015400557,0.015400557,-0.0022985865,12.0
644.0,217.05136,218.24586,216.50388,217.54907,7092398.0,217.05634,211.83203,209.4003,208.28468,208.29,-0.04426604,-0.0053597814,0.002293052,0.005503311,-0.0025223712,12.0,645.0,217.54906,218.89287,217.3002,218.24585,4774208.0,216.76765,212.70303,210.47661,208.64304,208.54051,-0.036118988,0.002292987,0.0032029145,0.006177034,-0.001143903,12.0,646.0,220.51042,221.43118,217.32507,217.6237,10401476.0,217.48436,213.64038,211.42972,209.27711,208.91794,0.012357206,0.0136124,-0.013091046,0.004175615,-0.014445309,12.0,647.0,216.52875,219.8634,216.03104,219.8634,16888260.0,217.9721,214.63083,212.16135,209.79276,209.2738,-0.052820988,-0.018056626,0.015400557,0.015400557,-0.0022985865,12.0,648.0,215.23471,220.2367,214.51303,218.46983,17253908.0,217.37486,215.48688,212.66777,210.30539,209.54588,-0.07400378,-0.005976282,0.015030639,0.023239652,-0.003353017,12.0
645.0,217.54906,218.89287,217.3002,218.24585,4774208.0,216.76765,212.70303,210.47661,208.64304,208.54051,-0.036118988,0.002292987,0.0032029145,0.006177034,-0.001143903,12.0,646.0,220.51042,221.43118,217.32507,217.6237,10401476.0,217.48436,213.64038,211.42972,209.27711,208.91794,0.012357206,0.0136124,-0.013091046,0.004175615,-0.014445309,12.0,647.0,216.52875,219.8634,216.03104,219.8634,16888260.0,217.9721,214.63083,212.16135,209.79276,209.2738,-0.052820988,-0.018056626,0.015400557,0.015400557,-0.0022985865,12.0,648.0,215.23471,220.2367,214.51303,218.46983,17253908.0,217.37486,215.48688,212.66777,210.30539,209.54588,-0.07400378,-0.005976282,0.015030639,0.023239652,-0.003353017,12.0,649.0,209.03822,214.46326,208.5654,214.46326,12900580.0,215.77223,215.61961,212.81708,210.67468,209.53261,-0.17543747,-0.028789442,0.025952367,0.025952367,-0.0022619339,12.0
646.0,220.51042,221.43118,217.32507,217.6237,10401476.0,217.48436,213.64038,211.42972,209.27711,208.91794,0.012357206,0.0136124,-0.013091046,0.004175615,-0.014445309,12.0,647.0,216.52875,219.8634,216.03104,219.8634,16888260.0,217.9721,214.63083,212.16135,209.79276,209.2738,-0.052820988,-0.018056626,0.015400557,0.015400557,-0.0022985865,12.0,648.0,215.23471,220.2367,214.51303,218.46983,17253908.0,217.37486,215.48688,212.66777,210.30539,209.54588,-0.07400378,-0.005976282,0.015030639,0.023239652,-0.003353017,12.0,649.0,209.03822,214.46326,208.5654,214.46326,12900580.0,215.77223,215.61961,212.81708,210.67468,209.53261,-0.17543747,-0.028789442,0.025952367,0.025952367,-0.0022619339,12.0,650.0,207.37088,208.29164,204.06111,206.54967,17028776.0,213.7366,215.38568,212.96143,211.1286,209.49196,-0.2027311,-0.00797626,-0.003960144,0.004440192,-0.015960624,12.0
647.0,216.52875,219.8634,216.03104,219.8634,16888260.0,217.9721,214.63083,212.16135,209.79276,209.2738,-0.052820988,-0.018056626,0.015400557,0.015400557,-0.0022985865,12.0,648.0,215.23471,220.2367,214.51303,218.46983,17253908.0,217.37486,215.48688,212.66777,210.30539,209.54588,-0.07400378,-0.005976282,0.015030639,0.023239652,-0.003353017,12.0,649.0,209.03822,214.46326,208.5654,214.46326,12900580.0,215.77223,215.61961,212.81708,210.67468,209.53261,-0.17543747,-0.028789442,0.025952367,0.025952367,-0.0022619339,12.0,650.0,207.37088,208.29164,204.06111,206.54967,17028776.0,213.7366,215.38568,212.96143,211.1286,209.49196,-0.2027311,-0.00797626,-0.003960144,0.004440192,-0.015960624,12.0,651.0,207.12202,208.78935,206.22615,207.94324,7429170.0,211.05891,214.9593,212.99501,211.35556,209.57408,-0.20680477,-0.0012000508,0.003964902,0.008049997,-0.004325334,12.0
648.0,215.23471,220.2367,214.51303,218.46983,17253908.0,217.37486,215.48688,212.66777,210.30539,209.54588,-0.07400378,-0.005976282,0.015030639,0.023239652,-0.003353017,12.0,649.0,209.03822,214.46326,208.5654,214.46326,12900580.0,215.77223,215.61961,212.81708,210.67468,209.53261,-0.17543747,-0.028789442,0.025952367,0.025952367,-0.0022619339,12.0,650.0,207.37088,208.29164,204.06111,206.54967,17028776.0,213.7366,215.38568,212.96143,211.1286,209.49196,-0.2027311,-0.00797626,-0.003960144,0.004440192,-0.015960624,12.0,651.0,207.12202,208.78935,206.22615,207.94324,7429170.0,211.05891,214.9593,212.99501,211.35556,209.57408,-0.20680477,-0.0012000508,0.003964902,0.008049997,-0.004325334,12.0,652.0,206.64922,209.088,206.5248,208.68982,8753902.0,209.08301,214.4815,213.24387,211.54568,209.67445,-0.21454443,-0.002282755,0.0098747,0.011801526,-0.0006021194,12.0
649.0,209.03822,214.46326,208.5654,214.46326,12900580.0,215.77223,215.61961,212.81708,210.67468,209.53261,-0.17543747,-0.028789442,0.025952367,0.025952367,-0.0022619339,12.0,650.0,207.37088,208.29164,204.06111,206.54967,17028776.0,213.7366,215.38568,212.96143,211.1286,209.49196,-0.2027311,-0.00797626,-0.003960144,0.004440192,-0.015960624,12.0,651.0,207.12202,208.78935,206.22615,207.94324,7429170.0,211.05891,214.9593,212.99501,211.35556,209.57408,-0.20680477,-0.0012000508,0.003964902,0.008049997,-0.004325334,12.0,652.0,206.64922,209.088,206.5248,208.68982,8753902.0,209.08301,214.4815,213.24387,211.54568,209.67445,-0.21454443,-0.002282755,0.0098747,0.011801526,-0.0006021194,12.0,653.0,207.66951,210.28249,207.19669,208.29164,7904194.0,207.56998,213.98048,213.50766,211.64821,209.84949,-0.19784267,0.004937324,0.0029958058,0.012582385,-0.0022768418,12.0
650.0,207.37088,208.29164,204.06111,206.54967,17028776.0,213.7366,215.38568,212.96143,211.1286,209.49196,-0.2027311,-0.00797626,-0.003960144,0.004440192,-0.015960624,12.0,651.0,207.12202,208.78935,206.22615,207.94324,7429170.0,211.05891,214.9593,212.99501,211.35556,209.57408,-0.20680477,-0.0012000508,0.003964902,0.008049997,-0.004325334,12.0,652.0,206.64922,209.088,206.5248,208.68982,8753902.0,209.08301,214.4815,213.24387,211.54568,209.67445,-0.21454443,-0.002282755,0.0098747,0.011801526,-0.0006021194,12.0,653.0,207.66951,210.28249,207.19669,208.29164,7904194.0,207.56998,213.98048,213.50766,211.64821,209.84949,-0.19784267,0.004937324,0.0029958058,0.012582385,-0.0022768418,12.0,654.0,201.24905,202.24448,198.5863,201.57256,23519514.0,206.01213,212.9469,213.21774,211.4561,209.8976,-0.3029426,-0.0309167,0.0016075032,0.00494621,-0.013231127,12.0
651.0,207.12202,208.78935,206.22615,207.94324,7429170.0,211.05891,214.9593,212.99501,211.35556,209.57408,-0.20680477,-0.0012000508,0.003964902,0.008049997,-0.004325334,12.0,652.0,206.64922,209.088,206.5248,208.68982,8753902.0,209.08301,214.4815,213.24387,211.54568,209.67445,-0.21454443,-0.002282755,0.0098747,0.011801526,-0.0006021194,12.0,653.0,207.66951,210.28249,207.19669,208.29164,7904194.0,207.56998,213.98048,213.50766,211.64821,209.84949,-0.19784267,0.004937324,0.0029958058,0.012582385,-0.0022768418,12.0,654.0,201.24905,202.24448,198.5863,201.57256,23519514.0,206.01213,212.9469,213.21774,211.4561,209.8976,-0.3029426,-0.0309167,0.0016075032,0.00494621,-0.013231127,12.0,655.0,205.82797,207.02249,202.1947,203.63805,19750992.0,205.70355,212.06927,212.96515,211.50984,210.22443,-0.22798781,0.022752497,-0.01063957,0.0058034686,-0.017652009,12.0
652.0,206.64922,209.088,206.5248,208.68982,8753902.0,209.08301,214.4815,213.24387,211.54568,209.67445,-0.21454443,-0.002282755,0.0098747,0.011801526,-0.0006021194,12.0,653.0,207.66951,210.28249,207.19669,208.29164,7904194.0,207.56998,213.98048,213.50766,211.64821,209.84949,-0.19784267,0.004937324,0.0029958058,0.012582385,-0.0022768418,12.0,654.0,201.24905,202.24448,198.5863,201.57256,23519514.0,206.01213,212.9469,213.21774,211.4561,209.8976,-0.3029426,-0.0309167,0.0016075032,0.00494621,-0.013231127,12.0,655.0,205.82797,207.02249,202.1947,203.63805,19750992.0,205.70355,212.06927,212.96515,211.50984,210.22443,-0.22798781,0.022752497,-0.01063957,0.0058034686,-0.017652009,12.0,656.0,204.2851,204.88234,201.49791,204.01135,11778706.0,205.13617,211.22649,212.50352,211.42325,210.31898,-0.253244,-0.007495955,-0.0013400372,0.0029235757,-0.013643577,12.0
653.0,207.66951,210.28249,207.19669,208.29164,7904194.0,207.56998,213.98048,213.50766,211.64821,209.84949,-0.19784267,0.004937324,0.0029958058,0.012582385,-0.0022768418,12.0,654.0,201.24905,202.24448,198.5863,201.57256,23519514.0,206.01213,212.9469,213.21774,211.4561,209.8976,-0.3029426,-0.0309167,0.0016075032,0.00494621,-0.013231127,12.0,655.0,205.82797,207.02249,202.1947,203.63805,19750992.0,205.70355,212.06927,212.96515,211.50984,210.22443,-0.22798781,0.022752497,-0.01063957,0.0058034686,-0.017652009,12.0,656.0,204.2851,204.88234,201.49791,204.01135,11778706.0,205.13617,211.22649,212.50352,211.42325,210.31898,-0.253244,-0.007495955,-0.0013400372,0.0029235757,-0.013643577,12.0,657.0,202.91638,205.42981,202.61775,205.33026,9815080.0,204.3896,210.48158,211.95853,211.47302,210.353,-0.27564922,-0.006700016,0.011895942,0.012386529,-0.0014716852,12.0
654.0,201.24905,202.24448,198.5863,201.57256,23519514.0,206.01213,212.9469,213.21774,211.4561,209.8976,-0.3029426,-0.0309167,0.0016075032,0.00494621,-0.013231127,12.0,655.0,205.82797,207.02249,202.1947,203.63805,19750992.0,205.70355,212.06927,212.96515,211.50984,210.22443,-0.22798781,0.022752497,-0.01063957,0.0058034686,-0.017652009,12.0,656.0,204.2851,204.88234,201.49791,204.01135,11778706.0,205.13617,211.22649,212.50352,211.42325,210.31898,-0.253244,-0.007495955,-0.0013400372,0.0029235757,-0.013643577,12.0,657.0,202.91638,205.42981,202.61775,205.33026,9815080.0,204.3896,210.48158,211.95853,211.47302,210.353,-0.27564922,-0.006700016,0.011895942,0.012386529,-0.0014716852,12.0,658.0,201.82143,203.0657,201.07486,202.568,18018508.0,203.21999,209.38828,211.29036,211.45012,210.2435,-0.29357314,-0.005396092,0.003699137,0.0061652283,-0.003699137,12.0
655.0,205.82797,207.02249,202.1947,203.63805,19750992.0,205.70355,212.06927,212.96515,211.50984,210.22443,-0.22798781,0.022752497,-0.01063957,0.0058034686,-0.017652009,12.0,656.0,204.2851,204.88234,201.49791,204.01135,11778706.0,205.13617,211.22649,212.50352,211.42325,210.31898,-0.253244,-0.007495955,-0.0013400372,0.0029235757,-0.013643577,12.0,657.0,202.91638,205.42981,202.61775,205.33026,9815080.0,204.3896,210.48158,211.95853,211.47302,210.353,-0.27564922,-0.006700016,0.011895942,0.012386529,-0.0014716852,12.0,658.0,201.82143,203.0657,201.07486,202.568,18018508.0,203.21999,209.38828,211.29036,211.45012,210.2435,-0.29357314,-0.005396092,0.003699137,0.0061652283,-0.003699137,12.0,659.0,201.29883,202.74219,199.70615,202.56798,18226162.0,203.22993,208.3381,210.51765,211.22018,210.08507,-0.30212784,-0.0025894092,0.006304828,0.0071702157,-0.007912009,12.0
656.0,204.2851,204.88234,201.49791,204.01135,11778706.0,205.13617,211.22649,212.50352,211.42325,210.31898,-0.253244,-0.007495955,-0.0013400372,0.0029235757,-0.013643577,12.0,657.0,202.91638,205.42981,202.61775,205.33026,9815080.0,204.3896,210.48158,211.95853,211.47302,210.353,-0.27564922,-0.006700016,0.011895942,0.012386529,-0.0014716852,12.0,658.0,201.82143,203.0657,201.07486,202.568,18018508.0,203.21999,209.38828,211.29036,211.45012,210.2435,-0.29357314,-0.005396092,0.003699137,0.0061652283,-0.003699137,12.0,659.0,201.29883,202.74219,199.70615,202.56798,18226162.0,203.22993,208.3381,210.51765,211.22018,210.08507,-0.30212784,-0.0025894092,0.006304828,0.0071702157,-0.007912009,12.0,660.0,202.79196,203.48875,199.58173,200.12921,12248532.0,202.62274,207.3543,209.70764,210.89667,210.02866,-0.2776859,0.007417497,-0.01313046,0.0034359894,-0.015830193,12.0
657.0,202.91638,205.42981,202.61775,205.33026,9815080.0,204.3896,210.48158,211.95853,211.47302,210.353,-0.27564922,-0.006700016,0.011895942,0.012386529,-0.0014716852,12.0,658.0,201.82143,203.0657,201.07486,202.568,18018508.0,203.21999,209.38828,211.29036,211.45012,210.2435,-0.29357314,-0.005396092,0.003699137,0.0061652283,-0.003699137,12.0,659.0,201.29883,202.74219,199.70615,202.56798,18226162.0,203.22993,208.3381,210.51765,211.22018,210.08507,-0.30212784,-0.0025894092,0.006304828,0.0071702157,-0.007912009,12.0,660.0,202.79196,203.48875,199.58173,200.12921,12248532.0,202.62274,207.3543,209.70764,210.89667,210.02866,-0.2776859,0.007417497,-0.01313046,0.0034359894,-0.015830193,12.0,661.0,205.4547,206.22615,203.86203,204.06111,14064948.0,202.85666,206.35059,209.13403,210.57416,209.99548,-0.23409815,0.013130377,-0.0067829164,0.0037548894,-0.0077518937,12.0
658.0,201.82143,203.0657,201.07486,202.568,18018508.0,203.21999,209.38828,211.29036,211.45012,210.2435,-0.29357314,-0.005396092,0.003699137,0.0061652283,-0.003699137,12.0,659.0,201.29883,202.74219,199.70615,202.56798,18226162.0,203.22993,208.3381,210.51765,211.22018,210.08507,-0.30212784,-0.0025894092,0.006304828,0.0071702157,-0.007912009,12.0,660.0,202.79196,203.48875,199.58173,200.12921,12248532.0,202.62274,207.3543,209.70764,210.89667,210.02866,-0.2776859,0.007417497,-0.01313046,0.0034359894,-0.015830193,12.0,661.0,205.4547,206.22615,203.86203,204.06111,14064948.0,202.85666,206.35059,209.13403,210.57416,209.99548,-0.23409815,0.013130377,-0.0067829164,0.0037548894,-0.0077518937,12.0,662.0,207.61974,208.76448,204.73302,207.54509,14671342.0,203.79733,205.75665,208.81052,210.3263,210.19374,-0.19865745,0.010537793,-0.00035956825,0.005513648,-0.013903842,12.0
659.0,201.29883,202.74219,199.70615,202.56798,18226162.0,203.22993,208.3381,210.51765,211.22018,210.08507,-0.30212784,-0.0025894092,0.006304828,0.0071702157,-0.007912009,12.0,660.0,202.79196,203.48875,199.58173,200.12921,12248532.0,202.62274,207.3543,209.70764,210.89667,210.02866,-0.2776859,0.007417497,-0.01313046,0.0034359894,-0.015830193,12.0,661.0,205.4547,206.22615,203.86203,204.06111,14064948.0,202.85666,206.35059,209.13403,210.57416,209.99548,-0.23409815,0.013130377,-0.0067829164,0.0037548894,-0.0077518937,12.0,662.0,207.61974,208.76448,204.73302,207.54509,14671342.0,203.79733,205.75665,208.81052,210.3263,210.19374,-0.19865745,0.010537793,-0.00035956825,0.005513648,-0.013903842,12.0,663.0,210.03363,211.22813,208.06767,208.96356,11678424.0,205.43977,205.40991,208.40115,210.12024,210.4484,-0.1591431,0.011626518,-0.005094772,0.0056871893,-0.009360218,12.0
660.0,202.79196,203.48875,199.58173,200.12921,12248532.0,202.62274,207.3543,209.70764,210.89667,210.02866,-0.2776859,0.007417497,-0.01313046,0.0034359894,-0.015830193,12.0,661.0,205.4547,206.22615,203.86203,204.06111,14064948.0,202.85666,206.35059,209.13403,210.57416,209.99548,-0.23409815,0.013130377,-0.0067829164,0.0037548894,-0.0077518937,12.0,662.0,207.61974,208.76448,204.73302,207.54509,14671342.0,203.79733,205.75665,208.81052,210.3263,210.19374,-0.19865745,0.010537793,-0.00035956825,0.005513648,-0.013903842,12.0,663.0,210.03363,211.22813,208.06767,208.96356,11678424.0,205.43977,205.40991,208.40115,210.12024,210.4484,-0.1591431,0.011626518,-0.005094772,0.0056871893,-0.009360218,12.0,664.0,210.35715,212.02448,209.78479,211.47699,9408334.0,207.25143,205.49783,208.06644,209.86441,210.55872,-0.15384728,0.0015403097,0.005323554,0.007926195,-0.0027209132,12.0
661.0,205.4547,206.22615,203.86203,204.06111,14064948.0,202.85666,206.35059,209.13403,210.57416,209.99548,-0.23409815,0.013130377,-0.0067829164,0.0037548894,-0.0077518937,12.0,662.0,207.61974,208.76448,204.73302,207.54509,14671342.0,203.79733,205.75665,208.81052,210.3263,210.19374,-0.19865745,0.010537793,-0.00035956825,0.005513648,-0.013903842,12.0,663.0,210.03363,211.22813,208.06767,208.96356,11678424.0,205.43977,205.40991,208.40115,210.12024,210.4484,-0.1591431,0.011626518,-0.005094772,0.0056871893,-0.009360218,12.0,664.0,210.35715,212.02448,209.78479,211.47699,9408334.0,207.25143,205.49783,208.06644,209.86441,210.55872,-0.15384728,0.0015403097,0.005323554,0.007926195,-0.0027209132,12.0,665.0,207.19669,210.38205,203.56342,203.56342,17583964.0,208.13239,205.48622,207.54881,209.3926,210.43596,-0.20558259,-0.015024264,-0.017535402,0.015373588,-0.017535402,12.0
662.0,207.61974,208.76448,204.73302,207.54509,14671342.0,203.79733,205.75665,208.81052,210.3263,210.19374,-0.19865745,0.010537793,-0.00035956825,0.005513648,-0.013903842,12.0,663.0,210.03363,211.22813,208.06767,208.96356,11678424.0,205.43977,205.40991,208.40115,210.12024,210.4484,-0.1591431,0.011626518,-0.005094772,0.0056871893,-0.009360218,12.0,664.0,210.35715,212.02448,209.78479,211.47699,9408334.0,207.25143,205.49783,208.06644,209.86441,210.55872,-0.15384728,0.0015403097,0.005323554,0.007926195,-0.0027209132,12.0,665.0,207.19669,210.38205,203.56342,203.56342,17583964.0,208.13239,205.48622,207.54881,209.3926,210.43596,-0.20558259,-0.015024264,-0.017535402,0.015373588,-0.017535402,12.0,666.0,206.57455,209.48616,205.67868,208.88892,10640314.0,208.35635,205.44972,206.85202,208.97849,210.20451,-0.2157666,-0.0030026124,0.011203528,0.014094703,-0.0043367976,12.0
663.0,210.03363,211.22813,208.06767,208.96356,11678424.0,205.43977,205.40991,208.40115,210.12024,210.4484,-0.1591431,0.011626518,-0.005094772,0.0056871893,-0.009360218,12.0,664.0,210.35715,212.02448,209.78479,211.47699,9408334.0,207.25143,205.49783,208.06644,209.86441,210.55872,-0.15384728,0.0015403097,0.005323554,0.007926195,-0.0027209132,12.0,665.0,207.19669,210.38205,203.56342,203.56342,17583964.0,208.13239,205.48622,207.54881,209.3926,210.43596,-0.20558259,-0.015024264,-0.017535402,0.015373588,-0.017535402,12.0,666.0,206.57455,209.48616,205.67868,208.88892,10640314.0,208.35635,205.44972,206.85202,208.97849,210.20451,-0.2157666,-0.0030026124,0.011203528,0.014094703,-0.0043367976,12.0,667.0,199.90523,205.42981,199.18356,205.42981,20192486.0,206.81345,205.00012,206.02084,208.4111,209.74081,-0.32494044,-0.032285325,0.027636018,0.027636018,-0.0036100629,12.0
664.0,210.35715,212.02448,209.78479,211.47699,9408334.0,207.25143,205.49783,208.06644,209.86441,210.55872,-0.15384728,0.0015403097,0.005323554,0.007926195,-0.0027209132,12.0,665.0,207.19669,210.38205,203.56342,203.56342,17583964.0,208.13239,205.48622,207.54881,209.3926,210.43596,-0.20558259,-0.015024264,-0.017535402,0.015373588,-0.017535402,12.0,666.0,206.57455,209.48616,205.67868,208.88892,10640314.0,208.35635,205.44972,206.85202,208.97849,210.20451,-0.2157666,-0.0030026124,0.011203528,0.014094703,-0.0043367976,12.0,667.0,199.90523,205.42981,199.18356,205.42981,20192486.0,206.81345,205.00012,206.02084,208.4111,209.74081,-0.32494044,-0.032285325,0.027636018,0.027636018,-0.0036100629,12.0,668.0,200.05455,202.16982,197.59088,201.57256,13584188.0,204.81763,204.49246,205.26184,207.68445,209.23647,-0.3224961,0.0007469665,0.0075879777,0.010573454,-0.012314995,12.0
665.0,207.19669,210.38205,203.56342,203.56342,17583964.0,208.13239,205.48622,207.54881,209.3926,210.43596,-0.20558259,-0.015024264,-0.017535402,0.015373588,-0.017535402,12.0,666.0,206.57455,209.48616,205.67868,208.88892,10640314.0,208.35635,205.44972,206.85202,208.97849,210.20451,-0.2157666,-0.0030026124,0.011203528,0.014094703,-0.0043367976,12.0,667.0,199.90523,205.42981,199.18356,205.42981,20192486.0,206.81345,205.00012,206.02084,208.4111,209.74081,-0.32494044,-0.032285325,0.027636018,0.027636018,-0.0036100629,12.0,668.0,200.05455,202.16982,197.59088,201.57256,13584188.0,204.81763,204.49246,205.26184,207.68445,209.23647,-0.3224961,0.0007469665,0.0075879777,0.010573454,-0.012314995,12.0,669.0,201.5228,203.7625,201.29884,202.07028,8989822.0,203.05077,204.51071,204.88606,207.06331,208.7288,-0.2984616,0.0073392307,0.0027167352,0.011113855,-0.0011113404,12.0
666.0,206.57455,209.48616,205.67868,208.88892,10640314.0,208.35635,205.44972,206.85202,208.97849,210.20451,-0.2157666,-0.0030026124,0.011203528,0.014094703,-0.0043367976,12.0,667.0,199.90523,205.42981,199.18356,205.42981,20192486.0,206.81345,205.00012,206.02084,208.4111,209.74081,-0.32494044,-0.032285325,0.027636018,0.027636018,-0.0036100629,12.0,668.0,200.05455,202.16982,197.59088,201.57256,13584188.0,204.81763,204.49246,205.26184,207.68445,209.23647,-0.3224961,0.0007469665,0.0075879777,0.010573454,-0.012314995,12.0,669.0,201.5228,203.7625,201.29884,202.07028,8989822.0,203.05077,204.51071,204.88606,207.06331,208.7288,-0.2984616,0.0073392307,0.0027167352,0.011113855,-0.0011113404,12.0,670.0,199.4573,202.02051,198.83517,202.02051,19290112.0,201.50288,204.086,204.49039,206.33963,208.07764,-0.3322727,-0.0102494145,0.012850889,0.012850889,-0.0031191516,12.0
667.0,199.90523,205.42981,199.18356,205.42981,20192486.0,206.81345,205.00012,206.02084,208.4111,209.74081,-0.32494044,-0.032285325,0.027636018,0.027636018,-0.0036100629,12.0,668.0,200.05455,202.16982,197.59088,201.57256,13584188.0,204.81763,204.49246,205.26184,207.68445,209.23647,-0.3224961,0.0007469665,0.0075879777,0.010573454,-0.012314995,12.0,669.0,201.5228,203.7625,201.29884,202.07028,8989822.0,203.05077,204.51071,204.88606,207.06331,208.7288,-0.2984616,0.0073392307,0.0027167352,0.011113855,-0.0011113404,12.0,670.0,199.4573,202.02051,198.83517,202.02051,19290112.0,201.50288,204.086,204.49039,206.33963,208.07764,-0.3322727,-0.0102494145,0.012850889,0.012850889,-0.0031191516,12.0,671.0,198.06372,199.25822,196.59547,198.0886,16500324.0,199.80072,203.67125,204.03748,205.44176,207.44887,-0.35508507,-0.006986885,0.00012561325,0.006030893,-0.007413022,12.0
668.0,200.05455,202.16982,197.59088,201.57256,13584188.0,204.81763,204.49246,205.26184,207.68445,209.23647,-0.3224961,0.0007469665,0.0075879777,0.010573454,-0.012314995,12.0,669.0,201.5228,203.7625,201.29884,202.07028,8989822.0,203.05077,204.51071,204.88606,207.06331,208.7288,-0.2984616,0.0073392307,0.0027167352,0.011113855,-0.0011113404,12.0,670.0,199.4573,202.02051,198.83517,202.02051,19290112.0,201.50288,204.086,204.49039,206.33963,208.07764,-0.3322727,-0.0102494145,0.012850889,0.012850889,-0.0031191516,12.0,671.0,198.06372,199.25822,196.59547,198.0886,16500324.0,199.80072,203.67125,204.03748,205.44176,207.44887,-0.35508507,-0.006986885,0.00012561325,0.006030893,-0.007413022,12.0,672.0,196.27196,198.78539,195.92355,198.13837,13966710.0,199.07407,203.22829,203.51862,204.63148,206.85493,-0.38441542,-0.009046398,0.009509319,0.012805852,-0.0017751039,12.0
669.0,201.5228,203.7625,201.29884,202.07028,8989822.0,203.05077,204.51071,204.88606,207.06331,208.7288,-0.2984616,0.0073392307,0.0027167352,0.011113855,-0.0011113404,12.0,670.0,199.4573,202.02051,198.83517,202.02051,19290112.0,201.50288,204.086,204.49039,206.33963,208.07764,-0.3322727,-0.0102494145,0.012850889,0.012850889,-0.0031191516,12.0,671.0,198.06372,199.25822,196.59547,198.0886,16500324.0,199.80072,203.67125,204.03748,205.44176,207.44887,-0.35508507,-0.006986885,0.00012561325,0.006030893,-0.007413022,12.0,672.0,196.27196,198.78539,195.92355,198.13837,13966710.0,199.07407,203.22829,203.51862,204.63148,206.85493,-0.38441542,-0.009046398,0.009509319,0.012805852,-0.0017751039,12.0,673.0,196.49593,198.68587,191.4193,195.10234,18994144.0,198.36234,202.87325,202.95993,203.88194,206.13077,-0.38074917,0.0011411131,-0.007092168,0.011144945,-0.025835821,12.0
670.0,199.4573,202.02051,198.83517,202.02051,19290112.0,201.50288,204.086,204.49039,206.33963,208.07764,-0.3322727,-0.0102494145,0.012850889,0.012850889,-0.0031191516,12.0,671.0,198.06372,199.25822,196.59547,198.0886,16500324.0,199.80072,203.67125,204.03748,205.44176,207.44887,-0.35508507,-0.006986885,0.00012561325,0.006030893,-0.007413022,12.0,672.0,196.27196,198.78539,195.92355,198.13837,13966710.0,199.07407,203.22829,203.51862,204.63148,206.85493,-0.38441542,-0.009046398,0.009509319,0.012805852,-0.0017751039,12.0,673.0,196.49593,198.68587,191.4193,195.10234,18994144.0,198.36234,202.87325,202.95993,203.88194,206.13077,-0.38074917,0.0011411131,-0.007092168,0.011144945,-0.025835821,12.0,674.0,198.28767,199.7808,195.10233,197.49133,12454694.0,197.71532,202.6725,202.81186,203.45192,205.50531,-0.35141906,0.0091185,-0.0040160795,0.0075301207,-0.016064242,12.0
671.0,198.06372,199.25822,196.59547,198.0886,16500324.0,199.80072,203.67125,204.03748,205.44176,207.44887,-0.35508507,-0.006986885,0.00012561325,0.006030893,-0.007413022,12.0,672.0,196.27196,198.78539,195.92355,198.13837,13966710.0,199.07407,203.22829,203.51862,204.63148,206.85493,-0.38441542,-0.009046398,0.009509319,0.012805852,-0.0017751039,12.0,673.0,196.49593,198.68587,191.4193,195.10234,18994144.0,198.36234,202.87325,202.95993,203.88194,206.13077,-0.38074917,0.0011411131,-0.007092168,0.011144945,-0.025835821,12.0,674.0,198.28767,199.7808,195.10233,197.49133,12454694.0,197.71532,202.6725,202.81186,203.45192,205.50531,-0.35141906,0.0091185,-0.0040160795,0.0075301207,-0.016064242,12.0,675.0,198.11348,199.33287,196.76967,197.09319,8921590.0,197.44655,202.36061,202.42613,203.08162,204.85745,-0.35427055,-0.000878493,-0.0051500765,0.0061550364,-0.0067830216,12.0
672.0,196.27196,198.78539,195.92355,198.13837,13966710.0,199.07407,203.22829,203.51862,204.63148,206.85493,-0.38441542,-0.009046398,0.009509319,0.012805852,-0.0017751039,12.0,673.0,196.49593,198.68587,191.4193,195.10234,18994144.0,198.36234,202.87325,202.95993,203.88194,206.13077,-0.38074917,0.0011411131,-0.007092168,0.011144945,-0.025835821,12.0,674.0,198.28767,199.7808,195.10233,197.49133,12454694.0,197.71532,202.6725,202.81186,203.45192,205.50531,-0.35141906,0.0091185,-0.0040160795,0.0075301207,-0.016064242,12.0,675.0,198.11348,199.33287,196.76967,197.09319,8921590.0,197.44655,202.36061,202.42613,203.08162,204.85745,-0.35427055,-0.000878493,-0.0051500765,0.0061550364,-0.0067830216,12.0,676.0,195.50049,200.02965,194.87836,199.58171,11883068.0,196.9339,201.69699,201.98691,202.61676,204.02379,-0.397044,-0.013189367,0.020875795,0.023167022,-0.0031822813,12.0
673.0,196.49593,198.68587,191.4193,195.10234,18994144.0,198.36234,202.87325,202.95993,203.88194,206.13077,-0.38074917,0.0011411131,-0.007092168,0.011144945,-0.025835821,12.0,674.0,198.28767,199.7808,195.10233,197.49133,12454694.0,197.71532,202.6725,202.81186,203.45192,205.50531,-0.35141906,0.0091185,-0.0040160795,0.0075301207,-0.016064242,12.0,675.0,198.11348,199.33287,196.76967,197.09319,8921590.0,197.44655,202.36061,202.42613,203.08162,204.85745,-0.35427055,-0.000878493,-0.0051500765,0.0061550364,-0.0067830216,12.0,676.0,195.50049,200.02965,194.87836,199.58171,11883068.0,196.9339,201.69699,201.98691,202.61676,204.02379,-0.397044,-0.013189367,0.020875795,0.023167022,-0.0031822813,12.0,677.0,196.22218,197.44157,192.86264,195.32631,13570530.0,196.92395,200.93715,201.65219,202.19968,203.34691,-0.3852302,0.003691525,-0.0045656,0.006214362,-0.017121116,12.0
674.0,198.28767,199.7808,195.10233,197.49133,12454694.0,197.71532,202.6725,202.81186,203.45192,205.50531,-0.35141906,0.0091185,-0.0040160795,0.0075301207,-0.016064242,12.0,675.0,198.11348,199.33287,196.76967,197.09319,8921590.0,197.44655,202.36061,202.42613,203.08162,204.85745,-0.35427055,-0.000878493,-0.0051500765,0.0061550364,-0.0067830216,12.0,676.0,195.50049,200.02965,194.87836,199.58171,11883068.0,196.9339,201.69699,201.98691,202.61676,204.02379,-0.397044,-0.013189367,0.020875795,0.023167022,-0.0031822813,12.0,677.0,196.22218,197.44157,192.86264,195.32631,13570530.0,196.92395,200.93715,201.65219,202.19968,203.34691,-0.3852302,0.003691525,-0.0045656,0.006214362,-0.017121116,12.0,678.0,196.34662,198.08861,194.40555,196.04799,8140834.0,196.89409,200.02469,201.37846,201.74677,202.7173,-0.38319325,0.00063415576,-0.001520928,0.00887199,-0.0098859165,12.0
675.0,198.11348,199.33287,196.76967,197.09319,8921590.0,197.44655,202.36061,202.42613,203.08162,204.85745,-0.35427055,-0.000878493,-0.0051500765,0.0061550364,-0.0067830216,12.0,676.0,195.50049,200.02965,194.87836,199.58171,11883068.0,196.9339,201.69699,201.98691,202.61676,204.02379,-0.397044,-0.013189367,0.020875795,0.023167022,-0.0031822813,12.0,677.0,196.22218,197.44157,192.86264,195.32631,13570530.0,196.92395,200.93715,201.65219,202.19968,203.34691,-0.3852302,0.003691525,-0.0045656,0.006214362,-0.017121116,12.0,678.0,196.34662,198.08861,194.40555,196.04799,8140834.0,196.89409,200.02469,201.37846,201.74677,202.7173,-0.38319325,0.00063415576,-0.001520928,0.00887199,-0.0098859165,12.0,679.0,201.82143,202.07028,198.5863,199.05914,12591696.0,197.60085,199.45564,201.40459,201.76965,202.47675,-0.29357314,0.027883383,-0.013686776,0.0012330456,-0.016029593,12.0
676.0,195.50049,200.02965,194.87836,199.58171,11883068.0,196.9339,201.69699,201.98691,202.61676,204.02379,-0.397044,-0.013189367,0.020875795,0.023167022,-0.0031822813,12.0,677.0,196.22218,197.44157,192.86264,195.32631,13570530.0,196.92395,200.93715,201.65219,202.19968,203.34691,-0.3852302,0.003691525,-0.0045656,0.006214362,-0.017121116,12.0,678.0,196.34662,198.08861,194.40555,196.04799,8140834.0,196.89409,200.02469,201.37846,201.74677,202.7173,-0.38319325,0.00063415576,-0.001520928,0.00887199,-0.0098859165,12.0,679.0,201.82143,202.07028,198.5863,199.05914,12591696.0,197.60085,199.45564,201.40459,201.76965,202.47675,-0.29357314,0.027883383,-0.013686776,0.0012330456,-0.016029593,12.0,680.0,204.13576,205.55423,202.79195,203.7376,11203878.0,198.8053,199.25157,201.47177,201.70197,202.3689,-0.2556886,0.011467222,-0.0019504762,0.0069486923,-0.006582913,12.0
677.0,196.22218,197.44157,192.86264,195.32631,13570530.0,196.92395,200.93715,201.65219,202.19968,203.34691,-0.3852302,0.003691525,-0.0045656,0.006214362,-0.017121116,12.0,678.0,196.34662,198.08861,194.40555,196.04799,8140834.0,196.89409,200.02469,201.37846,201.74677,202.7173,-0.38319325,0.00063415576,-0.001520928,0.00887199,-0.0098859165,12.0,679.0,201.82143,202.07028,198.5863,199.05914,12591696.0,197.60085,199.45564,201.40459,201.76965,202.47675,-0.29357314,0.027883383,-0.013686776,0.0012330456,-0.016029593,12.0,680.0,204.13576,205.55423,202.79195,203.7376,11203878.0,198.8053,199.25157,201.47177,201.70197,202.3689,-0.2556886,0.011467222,-0.0019504762,0.0069486923,-0.006582913,12.0,681.0,203.11546,204.9321,202.1947,203.96156,7580186.0,200.3283,199.02097,201.35481,201.65518,202.23535,-0.27239034,-0.004998116,0.0041656005,0.008943872,-0.0045332178,12.0
678.0,196.34662,198.08861,194.40555,196.04799,8140834.0,196.89409,200.02469,201.37846,201.74677,202.7173,-0.38319325,0.00063415576,-0.001520928,0.00887199,-0.0098859165,12.0,679.0,201.82143,202.07028,198.5863,199.05914,12591696.0,197.60085,199.45564,201.40459,201.76965,202.47675,-0.29357314,0.027883383,-0.013686776,0.0012330456,-0.016029593,12.0,680.0,204.13576,205.55423,202.79195,203.7376,11203878.0,198.8053,199.25157,201.47177,201.70197,202.3689,-0.2556886,0.011467222,-0.0019504762,0.0069486923,-0.006582913,12.0,681.0,203.11546,204.9321,202.1947,203.96156,7580186.0,200.3283,199.02097,201.35481,201.65518,202.23535,-0.27239034,-0.004998116,0.0041656005,0.008943872,-0.0045332178,12.0,682.0,204.70813,205.8031,198.95958,199.23332,18714926.0,202.02548,199.34117,201.20924,201.72685,202.17064,-0.24631912,0.007841188,-0.02674447,0.0053489236,-0.028081663,12.0
679.0,201.82143,202.07028,198.5863,199.05914,12591696.0,197.60085,199.45564,201.40459,201.76965,202.47675,-0.29357314,0.027883383,-0.013686776,0.0012330456,-0.016029593,12.0,680.0,204.13576,205.55423,202.79195,203.7376,11203878.0,198.8053,199.25157,201.47177,201.70197,202.3689,-0.2556886,0.011467222,-0.0019504762,0.0069486923,-0.006582913,12.0,681.0,203.11546,204.9321,202.1947,203.96156,7580186.0,200.3283,199.02097,201.35481,201.65518,202.23535,-0.27239034,-0.004998116,0.0041656005,0.008943872,-0.0045332178,12.0,682.0,204.70813,205.8031,198.95958,199.23332,18714926.0,202.02548,199.34117,201.20924,201.72685,202.17064,-0.24631912,0.007841188,-0.02674447,0.0053489236,-0.028081663,12.0,683.0,201.27393,207.99301,200.22873,206.49988,22723292.0,203.01094,199.42245,200.77126,201.70496,201.95746,-0.30253547,-0.0167761,0.025964392,0.03338279,-0.0051928936,12.0
680.0,204.13576,205.55423,202.79195,203.7376,11203878.0,198.8053,199.25157,201.47177,201.70197,202.3689,-0.2556886,0.011467222,-0.0019504762,0.0069486923,-0.006582913,12.0,681.0,203.11546,204.9321,202.1947,203.96156,7580186.0,200.3283,199.02097,201.35481,201.65518,202.23535,-0.27239034,-0.004998116,0.0041656005,0.008943872,-0.0045332178,12.0,682.0,204.70813,205.8031,198.95958,199.23332,18714926.0,202.02548,199.34117,201.20924,201.72685,202.17064,-0.24631912,0.007841188,-0.02674447,0.0053489236,-0.028081663,12.0,683.0,201.27393,207.99301,200.22873,206.49988,22723292.0,203.01094,199.42245,200.77126,201.70496,201.95746,-0.30253547,-0.0167761,0.025964392,0.03338279,-0.0051928936,12.0,684.0,203.04082,203.86203,199.88036,201.19928,12610118.0,203.25482,199.52365,200.40544,201.77463,202.01718,-0.27361226,0.008778541,-0.009069769,0.0040445984,-0.015565648,12.0
681.0,203.11546,204.9321,202.1947,203.96156,7580186.0,200.3283,199.02097,201.35481,201.65518,202.23535,-0.27239034,-0.004998116,0.0041656005,0.008943872,-0.0045332178,12.0,682.0,204.70813,205.8031,198.95958,199.23332,18714926.0,202.02548,199.34117,201.20924,201.72685,202.17064,-0.24631912,0.007841188,-0.02674447,0.0053489236,-0.028081663,12.0,683.0,201.27393,207.99301,200.22873,206.49988,22723292.0,203.01094,199.42245,200.77126,201.70496,201.95746,-0.30253547,-0.0167761,0.025964392,0.03338279,-0.0051928936,12.0,684.0,203.04082,203.86203,199.88036,201.19928,12610118.0,203.25482,199.52365,200.40544,201.77463,202.01718,-0.27361226,0.008778541,-0.009069769,0.0040445984,-0.015565648,12.0,685.0,188.68188,195.27655,188.18417,192.61378,84896210.0,200.16405,198.8053,199.47969,201.21024,201.44565,-0.50866145,-0.070719436,0.020838812,0.0349512,-0.0026378264,12.0
682.0,204.70813,205.8031,198.95958,199.23332,18714926.0,202.02548,199.34117,201.20924,201.72685,202.17064,-0.24631912,0.007841188,-0.02674447,0.0053489236,-0.028081663,12.0,683.0,201.27393,207.99301,200.22873,206.49988,22723292.0,203.01094,199.42245,200.77126,201.70496,201.95746,-0.30253547,-0.0167761,0.025964392,0.03338279,-0.0051928936,12.0,684.0,203.04082,203.86203,199.88036,201.19928,12610118.0,203.25482,199.52365,200.40544,201.77463,202.01718,-0.27361226,0.008778541,-0.009069769,0.0040445984,-0.015565648,12.0,685.0,188.68188,195.27655,188.18417,192.61378,84896210.0,200.16405,198.8053,199.47969,201.21024,201.44565,-0.50866145,-0.070719436,0.020838812,0.0349512,-0.0026378264,12.0,686.0,187.786,192.86264,187.26341,192.61378,27864794.0,197.09814,198.12012,198.54027,200.50348,200.89568,-0.52332675,-0.004748147,0.025709018,0.027034223,-0.0027828992,12.0
683.0,201.27393,207.99301,200.22873,206.49988,22723292.0,203.01094,199.42245,200.77126,201.70496,201.95746,-0.30253547,-0.0167761,0.025964392,0.03338279,-0.0051928936,12.0,684.0,203.04082,203.86203,199.88036,201.19928,12610118.0,203.25482,199.52365,200.40544,201.77463,202.01718,-0.27361226,0.008778541,-0.009069769,0.0040445984,-0.015565648,12.0,685.0,188.68188,195.27655,188.18417,192.61378,84896210.0,200.16405,198.8053,199.47969,201.21024,201.44565,-0.50866145,-0.070719436,0.020838812,0.0349512,-0.0026378264,12.0,686.0,187.786,192.86264,187.26341,192.61378,27864794.0,197.09814,198.12012,198.54027,200.50348,200.89568,-0.52332675,-0.004748147,0.025709018,0.027034223,-0.0027828992,12.0,687.0,186.69104,188.60722,185.34721,187.786,16909538.0,193.49474,197.48138,197.87956,199.66634,200.35483,-0.54125065,-0.0058308686,0.0058650537,0.010263946,-0.007198113,12.0
684.0,203.04082,203.86203,199.88036,201.19928,12610118.0,203.25482,199.52365,200.40544,201.77463,202.01718,-0.27361226,0.008778541,-0.009069769,0.0040445984,-0.015565648,12.0,685.0,188.68188,195.27655,188.18417,192.61378,84896210.0,200.16405,198.8053,199.47969,201.21024,201.44565,-0.50866145,-0.070719436,0.020838812,0.0349512,-0.0026378264,12.0,686.0,187.786,192.86264,187.26341,192.61378,27864794.0,197.09814,198.12012,198.54027,200.50348,200.89568,-0.52332675,-0.004748147,0.025709018,0.027034223,-0.0027828992,12.0,687.0,186.69104,188.60722,185.34721,187.786,16909538.0,193.49474,197.48138,197.87956,199.66634,200.35483,-0.54125065,-0.0058308686,0.0058650537,0.010263946,-0.007198113,12.0,688.0,188.78142,191.24509,188.33348,190.97136,22328480.0,190.99623,196.96709,197.3159,198.81625,199.92017,-0.50703216,0.0111969905,0.011600381,0.013050389,-0.002372776,12.0
685.0,188.68188,195.27655,188.18417,192.61378,84896210.0,200.16405,198.8053,199.47969,201.21024,201.44565,-0.50866145,-0.070719436,0.020838812,0.0349512,-0.0026378264,12.0,686.0,187.786,192.86264,187.26341,192.61378,27864794.0,197.09814,198.12012,198.54027,200.50348,200.89568,-0.52332675,-0.004748147,0.025709018,0.027034223,-0.0027828992,12.0,687.0,186.69104,188.60722,185.34721,187.786,16909538.0,193.49474,197.48138,197.87956,199.66634,200.35483,-0.54125065,-0.0058308686,0.0058650537,0.010263946,-0.007198113,12.0,688.0,188.78142,191.24509,188.33348,190.97136,22328480.0,190.99623,196.96709,197.3159,198.81625,199.92017,-0.50703216,0.0111969905,0.011600381,0.013050389,-0.002372776,12.0,689.0,188.15927,189.72707,187.66156,189.72707,10198278.0,188.01993,196.29185,196.64772,197.92833,199.48218,-0.5172164,-0.0032955925,0.008332296,0.008332296,-0.0026451529,12.0
686.0,187.786,192.86264,187.26341,192.61378,27864794.0,197.09814,198.12012,198.54027,200.50348,200.89568,-0.52332675,-0.004748147,0.025709018,0.027034223,-0.0027828992,12.0,687.0,186.69104,188.60722,185.34721,187.786,16909538.0,193.49474,197.48138,197.87956,199.66634,200.35483,-0.54125065,-0.0058308686,0.0058650537,0.010263946,-0.007198113,12.0,688.0,188.78142,191.24509,188.33348,190.97136,22328480.0,190.99623,196.96709,197.3159,198.81625,199.92017,-0.50703216,0.0111969905,0.011600381,0.013050389,-0.002372776,12.0,689.0,188.15927,189.72707,187.66156,189.72707,10198278.0,188.01993,196.29185,196.64772,197.92833,199.48218,-0.5172164,-0.0032955925,0.008332296,0.008332296,-0.0026451529,12.0,690.0,189.87637,190.42386,187.13896,187.63667,11868814.0,188.25882,195.74272,196.16867,197.23552,199.05167,-0.4891082,0.009125791,-0.011795544,0.0028833712,-0.014416776,12.0
687.0,186.69104,188.60722,185.34721,187.786,16909538.0,193.49474,197.48138,197.87956,199.66634,200.35483,-0.54125065,-0.0058308686,0.0058650537,0.010263946,-0.007198113,12.0,688.0,188.78142,191.24509,188.33348,190.97136,22328480.0,190.99623,196.96709,197.3159,198.81625,199.92017,-0.50703216,0.0111969905,0.011600381,0.013050389,-0.002372776,12.0,689.0,188.15927,189.72707,187.66156,189.72707,10198278.0,188.01993,196.29185,196.64772,197.92833,199.48218,-0.5172164,-0.0032955925,0.008332296,0.008332296,-0.0026451529,12.0,690.0,189.87637,190.42386,187.13896,187.63667,11868814.0,188.25882,195.74272,196.16867,197.23552,199.05167,-0.4891082,0.009125791,-0.011795544,0.0028833712,-0.014416776,12.0,691.0,190.39897,190.77225,189.22937,190.3741,8931540.0,188.78142,195.40262,195.78545,196.5885,198.5498,-0.48055354,0.002752308,-0.00013066997,0.001960528,-0.006142924,12.0
688.0,188.78142,191.24509,188.33348,190.97136,22328480.0,190.99623,196.96709,197.3159,198.81625,199.92017,-0.50703216,0.0111969905,0.011600381,0.013050389,-0.002372776,12.0,689.0,188.15927,189.72707,187.66156,189.72707,10198278.0,188.01993,196.29185,196.64772,197.92833,199.48218,-0.5172164,-0.0032955925,0.008332296,0.008332296,-0.0026451529,12.0,690.0,189.87637,190.42386,187.13896,187.63667,11868814.0,188.25882,195.74272,196.16867,197.23552,199.05167,-0.4891082,0.009125791,-0.011795544,0.0028833712,-0.014416776,12.0,691.0,190.39897,190.77225,189.22937,190.3741,8931540.0,188.78142,195.40262,195.78545,196.5885,198.5498,-0.48055354,0.002752308,-0.00013066997,0.001960528,-0.006142924,12.0,692.0,191.46906,192.31516,191.12065,192.31516,3472470.0,189.73701,195.08574,195.54529,196.25105,198.01144,-0.46303675,0.0056202174,0.00441898,0.00441898,-0.0018196313,12.0
689.0,188.15927,189.72707,187.66156,189.72707,10198278.0,188.01993,196.29185,196.64772,197.92833,199.48218,-0.5172164,-0.0032955925,0.008332296,0.008332296,-0.0026451529,12.0,690.0,189.87637,190.42386,187.13896,187.63667,11868814.0,188.25882,195.74272,196.16867,197.23552,199.05167,-0.4891082,0.009125791,-0.011795544,0.0028833712,-0.014416776,12.0,691.0,190.39897,190.77225,189.22937,190.3741,8931540.0,188.78142,195.40262,195.78545,196.5885,198.5498,-0.48055354,0.002752308,-0.00013066997,0.001960528,-0.006142924,12.0,692.0,191.46906,192.31516,191.12065,192.31516,3472470.0,189.73701,195.08574,195.54529,196.25105,198.01144,-0.46303675,0.0056202174,0.00441898,0.00441898,-0.0018196313,12.0,693.0,191.44417,192.34006,190.94646,192.34006,5783256.0,190.26956,194.75891,195.29271,195.90663,197.3918,-0.46344414,-0.00012997967,0.0046796263,0.0046796263,-0.002599766,12.0
690.0,189.87637,190.42386,187.13896,187.63667,11868814.0,188.25882,195.74272,196.16867,197.23552,199.05167,-0.4891082,0.009125791,-0.011795544,0.0028833712,-0.014416776,12.0,691.0,190.39897,190.77225,189.22937,190.3741,8931540.0,188.78142,195.40262,195.78545,196.5885,198.5498,-0.48055354,0.002752308,-0.00013066997,0.001960528,-0.006142924,12.0,692.0,191.46906,192.31516,191.12065,192.31516,3472470.0,189.73701,195.08574,195.54529,196.25105,198.01144,-0.46303675,0.0056202174,0.00441898,0.00441898,-0.0018196313,12.0,693.0,191.44417,192.34006,190.94646,192.34006,5783256.0,190.26956,194.75891,195.29271,195.90663,197.3918,-0.46344414,-0.00012997967,0.0046796263,0.0046796263,-0.002599766,12.0,694.0,190.44875,192.58891,189.6773,192.11607,11723118.0,190.72746,194.00073,194.90076,195.46367,196.72818,-0.47973874,-0.005199544,0.008754753,0.011237471,-0.0040506674,12.0
691.0,190.39897,190.77225,189.22937,190.3741,8931540.0,188.78142,195.40262,195.78545,196.5885,198.5498,-0.48055354,0.002752308,-0.00013066997,0.001960528,-0.006142924,12.0,692.0,191.46906,192.31516,191.12065,192.31516,3472470.0,189.73701,195.08574,195.54529,196.25105,198.01144,-0.46303675,0.0056202174,0.00441898,0.00441898,-0.0018196313,12.0,693.0,191.44417,192.34006,190.94646,192.34006,5783256.0,190.26956,194.75891,195.29271,195.90663,197.3918,-0.46344414,-0.00012997967,0.0046796263,0.0046796263,-0.002599766,12.0,694.0,190.44875,192.58891,189.6773,192.11607,11723118.0,190.72746,194.00073,194.90076,195.46367,196.72818,-0.47973874,-0.005199544,0.008754753,0.011237471,-0.0040506674,12.0,695.0,190.74738,192.04143,190.12524,190.5234,7609676.0,190.90166,193.10817,194.53246,195.11528,196.17987,-0.4748503,0.0015680322,-0.0011742001,0.0067840996,-0.0032615785,12.0
692.0,191.46906,192.31516,191.12065,192.31516,3472470.0,189.73701,195.08574,195.54529,196.25105,198.01144,-0.46303675,0.0056202174,0.00441898,0.00441898,-0.0018196313,12.0,693.0,191.44417,192.34006,190.94646,192.34006,5783256.0,190.26956,194.75891,195.29271,195.90663,197.3918,-0.46344414,-0.00012997967,0.0046796263,0.0046796263,-0.002599766,12.0,694.0,190.44875,192.58891,189.6773,192.11607,11723118.0,190.72746,194.00073,194.90076,195.46367,196.72818,-0.47973874,-0.005199544,0.008754753,0.011237471,-0.0040506674,12.0,695.0,190.74738,192.04143,190.12524,190.5234,7609676.0,190.90166,193.10817,194.53246,195.11528,196.17987,-0.4748503,0.0015680322,-0.0011742001,0.0067840996,-0.0032615785,12.0,696.0,192.3898,193.31056,191.49393,192.3898,6638382.0,191.29984,192.39313,194.37692,194.88832,195.70705,-0.44796455,0.008610475,0.0,0.004785943,-0.004656546,12.0
693.0,191.44417,192.34006,190.94646,192.34006,5783256.0,190.26956,194.75891,195.29271,195.90663,197.3918,-0.46344414,-0.00012997967,0.0046796263,0.0046796263,-0.002599766,12.0,694.0,190.44875,192.58891,189.6773,192.11607,11723118.0,190.72746,194.00073,194.90076,195.46367,196.72818,-0.47973874,-0.005199544,0.008754753,0.011237471,-0.0040506674,12.0,695.0,190.74738,192.04143,190.12524,190.5234,7609676.0,190.90166,193.10817,194.53246,195.11528,196.17987,-0.4748503,0.0015680322,-0.0011742001,0.0067840996,-0.0032615785,12.0,696.0,192.3898,193.31056,191.49393,192.3898,6638382.0,191.29984,192.39313,194.37692,194.88832,195.70705,-0.44796455,0.008610475,0.0,0.004785943,-0.004656546,12.0,697.0,195.3014,195.60004,192.41469,193.11148,11540196.0,192.0663,191.76602,194.33089,194.8495,195.55359,-0.4003029,0.015133888,-0.0112130325,0.0015290675,-0.014780805,12.0
694.0,190.44875,192.58891,189.6773,192.11607,11723118.0,190.72746,194.00073,194.90076,195.46367,196.72818,-0.47973874,-0.005199544,0.008754753,0.011237471,-0.0040506674,12.0,695.0,190.74738,192.04143,190.12524,190.5234,7609676.0,190.90166,193.10817,194.53246,195.11528,196.17987,-0.4748503,0.0015680322,-0.0011742001,0.0067840996,-0.0032615785,12.0,696.0,192.3898,193.31056,191.49393,192.3898,6638382.0,191.29984,192.39313,194.37692,194.88832,195.70705,-0.44796455,0.008610475,0.0,0.004785943,-0.004656546,12.0,697.0,195.3014,195.60004,192.41469,193.11148,11540196.0,192.0663,191.76602,194.33089,194.8495,195.55359,-0.4003029,0.015133888,-0.0112130325,0.0015290675,-0.014780805,12.0,698.0,196.07288,196.52081,194.43042,195.52539,6716614.0,192.99203,191.41928,194.3172,194.83258,195.42087,-0.3876743,0.003950146,-0.002792248,0.0022845382,-0.008376744,12.0
695.0,190.74738,192.04143,190.12524,190.5234,7609676.0,190.90166,193.10817,194.53246,195.11528,196.17987,-0.4748503,0.0015680322,-0.0011742001,0.0067840996,-0.0032615785,12.0,696.0,192.3898,193.31056,191.49393,192.3898,6638382.0,191.29984,192.39313,194.37692,194.88832,195.70705,-0.44796455,0.008610475,0.0,0.004785943,-0.004656546,12.0,697.0,195.3014,195.60004,192.41469,193.11148,11540196.0,192.0663,191.76602,194.33089,194.8495,195.55359,-0.4003029,0.015133888,-0.0112130325,0.0015290675,-0.014780805,12.0,698.0,196.07288,196.52081,194.43042,195.52539,6716614.0,192.99203,191.41928,194.3172,194.83258,195.42087,-0.3876743,0.003950146,-0.002792248,0.0022845382,-0.008376744,12.0,699.0,193.36035,195.97333,191.8921,193.98248,10312476.0,193.57436,190.77391,193.89413,194.63548,195.14879,-0.43207708,-0.013834267,0.0032175032,0.013513514,-0.007593339,12.0
696.0,192.3898,193.31056,191.49393,192.3898,6638382.0,191.29984,192.39313,194.37692,194.88832,195.70705,-0.44796455,0.008610475,0.0,0.004785943,-0.004656546,12.0,697.0,195.3014,195.60004,192.41469,193.11148,11540196.0,192.0663,191.76602,194.33089,194.8495,195.55359,-0.4003029,0.015133888,-0.0112130325,0.0015290675,-0.014780805,12.0,698.0,196.07288,196.52081,194.43042,195.52539,6716614.0,192.99203,191.41928,194.3172,194.83258,195.42087,-0.3876743,0.003950146,-0.002792248,0.0022845382,-0.008376744,12.0,699.0,193.36035,195.97333,191.8921,193.98248,10312476.0,193.57436,190.77391,193.89413,194.63548,195.14879,-0.43207708,-0.013834267,0.0032175032,0.013513514,-0.007593339,12.0,700.0,194.38065,195.3014,191.94186,193.36035,9023630.0,194.30101,191.15384,193.40639,194.48616,194.97957,-0.41537532,0.0052766465,-0.005248977,0.0047369255,-0.012546394,12.0
697.0,195.3014,195.60004,192.41469,193.11148,11540196.0,192.0663,191.76602,194.33089,194.8495,195.55359,-0.4003029,0.015133888,-0.0112130325,0.0015290675,-0.014780805,12.0,698.0,196.07288,196.52081,194.43042,195.52539,6716614.0,192.99203,191.41928,194.3172,194.83258,195.42087,-0.3876743,0.003950146,-0.002792248,0.0022845382,-0.008376744,12.0,699.0,193.36035,195.97333,191.8921,193.98248,10312476.0,193.57436,190.77391,193.89413,194.63548,195.14879,-0.43207708,-0.013834267,0.0032175032,0.013513514,-0.007593339,12.0,700.0,194.38065,195.3014,191.94186,193.36035,9023630.0,194.30101,191.15384,193.40639,194.48616,194.97957,-0.41537532,0.0052766465,-0.005248977,0.0047369255,-0.012546394,12.0,701.0,194.85349,196.52081,192.91241,195.60005,8252598.0,194.79375,191.625,192.99329,194.46028,194.87256,-0.40763515,0.0024325433,0.0038314175,0.008556848,-0.00996167,12.0
698.0,196.07288,196.52081,194.43042,195.52539,6716614.0,192.99203,191.41928,194.3172,194.83258,195.42087,-0.3876743,0.003950146,-0.002792248,0.0022845382,-0.008376744,12.0,699.0,193.36035,195.97333,191.8921,193.98248,10312476.0,193.57436,190.77391,193.89413,194.63548,195.14879,-0.43207708,-0.013834267,0.0032175032,0.013513514,-0.007593339,12.0,700.0,194.38065,195.3014,191.94186,193.36035,9023630.0,194.30101,191.15384,193.40639,194.48616,194.97957,-0.41537532,0.0052766465,-0.005248977,0.0047369255,-0.012546394,12.0,701.0,194.85349,196.52081,192.91241,195.60005,8252598.0,194.79375,191.625,192.99329,194.46028,194.87256,-0.40763515,0.0024325433,0.0038314175,0.008556848,-0.00996167,12.0,702.0,194.57974,196.29683,193.68385,196.12263,6862546.0,194.64941,192.15091,192.48686,194.39459,194.81615,-0.4121162,-0.0014048641,0.00792934,0.008824611,-0.004604216,12.0
699.0,193.36035,195.97333,191.8921,193.98248,10312476.0,193.57436,190.77391,193.89413,194.63548,195.14879,-0.43207708,-0.013834267,0.0032175032,0.013513514,-0.007593339,12.0,700.0,194.38065,195.3014,191.94186,193.36035,9023630.0,194.30101,191.15384,193.40639,194.48616,194.97957,-0.41537532,0.0052766465,-0.005248977,0.0047369255,-0.012546394,12.0,701.0,194.85349,196.52081,192.91241,195.60005,8252598.0,194.79375,191.625,192.99329,194.46028,194.87256,-0.40763515,0.0024325433,0.0038314175,0.008556848,-0.00996167,12.0,702.0,194.57974,196.29683,193.68385,196.12263,6862546.0,194.64941,192.15091,192.48686,194.39459,194.81615,-0.4121162,-0.0014048641,0.00792934,0.008824611,-0.004604216,12.0,703.0,193.55943,194.6544,192.61378,193.50966,5494908.0,194.14673,192.46945,192.10115,194.2831,194.71826,-0.4288182,-0.005243657,-0.0002571512,0.0056570126,-0.004885559,12.0
700.0,194.38065,195.3014,191.94186,193.36035,9023630.0,194.30101,191.15384,193.40639,194.48616,194.97957,-0.41537532,0.0052766465,-0.005248977,0.0047369255,-0.012546394,12.0,701.0,194.85349,196.52081,192.91241,195.60005,8252598.0,194.79375,191.625,192.99329,194.46028,194.87256,-0.40763515,0.0024325433,0.0038314175,0.008556848,-0.00996167,12.0,702.0,194.57974,196.29683,193.68385,196.12263,6862546.0,194.64941,192.15091,192.48686,194.39459,194.81615,-0.4121162,-0.0014048641,0.00792934,0.008824611,-0.004604216,12.0,703.0,193.55943,194.6544,192.61378,193.50966,5494908.0,194.14673,192.46945,192.10115,194.2831,194.71826,-0.4288182,-0.005243657,-0.0002571512,0.0056570126,-0.004885559,12.0,704.0,198.93471,201.99562,197.71532,198.33745,28417046.0,195.2616,193.1878,191.89584,194.16763,194.73984,-0.3408274,0.027770668,-0.0030022822,0.015386525,-0.0061296276,12.0
701.0,194.85349,196.52081,192.91241,195.60005,8252598.0,194.79375,191.625,192.99329,194.46028,194.87256,-0.40763515,0.0024325433,0.0038314175,0.008556848,-0.00996167,12.0,702.0,194.57974,196.29683,193.68385,196.12263,6862546.0,194.64941,192.15091,192.48686,194.39459,194.81615,-0.4121162,-0.0014048641,0.00792934,0.008824611,-0.004604216,12.0,703.0,193.55943,194.6544,192.61378,193.50966,5494908.0,194.14673,192.46945,192.10115,194.2831,194.71826,-0.4288182,-0.005243657,-0.0002571512,0.0056570126,-0.004885559,12.0,704.0,198.93471,201.99562,197.71532,198.33745,28417046.0,195.2616,193.1878,191.89584,194.16763,194.73984,-0.3408274,0.027770668,-0.0030022822,0.015386525,-0.0061296276,12.0,705.0,197.36691,200.40295,196.8692,200.40295,17623428.0,195.85886,193.68718,192.3301,193.89688,194.71495,-0.3664915,-0.007880951,0.015382691,0.015382691,-0.0025217503,12.0
702.0,194.57974,196.29683,193.68385,196.12263,6862546.0,194.64941,192.15091,192.48686,194.39459,194.81615,-0.4121162,-0.0014048641,0.00792934,0.008824611,-0.004604216,12.0,703.0,193.55943,194.6544,192.61378,193.50966,5494908.0,194.14673,192.46945,192.10115,194.2831,194.71826,-0.4288182,-0.005243657,-0.0002571512,0.0056570126,-0.004885559,12.0,704.0,198.93471,201.99562,197.71532,198.33745,28417046.0,195.2616,193.1878,191.89584,194.16763,194.73984,-0.3408274,0.027770668,-0.0030022822,0.015386525,-0.0061296276,12.0,705.0,197.36691,200.40295,196.8692,200.40295,17623428.0,195.85886,193.68718,192.3301,193.89688,194.71495,-0.3664915,-0.007880951,0.015382691,0.015382691,-0.0025217503,12.0,706.0,197.66554,198.86005,196.09776,198.11348,12462712.0,196.42126,194.17162,192.82407,193.67888,194.78712,-0.36160305,0.001513069,0.0022661309,0.0060430416,-0.007931497,12.0
703.0,193.55943,194.6544,192.61378,193.50966,5494908.0,194.14673,192.46945,192.10115,194.2831,194.71826,-0.4288182,-0.005243657,-0.0002571512,0.0056570126,-0.004885559,12.0,704.0,198.93471,201.99562,197.71532,198.33745,28417046.0,195.2616,193.1878,191.89584,194.16763,194.73984,-0.3408274,0.027770668,-0.0030022822,0.015386525,-0.0061296276,12.0,705.0,197.36691,200.40295,196.8692,200.40295,17623428.0,195.85886,193.68718,192.3301,193.89688,194.71495,-0.3664915,-0.007880951,0.015382691,0.015382691,-0.0025217503,12.0,706.0,197.66554,198.86005,196.09776,198.11348,12462712.0,196.42126,194.17162,192.82407,193.67888,194.78712,-0.36160305,0.001513069,0.0022661309,0.0060430416,-0.007931497,12.0,707.0,198.21301,199.93011,197.19272,198.58629,11039528.0,197.14792,194.62122,193.40016,193.41908,194.85349,-0.35264122,0.002769679,0.0018832391,0.008662931,-0.0051474897,12.0
704.0,198.93471,201.99562,197.71532,198.33745,28417046.0,195.2616,193.1878,191.89584,194.16763,194.73984,-0.3408274,0.027770668,-0.0030022822,0.015386525,-0.0061296276,12.0,705.0,197.36691,200.40295,196.8692,200.40295,17623428.0,195.85886,193.68718,192.3301,193.89688,194.71495,-0.3664915,-0.007880951,0.015382691,0.015382691,-0.0025217503,12.0,706.0,197.66554,198.86005,196.09776,198.11348,12462712.0,196.42126,194.17162,192.82407,193.67888,194.78712,-0.36160305,0.001513069,0.0022661309,0.0060430416,-0.007931497,12.0,707.0,198.21301,199.93011,197.19272,198.58629,11039528.0,197.14792,194.62122,193.40016,193.41908,194.85349,-0.35264122,0.002769679,0.0018832391,0.008662931,-0.0051474897,12.0,708.0,197.46646,198.0886,196.59547,198.03882,6057616.0,197.92932,195.0227,193.83441,193.26678,194.89081,-0.36486194,-0.0037664103,0.0028985352,0.0031505986,-0.0044108382,12.0
705.0,197.36691,200.40295,196.8692,200.40295,17623428.0,195.85886,193.68718,192.3301,193.89688,194.71495,-0.3664915,-0.007880951,0.015382691,0.015382691,-0.0025217503,12.0,706.0,197.66554,198.86005,196.09776,198.11348,12462712.0,196.42126,194.17162,192.82407,193.67888,194.78712,-0.36160305,0.001513069,0.0022661309,0.0060430416,-0.007931497,12.0,707.0,198.21301,199.93011,197.19272,198.58629,11039528.0,197.14792,194.62122,193.40016,193.41908,194.85349,-0.35264122,0.002769679,0.0018832391,0.008662931,-0.0051474897,12.0,708.0,197.46646,198.0886,196.59547,198.03882,6057616.0,197.92932,195.0227,193.83441,193.26678,194.89081,-0.36486194,-0.0037664103,0.0028985352,0.0031505986,-0.0044108382,12.0,709.0,196.0231,198.53653,195.5005,198.01395,9546202.0,197.347,195.39432,194.22762,192.98607,194.69753,-0.38848907,-0.0073093898,0.010156151,0.012822109,-0.0026660361,12.0
706.0,197.66554,198.86005,196.09776,198.11348,12462712.0,196.42126,194.17162,192.82407,193.67888,194.78712,-0.36160305,0.001513069,0.0022661309,0.0060430416,-0.007931497,12.0,707.0,198.21301,199.93011,197.19272,198.58629,11039528.0,197.14792,194.62122,193.40016,193.41908,194.85349,-0.35264122,0.002769679,0.0018832391,0.008662931,-0.0051474897,12.0,708.0,197.46646,198.0886,196.59547,198.03882,6057616.0,197.92932,195.0227,193.83441,193.26678,194.89081,-0.36486194,-0.0037664103,0.0028985352,0.0031505986,-0.0044108382,12.0,709.0,196.0231,198.53653,195.5005,198.01395,9546202.0,197.347,195.39432,194.22762,192.98607,194.69753,-0.38848907,-0.0073093898,0.010156151,0.012822109,-0.0026660361,12.0,710.0,193.43501,196.32175,192.91243,196.02312,7904612.0,196.56062,195.5735,194.40555,193.1762,194.34084,-0.43085492,-0.013202979,0.013379679,0.0149235,-0.0027016283,12.0
707.0,198.21301,199.93011,197.19272,198.58629,11039528.0,197.14792,194.62122,193.40016,193.41908,194.85349,-0.35264122,0.002769679,0.0018832391,0.008662931,-0.0051474897,12.0,708.0,197.46646,198.0886,196.59547,198.03882,6057616.0,197.92932,195.0227,193.83441,193.26678,194.89081,-0.36486194,-0.0037664103,0.0028985352,0.0031505986,-0.0044108382,12.0,709.0,196.0231,198.53653,195.5005,198.01395,9546202.0,197.347,195.39432,194.22762,192.98607,194.69753,-0.38848907,-0.0073093898,0.010156151,0.012822109,-0.0026660361,12.0,710.0,193.43501,196.32175,192.91243,196.02312,7904612.0,196.56062,195.5735,194.40555,193.1762,194.34084,-0.43085492,-0.013202979,0.013379679,0.0149235,-0.0027016283,12.0,711.0,193.50966,193.80829,191.3695,193.6092,8410828.0,195.72945,195.64816,194.56108,193.40514,194.02065,-0.429633,0.00038589703,0.0005144347,0.0015432256,-0.01105964,12.0
708.0,197.46646,198.0886,196.59547,198.03882,6057616.0,197.92932,195.0227,193.83441,193.26678,194.89081,-0.36486194,-0.0037664103,0.0028985352,0.0031505986,-0.0044108382,12.0,709.0,196.0231,198.53653,195.5005,198.01395,9546202.0,197.347,195.39432,194.22762,192.98607,194.69753,-0.38848907,-0.0073093898,0.010156151,0.012822109,-0.0026660361,12.0,710.0,193.43501,196.32175,192.91243,196.02312,7904612.0,196.56062,195.5735,194.40555,193.1762,194.34084,-0.43085492,-0.013202979,0.013379679,0.0149235,-0.0027016283,12.0,711.0,193.50966,193.80829,191.3695,193.6092,8410828.0,195.72945,195.64816,194.56108,193.40514,194.02065,-0.429633,0.00038589703,0.0005144347,0.0015432256,-0.01105964,12.0,712.0,193.48479,195.07747,193.11151,194.48021,6717760.0,194.7838,195.52705,194.66187,193.6769,193.64653,-0.43004012,-0.00012853016,0.0051446944,0.008231543,-0.0019292604,12.0
709.0,196.0231,198.53653,195.5005,198.01395,9546202.0,197.347,195.39432,194.22762,192.98607,194.69753,-0.38848907,-0.0073093898,0.010156151,0.012822109,-0.0026660361,12.0,710.0,193.43501,196.32175,192.91243,196.02312,7904612.0,196.56062,195.5735,194.40555,193.1762,194.34084,-0.43085492,-0.013202979,0.013379679,0.0149235,-0.0027016283,12.0,711.0,193.50966,193.80829,191.3695,193.6092,8410828.0,195.72945,195.64816,194.56108,193.40514,194.02065,-0.429633,0.00038589703,0.0005144347,0.0015432256,-0.01105964,12.0,712.0,193.48479,195.07747,193.11151,194.48021,6717760.0,194.7838,195.52705,194.66187,193.6769,193.64653,-0.43004012,-0.00012853016,0.0051446944,0.008231543,-0.0019292604,12.0,713.0,198.21301,198.95958,193.68385,194.05713,13370266.0,194.93312,195.66972,195.0003,194.05415,193.54451,-0.35264122,0.024437197,-0.020966744,0.0037664783,-0.022849984,12.0
710.0,193.43501,196.32175,192.91243,196.02312,7904612.0,196.56062,195.5735,194.40555,193.1762,194.34084,-0.43085492,-0.013202979,0.013379679,0.0149235,-0.0027016283,12.0,711.0,193.50966,193.80829,191.3695,193.6092,8410828.0,195.72945,195.64816,194.56108,193.40514,194.02065,-0.429633,0.00038589703,0.0005144347,0.0015432256,-0.01105964,12.0,712.0,193.48479,195.07747,193.11151,194.48021,6717760.0,194.7838,195.52705,194.66187,193.6769,193.64653,-0.43004012,-0.00012853016,0.0051446944,0.008231543,-0.0019292604,12.0,713.0,198.21301,198.95958,193.68385,194.05713,13370266.0,194.93312,195.66972,195.0003,194.05415,193.54451,-0.35264122,0.024437197,-0.020966744,0.0037664783,-0.022849984,12.0,714.0,200.4776,201.27394,197.04341,198.5863,13648550.0,195.82402,196.14421,195.50174,194.54689,193.45906,-0.31557095,0.011425019,-0.009433933,0.00397221,-0.017130075,12.0
711.0,193.50966,193.80829,191.3695,193.6092,8410828.0,195.72945,195.64816,194.56108,193.40514,194.02065,-0.429633,0.00038589703,0.0005144347,0.0015432256,-0.01105964,12.0,712.0,193.48479,195.07747,193.11151,194.48021,6717760.0,194.7838,195.52705,194.66187,193.6769,193.64653,-0.43004012,-0.00012853016,0.0051446944,0.008231543,-0.0019292604,12.0,713.0,198.21301,198.95958,193.68385,194.05713,13370266.0,194.93312,195.66972,195.0003,194.05415,193.54451,-0.35264122,0.024437197,-0.020966744,0.0037664783,-0.022849984,12.0,714.0,200.4776,201.27394,197.04341,198.5863,13648550.0,195.82402,196.14421,195.50174,194.54689,193.45906,-0.31557095,0.011425019,-0.009433933,0.00397221,-0.017130075,12.0,715.0,201.89607,203.78738,200.07944,200.4776,13679200.0,197.51622,196.64523,196.05917,195.02768,193.89954,-0.29235122,0.0070754653,-0.0070257764,0.009367727,-0.008997889,12.0
712.0,193.48479,195.07747,193.11151,194.48021,6717760.0,194.7838,195.52705,194.66187,193.6769,193.64653,-0.43004012,-0.00012853016,0.0051446944,0.008231543,-0.0019292604,12.0,713.0,198.21301,198.95958,193.68385,194.05713,13370266.0,194.93312,195.66972,195.0003,194.05415,193.54451,-0.35264122,0.024437197,-0.020966744,0.0037664783,-0.022849984,12.0,714.0,200.4776,201.27394,197.04341,198.5863,13648550.0,195.82402,196.14421,195.50174,194.54689,193.45906,-0.31557095,0.011425019,-0.009433933,0.00397221,-0.017130075,12.0,715.0,201.89607,203.78738,200.07944,200.4776,13679200.0,197.51622,196.64523,196.05917,195.02768,193.89954,-0.29235122,0.0070754653,-0.0070257764,0.009367727,-0.008997889,12.0,716.0,201.64722,203.51363,200.52737,200.57715,9102602.0,199.14374,197.09814,196.52205,195.4776,194.36157,-0.29642487,-0.0012325925,-0.0053066616,0.009255831,-0.005553499,12.0
713.0,198.21301,198.95958,193.68385,194.05713,13370266.0,194.93312,195.66972,195.0003,194.05415,193.54451,-0.35264122,0.024437197,-0.020966744,0.0037664783,-0.022849984,12.0,714.0,200.4776,201.27394,197.04341,198.5863,13648550.0,195.82402,196.14421,195.50174,194.54689,193.45906,-0.31557095,0.011425019,-0.009433933,0.00397221,-0.017130075,12.0,715.0,201.89607,203.78738,200.07944,200.4776,13679200.0,197.51622,196.64523,196.05917,195.02768,193.89954,-0.29235122,0.0070754653,-0.0070257764,0.009367727,-0.008997889,12.0,716.0,201.64722,203.51363,200.52737,200.57715,9102602.0,199.14374,197.09814,196.52205,195.4776,194.36157,-0.29642487,-0.0012325925,-0.0053066616,0.009255831,-0.005553499,12.0,717.0,202.51822,203.0657,200.40295,202.51822,13892346.0,200.95042,197.62738,196.88289,195.91957,194.88914,-0.28216696,0.004319436,0.0,0.002703382,-0.010444826,12.0
714.0,200.4776,201.27394,197.04341,198.5863,13648550.0,195.82402,196.14421,195.50174,194.54689,193.45906,-0.31557095,0.011425019,-0.009433933,0.00397221,-0.017130075,12.0,715.0,201.89607,203.78738,200.07944,200.4776,13679200.0,197.51622,196.64523,196.05917,195.02768,193.89954,-0.29235122,0.0070754653,-0.0070257764,0.009367727,-0.008997889,12.0,716.0,201.64722,203.51363,200.52737,200.57715,9102602.0,199.14374,197.09814,196.52205,195.4776,194.36157,-0.29642487,-0.0012325925,-0.0053066616,0.009255831,-0.005553499,12.0,717.0,202.51822,203.0657,200.40295,202.51822,13892346.0,200.95042,197.62738,196.88289,195.91957,194.88914,-0.28216696,0.004319436,0.0,0.002703382,-0.010444826,12.0,718.0,205.90265,207.22157,204.88234,205.4796,15852984.0,202.48836,198.45027,197.37437,196.49791,195.45985,-0.22676538,0.01671173,-0.0020546436,0.006405593,-0.0049553257,12.0
715.0,201.89607,203.78738,200.07944,200.4776,13679200.0,197.51622,196.64523,196.05917,195.02768,193.89954,-0.29235122,0.0070754653,-0.0070257764,0.009367727,-0.008997889,12.0,716.0,201.64722,203.51363,200.52737,200.57715,9102602.0,199.14374,197.09814,196.52205,195.4776,194.36157,-0.29642487,-0.0012325925,-0.0053066616,0.009255831,-0.005553499,12.0,717.0,202.51822,203.0657,200.40295,202.51822,13892346.0,200.95042,197.62738,196.88289,195.91957,194.88914,-0.28216696,0.004319436,0.0,0.002703382,-0.010444826,12.0,718.0,205.90265,207.22157,204.88234,205.4796,15852984.0,202.48836,198.45027,197.37437,196.49791,195.45985,-0.22676538,0.01671173,-0.0020546436,0.006405593,-0.0049553257,12.0,719.0,205.25563,206.0022,203.5883,205.95242,11726622.0,203.44395,198.87166,197.96915,197.0902,196.02974,-0.23735678,-0.0031423513,0.0033947476,0.0036372454,-0.008123197,12.0
716.0,201.64722,203.51363,200.52737,200.57715,9102602.0,199.14374,197.09814,196.52205,195.4776,194.36157,-0.29642487,-0.0012325925,-0.0053066616,0.009255831,-0.005553499,12.0,717.0,202.51822,203.0657,200.40295,202.51822,13892346.0,200.95042,197.62738,196.88289,195.91957,194.88914,-0.28216696,0.004319436,0.0,0.002703382,-0.010444826,12.0,718.0,205.90265,207.22157,204.88234,205.4796,15852984.0,202.48836,198.45027,197.37437,196.49791,195.45985,-0.22676538,0.01671173,-0.0020546436,0.006405593,-0.0049553257,12.0,719.0,205.25563,206.0022,203.5883,205.95242,11726622.0,203.44395,198.87166,197.96915,197.0902,196.02974,-0.23735678,-0.0031423513,0.0033947476,0.0036372454,-0.008123197,12.0,720.0,205.23074,206.5248,204.38463,205.67868,9947062.0,204.11089,199.39592,198.51164,197.66953,196.54155,-0.23776416,-0.00012124922,0.002182597,0.006305338,-0.004122741,12.0
717.0,202.51822,203.0657,200.40295,202.51822,13892346.0,200.95042,197.62738,196.88289,195.91957,194.88914,-0.28216696,0.004319436,0.0,0.002703382,-0.010444826,12.0,718.0,205.90265,207.22157,204.88234,205.4796,15852984.0,202.48836,198.45027,197.37437,196.49791,195.45985,-0.22676538,0.01671173,-0.0020546436,0.006405593,-0.0049553257,12.0,719.0,205.25563,206.0022,203.5883,205.95242,11726622.0,203.44395,198.87166,197.96915,197.0902,196.02974,-0.23735678,-0.0031423513,0.0033947476,0.0036372454,-0.008123197,12.0,720.0,205.23074,206.5248,204.38463,205.67868,9947062.0,204.11089,199.39592,198.51164,197.66953,196.54155,-0.23776416,-0.00012124922,0.002182597,0.006305338,-0.004122741,12.0,721.0,204.73303,205.35516,202.96616,204.30998,8832518.0,204.72806,199.86708,199.00563,198.16325,197.01935,-0.24591148,-0.0024251298,-0.0020663817,0.0030387747,-0.008630165,12.0
718.0,205.90265,207.22157,204.88234,205.4796,15852984.0,202.48836,198.45027,197.37437,196.49791,195.45985,-0.22676538,0.01671173,-0.0020546436,0.006405593,-0.0049553257,12.0,719.0,205.25563,206.0022,203.5883,205.95242,11726622.0,203.44395,198.87166,197.96915,197.0902,196.02974,-0.23735678,-0.0031423513,0.0033947476,0.0036372454,-0.008123197,12.0,720.0,205.23074,206.5248,204.38463,205.67868,9947062.0,204.11089,199.39592,198.51164,197.66953,196.54155,-0.23776416,-0.00012124922,0.002182597,0.006305338,-0.004122741,12.0,721.0,204.73303,205.35516,202.96616,204.30998,8832518.0,204.72806,199.86708,199.00563,198.16325,197.01935,-0.24591148,-0.0024251298,-0.0020663817,0.0030387747,-0.008630165,12.0,722.0,202.21959,203.81227,201.72188,203.56342,6568616.0,204.66833,200.13419,199.38762,198.43999,197.3777,-0.2870554,-0.012276685,0.006645366,0.007875984,-0.0024612355,12.0
719.0,205.25563,206.0022,203.5883,205.95242,11726622.0,203.44395,198.87166,197.96915,197.0902,196.02974,-0.23735678,-0.0031423513,0.0033947476,0.0036372454,-0.008123197,12.0,720.0,205.23074,206.5248,204.38463,205.67868,9947062.0,204.11089,199.39592,198.51164,197.66953,196.54155,-0.23776416,-0.00012124922,0.002182597,0.006305338,-0.004122741,12.0,721.0,204.73303,205.35516,202.96616,204.30998,8832518.0,204.72806,199.86708,199.00563,198.16325,197.01935,-0.24591148,-0.0024251298,-0.0020663817,0.0030387747,-0.008630165,12.0,722.0,202.21959,203.81227,201.72188,203.56342,6568616.0,204.66833,200.13419,199.38762,198.43999,197.3777,-0.2870554,-0.012276685,0.006645366,0.007875984,-0.0024612355,12.0,723.0,200.92555,203.0657,200.72646,202.69241,8940712.0,203.67291,200.36479,199.75592,198.6341,197.69374,-0.30823818,-0.006399167,0.008793628,0.010651443,-0.0009908952,12.0
720.0,205.23074,206.5248,204.38463,205.67868,9947062.0,204.11089,199.39592,198.51164,197.66953,196.54155,-0.23776416,-0.00012124922,0.002182597,0.006305338,-0.004122741,12.0,721.0,204.73303,205.35516,202.96616,204.30998,8832518.0,204.72806,199.86708,199.00563,198.16325,197.01935,-0.24591148,-0.0024251298,-0.0020663817,0.0030387747,-0.008630165,12.0,722.0,202.21959,203.81227,201.72188,203.56342,6568616.0,204.66833,200.13419,199.38762,198.43999,197.3777,-0.2870554,-0.012276685,0.006645366,0.007875984,-0.0024612355,12.0,723.0,200.92555,203.0657,200.72646,202.69241,8940712.0,203.67291,200.36479,199.75592,198.6341,197.69374,-0.30823818,-0.006399167,0.008793628,0.010651443,-0.0009908952,12.0,724.0,196.12263,202.07028,194.72905,202.07028,15423336.0,201.84631,200.37143,199.61533,198.74458,197.88287,-0.38685977,-0.023903966,0.030326134,0.030326134,-0.0071056667,12.0
721.0,204.73303,205.35516,202.96616,204.30998,8832518.0,204.72806,199.86708,199.00563,198.16325,197.01935,-0.24591148,-0.0024251298,-0.0020663817,0.0030387747,-0.008630165,12.0,722.0,202.21959,203.81227,201.72188,203.56342,6568616.0,204.66833,200.13419,199.38762,198.43999,197.3777,-0.2870554,-0.012276685,0.006645366,0.007875984,-0.0024612355,12.0,723.0,200.92555,203.0657,200.72646,202.69241,8940712.0,203.67291,200.36479,199.75592,198.6341,197.69374,-0.30823818,-0.006399167,0.008793628,0.010651443,-0.0009908952,12.0,724.0,196.12263,202.07028,194.72905,202.07028,15423336.0,201.84631,200.37143,199.61533,198.74458,197.88287,-0.38685977,-0.023903966,0.030326134,0.030326134,-0.0071056667,12.0,725.0,197.26738,197.83974,193.1115,195.55028,10365880.0,200.25363,200.62692,199.61035,198.86005,198.1002,-0.36812082,0.005836883,-0.008704458,0.0029014605,-0.021067254,12.0
722.0,202.21959,203.81227,201.72188,203.56342,6568616.0,204.66833,200.13419,199.38762,198.43999,197.3777,-0.2870554,-0.012276685,0.006645366,0.007875984,-0.0024612355,12.0,723.0,200.92555,203.0657,200.72646,202.69241,8940712.0,203.67291,200.36479,199.75592,198.6341,197.69374,-0.30823818,-0.006399167,0.008793628,0.010651443,-0.0009908952,12.0,724.0,196.12263,202.07028,194.72905,202.07028,15423336.0,201.84631,200.37143,199.61533,198.74458,197.88287,-0.38685977,-0.023903966,0.030326134,0.030326134,-0.0071056667,12.0,725.0,197.26738,197.83974,193.1115,195.55028,10365880.0,200.25363,200.62692,199.61035,198.86005,198.1002,-0.36812082,0.005836883,-0.008704458,0.0029014605,-0.021067254,12.0,726.0,197.96417,198.76051,197.09319,198.2628,6813842.0,198.89987,200.92389,199.62527,198.98448,198.28603,-0.35671464,0.003532224,0.0015085005,0.0040226425,-0.0043997485,12.0
723.0,200.92555,203.0657,200.72646,202.69241,8940712.0,203.67291,200.36479,199.75592,198.6341,197.69374,-0.30823818,-0.006399167,0.008793628,0.010651443,-0.0009908952,12.0,724.0,196.12263,202.07028,194.72905,202.07028,15423336.0,201.84631,200.37143,199.61533,198.74458,197.88287,-0.38685977,-0.023903966,0.030326134,0.030326134,-0.0071056667,12.0,725.0,197.26738,197.83974,193.1115,195.55028,10365880.0,200.25363,200.62692,199.61035,198.86005,198.1002,-0.36812082,0.005836883,-0.008704458,0.0029014605,-0.021067254,12.0,726.0,197.96417,198.76051,197.09319,198.2628,6813842.0,198.89987,200.92389,199.62527,198.98448,198.28603,-0.35671464,0.003532224,0.0015085005,0.0040226425,-0.0043997485,12.0,727.0,199.1089,201.32372,198.71074,199.48218,9995152.0,198.27773,201.29883,199.67007,199.16563,198.41293,-0.33797592,0.005782509,0.0018747657,0.01112364,-0.0019997195,12.0
724.0,196.12263,202.07028,194.72905,202.07028,15423336.0,201.84631,200.37143,199.61533,198.74458,197.88287,-0.38685977,-0.023903966,0.030326134,0.030326134,-0.0071056667,12.0,725.0,197.26738,197.83974,193.1115,195.55028,10365880.0,200.25363,200.62692,199.61035,198.86005,198.1002,-0.36812082,0.005836883,-0.008704458,0.0029014605,-0.021067254,12.0,726.0,197.96417,198.76051,197.09319,198.2628,6813842.0,198.89987,200.92389,199.62527,198.98448,198.28603,-0.35671464,0.003532224,0.0015085005,0.0040226425,-0.0043997485,12.0,727.0,199.1089,201.32372,198.71074,199.48218,9995152.0,198.27773,201.29883,199.67007,199.16563,198.41293,-0.33797592,0.005782509,0.0018747657,0.01112364,-0.0019997195,12.0,728.0,196.695,198.95958,196.12263,198.95958,7766926.0,197.43163,201.19763,199.6315,199.29106,198.43367,-0.37749028,-0.01212349,0.011513127,0.011513127,-0.0029099807,12.0
725.0,197.26738,197.83974,193.1115,195.55028,10365880.0,200.25363,200.62692,199.61035,198.86005,198.1002,-0.36812082,0.005836883,-0.008704458,0.0029014605,-0.021067254,12.0,726.0,197.96417,198.76051,197.09319,198.2628,6813842.0,198.89987,200.92389,199.62527,198.98448,198.28603,-0.35671464,0.003532224,0.0015085005,0.0040226425,-0.0043997485,12.0,727.0,199.1089,201.32372,198.71074,199.48218,9995152.0,198.27773,201.29883,199.67007,199.16563,198.41293,-0.33797592,0.005782509,0.0018747657,0.01112364,-0.0019997195,12.0,728.0,196.695,198.95958,196.12263,198.95958,7766926.0,197.43163,201.19763,199.6315,199.29106,198.43367,-0.37749028,-0.01212349,0.011513127,0.011513127,-0.0029099807,12.0,729.0,193.98248,196.49591,193.13637,194.8037,18012634.0,197.00359,200.76462,199.52946,199.09297,198.4544,-0.42189306,-0.01379051,0.0042334674,0.012956993,-0.004361802,12.0
726.0,197.96417,198.76051,197.09319,198.2628,6813842.0,198.89987,200.92389,199.62527,198.98448,198.28603,-0.35671464,0.003532224,0.0015085005,0.0040226425,-0.0043997485,12.0,727.0,199.1089,201.32372,198.71074,199.48218,9995152.0,198.27773,201.29883,199.67007,199.16563,198.41293,-0.33797592,0.005782509,0.0018747657,0.01112364,-0.0019997195,12.0,728.0,196.695,198.95958,196.12263,198.95958,7766926.0,197.43163,201.19763,199.6315,199.29106,198.43367,-0.37749028,-0.01212349,0.011513127,0.011513127,-0.0029099807,12.0,729.0,193.98248,196.49591,193.13637,194.8037,18012634.0,197.00359,200.76462,199.52946,199.09297,198.4544,-0.42189306,-0.01379051,0.0042334674,0.012956993,-0.004361802,12.0,730.0,193.6341,194.35577,191.96678,193.33548,8838046.0,196.27693,200.21382,199.53943,198.94366,198.42953,-0.42759603,-0.00179598,-0.0015421555,0.0037270589,-0.008610656,12.0
727.0,199.1089,201.32372,198.71074,199.48218,9995152.0,198.27773,201.29883,199.67007,199.16563,198.41293,-0.33797592,0.005782509,0.0018747657,0.01112364,-0.0019997195,12.0,728.0,196.695,198.95958,196.12263,198.95958,7766926.0,197.43163,201.19763,199.6315,199.29106,198.43367,-0.37749028,-0.01212349,0.011513127,0.011513127,-0.0029099807,12.0,729.0,193.98248,196.49591,193.13637,194.8037,18012634.0,197.00359,200.76462,199.52946,199.09297,198.4544,-0.42189306,-0.01379051,0.0042334674,0.012956993,-0.004361802,12.0,730.0,193.6341,194.35577,191.96678,193.33548,8838046.0,196.27693,200.21382,199.53943,198.94366,198.42953,-0.42759603,-0.00179598,-0.0015421555,0.0037270589,-0.008610656,12.0,731.0,193.58434,194.05714,190.62296,193.50967,8778558.0,195.40097,199.6763,199.54315,198.78041,198.38722,-0.42841056,-0.0002569739,-0.00038571644,0.0024424263,-0.015297627,12.0
728.0,196.695,198.95958,196.12263,198.95958,7766926.0,197.43163,201.19763,199.6315,199.29106,198.43367,-0.37749028,-0.01212349,0.011513127,0.011513127,-0.0029099807,12.0,729.0,193.98248,196.49591,193.13637,194.8037,18012634.0,197.00359,200.76462,199.52946,199.09297,198.4544,-0.42189306,-0.01379051,0.0042334674,0.012956993,-0.004361802,12.0,730.0,193.6341,194.35577,191.96678,193.33548,8838046.0,196.27693,200.21382,199.53943,198.94366,198.42953,-0.42759603,-0.00179598,-0.0015421555,0.0037270589,-0.008610656,12.0,731.0,193.58434,194.05714,190.62296,193.50967,8778558.0,195.40097,199.6763,199.54315,198.78041,198.38722,-0.42841056,-0.0002569739,-0.00038571644,0.0024424263,-0.015297627,12.0,732.0,193.85805,195.72446,193.03683,194.55484,10215214.0,194.3508,199.09895,199.56181,198.60622,198.36316,-0.42393002,0.0014139168,0.003594336,0.009627728,-0.0042361845,12.0
729.0,193.98248,196.49591,193.13637,194.8037,18012634.0,197.00359,200.76462,199.52946,199.09297,198.4544,-0.42189306,-0.01379051,0.0042334674,0.012956993,-0.004361802,12.0,730.0,193.6341,194.35577,191.96678,193.33548,8838046.0,196.27693,200.21382,199.53943,198.94366,198.42953,-0.42759603,-0.00179598,-0.0015421555,0.0037270589,-0.008610656,12.0,731.0,193.58434,194.05714,190.62296,193.50967,8778558.0,195.40097,199.6763,199.54315,198.78041,198.38722,-0.42841056,-0.0002569739,-0.00038571644,0.0024424263,-0.015297627,12.0,732.0,193.85805,195.72446,193.03683,194.55484,10215214.0,194.3508,199.09895,199.56181,198.60622,198.36316,-0.42393002,0.0014139168,0.003594336,0.009627728,-0.0042361845,12.0,733.0,193.48479,195.07747,192.11609,194.1567,9093800.0,193.70876,198.27109,199.32541,198.44695,198.36067,-0.43004012,-0.001925432,0.0034726844,0.008231543,-0.007073955,12.0
730.0,193.6341,194.35577,191.96678,193.33548,8838046.0,196.27693,200.21382,199.53943,198.94366,198.42953,-0.42759603,-0.00179598,-0.0015421555,0.0037270589,-0.008610656,12.0,731.0,193.58434,194.05714,190.62296,193.50967,8778558.0,195.40097,199.6763,199.54315,198.78041,198.38722,-0.42841056,-0.0002569739,-0.00038571644,0.0024424263,-0.015297627,12.0,732.0,193.85805,195.72446,193.03683,194.55484,10215214.0,194.3508,199.09895,199.56181,198.60622,198.36316,-0.42393002,0.0014139168,0.003594336,0.009627728,-0.0042361845,12.0,733.0,193.48479,195.07747,192.11609,194.1567,9093800.0,193.70876,198.27109,199.32541,198.44695,198.36067,-0.43004012,-0.001925432,0.0034726844,0.008231543,-0.007073955,12.0,734.0,187.96019,192.04141,187.63669,191.12065,12120710.0,192.50429,197.11806,198.69954,198.12444,197.99486,-0.52047527,-0.028553134,0.016814528,0.021713259,-0.0017211543,12.0
731.0,193.58434,194.05714,190.62296,193.50967,8778558.0,195.40097,199.6763,199.54315,198.78041,198.38722,-0.42841056,-0.0002569739,-0.00038571644,0.0024424263,-0.015297627,12.0,732.0,193.85805,195.72446,193.03683,194.55484,10215214.0,194.3508,199.09895,199.56181,198.60622,198.36316,-0.42393002,0.0014139168,0.003594336,0.009627728,-0.0042361845,12.0,733.0,193.48479,195.07747,192.11609,194.1567,9093800.0,193.70876,198.27109,199.32541,198.44695,198.36067,-0.43004012,-0.001925432,0.0034726844,0.008231543,-0.007073955,12.0,734.0,187.96019,192.04141,187.63669,191.12065,12120710.0,192.50429,197.11806,198.69954,198.12444,197.99486,-0.52047527,-0.028553134,0.016814528,0.021713259,-0.0017211543,12.0,735.0,189.37866,189.92615,187.28827,188.13438,7261148.0,191.6532,196.06126,198.07367,197.96217,197.72859,-0.49725553,0.0075466633,-0.0065703024,0.0028909491,-0.011038139,12.0
732.0,193.85805,195.72446,193.03683,194.55484,10215214.0,194.3508,199.09895,199.56181,198.60622,198.36316,-0.42393002,0.0014139168,0.003594336,0.009627728,-0.0042361845,12.0,733.0,193.48479,195.07747,192.11609,194.1567,9093800.0,193.70876,198.27109,199.32541,198.44695,198.36067,-0.43004012,-0.001925432,0.0034726844,0.008231543,-0.007073955,12.0,734.0,187.96019,192.04141,187.63669,191.12065,12120710.0,192.50429,197.11806,198.69954,198.12444,197.99486,-0.52047527,-0.028553134,0.016814528,0.021713259,-0.0017211543,12.0,735.0,189.37866,189.92615,187.28827,188.13438,7261148.0,191.6532,196.06126,198.07367,197.96217,197.72859,-0.49725553,0.0075466633,-0.0065703024,0.0028909491,-0.011038139,12.0,736.0,192.4147,192.78798,189.25424,190.37408,7685840.0,191.41928,195.24004,197.61205,197.91838,197.55356,-0.4475569,0.016031591,-0.010605292,0.0019399896,-0.016425261,12.0
733.0,193.48479,195.07747,192.11609,194.1567,9093800.0,193.70876,198.27109,199.32541,198.44695,198.36067,-0.43004012,-0.001925432,0.0034726844,0.008231543,-0.007073955,12.0,734.0,187.96019,192.04141,187.63669,191.12065,12120710.0,192.50429,197.11806,198.69954,198.12444,197.99486,-0.52047527,-0.028553134,0.016814528,0.021713259,-0.0017211543,12.0,735.0,189.37866,189.92615,187.28827,188.13438,7261148.0,191.6532,196.06126,198.07367,197.96217,197.72859,-0.49725553,0.0075466633,-0.0065703024,0.0028909491,-0.011038139,12.0,736.0,192.4147,192.78798,189.25424,190.37408,7685840.0,191.41928,195.24004,197.61205,197.91838,197.55356,-0.4475569,0.016031591,-0.010605292,0.0019399896,-0.016425261,12.0,737.0,193.01195,193.88293,190.74738,191.61836,7676002.0,191.25006,194.62619,197.13673,197.89946,197.38019,-0.4377803,0.0031039428,-0.0072201854,0.0045126355,-0.01173282,12.0
734.0,187.96019,192.04141,187.63669,191.12065,12120710.0,192.50429,197.11806,198.69954,198.12444,197.99486,-0.52047527,-0.028553134,0.016814528,0.021713259,-0.0017211543,12.0,735.0,189.37866,189.92615,187.28827,188.13438,7261148.0,191.6532,196.06126,198.07367,197.96217,197.72859,-0.49725553,0.0075466633,-0.0065703024,0.0028909491,-0.011038139,12.0,736.0,192.4147,192.78798,189.25424,190.37408,7685840.0,191.41928,195.24004,197.61205,197.91838,197.55356,-0.4475569,0.016031591,-0.010605292,0.0019399896,-0.016425261,12.0,737.0,193.01195,193.88293,190.74738,191.61836,7676002.0,191.25006,194.62619,197.13673,197.89946,197.38019,-0.4377803,0.0031039428,-0.0072201854,0.0045126355,-0.01173282,12.0,738.0,194.4802,195.1521,191.51881,192.2405,9485398.0,191.44914,194.1965,196.5656,197.75015,197.28064,-0.41374576,0.0076070237,-0.011516315,0.0034549101,-0.015227159,12.0
735.0,189.37866,189.92615,187.28827,188.13438,7261148.0,191.6532,196.06126,198.07367,197.96217,197.72859,-0.49725553,0.0075466633,-0.0065703024,0.0028909491,-0.011038139,12.0,736.0,192.4147,192.78798,189.25424,190.37408,7685840.0,191.41928,195.24004,197.61205,197.91838,197.55356,-0.4475569,0.016031591,-0.010605292,0.0019399896,-0.016425261,12.0,737.0,193.01195,193.88293,190.74738,191.61836,7676002.0,191.25006,194.62619,197.13673,197.89946,197.38019,-0.4377803,0.0031039428,-0.0072201854,0.0045126355,-0.01173282,12.0,738.0,194.4802,195.1521,191.51881,192.2405,9485398.0,191.44914,194.1965,196.5656,197.75015,197.28064,-0.41374576,0.0076070237,-0.011516315,0.0034549101,-0.015227159,12.0,739.0,195.47562,197.24248,194.87836,195.60004,8256556.0,192.95222,194.15337,196.0766,197.55008,197.26239,-0.39745116,0.005118374,0.0006365372,0.009038798,-0.0030554098,12.0
736.0,192.4147,192.78798,189.25424,190.37408,7685840.0,191.41928,195.24004,197.61205,197.91838,197.55356,-0.4475569,0.016031591,-0.010605292,0.0019399896,-0.016425261,12.0,737.0,193.01195,193.88293,190.74738,191.61836,7676002.0,191.25006,194.62619,197.13673,197.89946,197.38019,-0.4377803,0.0031039428,-0.0072201854,0.0045126355,-0.01173282,12.0,738.0,194.4802,195.1521,191.51881,192.2405,9485398.0,191.44914,194.1965,196.5656,197.75015,197.28064,-0.41374576,0.0076070237,-0.011516315,0.0034549101,-0.015227159,12.0,739.0,195.47562,197.24248,194.87836,195.60004,8256556.0,192.95222,194.15337,196.0766,197.55008,197.26239,-0.39745116,0.005118374,0.0006365372,0.009038798,-0.0030554098,12.0,740.0,195.62492,196.04797,194.35577,195.60005,5559512.0,194.20148,194.04387,195.59631,197.29922,197.33539,-0.39500707,0.00076381525,-0.00012717923,0.0021625904,-0.006487693,12.0
737.0,193.01195,193.88293,190.74738,191.61836,7676002.0,191.25006,194.62619,197.13673,197.89946,197.38019,-0.4377803,0.0031039428,-0.0072201854,0.0045126355,-0.01173282,12.0,738.0,194.4802,195.1521,191.51881,192.2405,9485398.0,191.44914,194.1965,196.5656,197.75015,197.28064,-0.41374576,0.0076070237,-0.011516315,0.0034549101,-0.015227159,12.0,739.0,195.47562,197.24248,194.87836,195.60004,8256556.0,192.95222,194.15337,196.0766,197.55008,197.26239,-0.39745116,0.005118374,0.0006365372,0.009038798,-0.0030554098,12.0,740.0,195.62492,196.04797,194.35577,195.60005,5559512.0,194.20148,194.04387,195.59631,197.29922,197.33539,-0.39500707,0.00076381525,-0.00012717923,0.0021625904,-0.006487693,12.0,741.0,197.61577,197.96417,194.95303,195.62492,5994422.0,195.24168,194.02065,195.24045,197.13797,197.47226,-0.36241785,0.010176846,-0.010074298,0.001763033,-0.013474313,12.0
738.0,194.4802,195.1521,191.51881,192.2405,9485398.0,191.44914,194.1965,196.5656,197.75015,197.28064,-0.41374576,0.0076070237,-0.011516315,0.0034549101,-0.015227159,12.0,739.0,195.47562,197.24248,194.87836,195.60004,8256556.0,192.95222,194.15337,196.0766,197.55008,197.26239,-0.39745116,0.005118374,0.0006365372,0.009038798,-0.0030554098,12.0,740.0,195.62492,196.04797,194.35577,195.60005,5559512.0,194.20148,194.04387,195.59631,197.29922,197.33539,-0.39500707,0.00076381525,-0.00012717923,0.0021625904,-0.006487693,12.0,741.0,197.61577,197.96417,194.95303,195.62492,5994422.0,195.24168,194.02065,195.24045,197.13797,197.47226,-0.36241785,0.010176846,-0.010074298,0.001763033,-0.013474313,12.0,742.0,193.95761,197.83974,193.41013,197.83974,8926522.0,195.43082,193.67723,194.82735,196.79555,197.48802,-0.42230022,-0.018511465,0.020015365,0.020015365,-0.0028226997,12.0
739.0,195.47562,197.24248,194.87836,195.60004,8256556.0,192.95222,194.15337,196.0766,197.55008,197.26239,-0.39745116,0.005118374,0.0006365372,0.009038798,-0.0030554098,12.0,740.0,195.62492,196.04797,194.35577,195.60005,5559512.0,194.20148,194.04387,195.59631,197.29922,197.33539,-0.39500707,0.00076381525,-0.00012717923,0.0021625904,-0.006487693,12.0,741.0,197.61577,197.96417,194.95303,195.62492,5994422.0,195.24168,194.02065,195.24045,197.13797,197.47226,-0.36241785,0.010176846,-0.010074298,0.001763033,-0.013474313,12.0,742.0,193.95761,197.83974,193.41013,197.83974,8926522.0,195.43082,193.67723,194.82735,196.79555,197.48802,-0.42230022,-0.018511465,0.020015365,0.020015365,-0.0028226997,12.0,743.0,192.56401,195.20189,190.99623,194.10692,9568980.0,195.04759,193.40182,194.40927,196.262,197.29973,-0.44511282,-0.0071850773,0.008012422,0.0136986775,-0.008141623,12.0
740.0,195.62492,196.04797,194.35577,195.60005,5559512.0,194.20148,194.04387,195.59631,197.29922,197.33539,-0.39500707,0.00076381525,-0.00012717923,0.0021625904,-0.006487693,12.0,741.0,197.61577,197.96417,194.95303,195.62492,5994422.0,195.24168,194.02065,195.24045,197.13797,197.47226,-0.36241785,0.010176846,-0.010074298,0.001763033,-0.013474313,12.0,742.0,193.95761,197.83974,193.41013,197.83974,8926522.0,195.43082,193.67723,194.82735,196.79555,197.48802,-0.42230022,-0.018511465,0.020015365,0.020015365,-0.0028226997,12.0,743.0,192.56401,195.20189,190.99623,194.10692,9568980.0,195.04759,193.40182,194.40927,196.262,197.29973,-0.44511282,-0.0071850773,0.008012422,0.0136986775,-0.008141623,12.0,744.0,190.12523,193.50964,189.8266,192.61378,8484754.0,193.97751,193.14467,194.1094,195.65678,196.95465,-0.48503456,-0.012664785,0.013089005,0.017801015,-0.0015706966,12.0
741.0,197.61577,197.96417,194.95303,195.62492,5994422.0,195.24168,194.02065,195.24045,197.13797,197.47226,-0.36241785,0.010176846,-0.010074298,0.001763033,-0.013474313,12.0,742.0,193.95761,197.83974,193.41013,197.83974,8926522.0,195.43082,193.67723,194.82735,196.79555,197.48802,-0.42230022,-0.018511465,0.020015365,0.020015365,-0.0028226997,12.0,743.0,192.56401,195.20189,190.99623,194.10692,9568980.0,195.04759,193.40182,194.40927,196.262,197.29973,-0.44511282,-0.0071850773,0.008012422,0.0136986775,-0.008141623,12.0,744.0,190.12523,193.50964,189.8266,192.61378,8484754.0,193.97751,193.14467,194.1094,195.65678,196.95465,-0.48503456,-0.012664785,0.013089005,0.017801015,-0.0015706966,12.0,745.0,195.00279,195.60005,191.66814,192.11607,7347432.0,193.85309,193.23592,193.99617,195.24767,196.72487,-0.40519106,0.025654478,-0.01480344,0.0030628184,-0.017100515,12.0
742.0,193.95761,197.83974,193.41013,197.83974,8926522.0,195.43082,193.67723,194.82735,196.79555,197.48802,-0.42230022,-0.018511465,0.020015365,0.020015365,-0.0028226997,12.0,743.0,192.56401,195.20189,190.99623,194.10692,9568980.0,195.04759,193.40182,194.40927,196.262,197.29973,-0.44511282,-0.0071850773,0.008012422,0.0136986775,-0.008141623,12.0,744.0,190.12523,193.50964,189.8266,192.61378,8484754.0,193.97751,193.14467,194.1094,195.65678,196.95465,-0.48503456,-0.012664785,0.013089005,0.017801015,-0.0015706966,12.0,745.0,195.00279,195.60005,191.66814,192.11607,7347432.0,193.85309,193.23592,193.99617,195.24767,196.72487,-0.40519106,0.025654478,-0.01480344,0.0030628184,-0.017100515,12.0,746.0,195.62492,196.04797,192.78798,195.10234,7879496.0,193.45491,193.37196,193.87921,194.88335,196.52412,-0.39500707,0.0031903714,-0.002671385,0.0021625904,-0.014501926,12.0
743.0,192.56401,195.20189,190.99623,194.10692,9568980.0,195.04759,193.40182,194.40927,196.262,197.29973,-0.44511282,-0.0071850773,0.008012422,0.0136986775,-0.008141623,12.0,744.0,190.12523,193.50964,189.8266,192.61378,8484754.0,193.97751,193.14467,194.1094,195.65678,196.95465,-0.48503456,-0.012664785,0.013089005,0.017801015,-0.0015706966,12.0,745.0,195.00279,195.60005,191.66814,192.11607,7347432.0,193.85309,193.23592,193.99617,195.24767,196.72487,-0.40519106,0.025654478,-0.01480344,0.0030628184,-0.017100515,12.0,746.0,195.62492,196.04797,192.78798,195.10234,7879496.0,193.45491,193.37196,193.87921,194.88335,196.52412,-0.39500707,0.0031903714,-0.002671385,0.0021625904,-0.014501926,12.0,747.0,196.0231,197.09317,194.85349,195.60005,7656600.0,193.86801,193.5163,193.72491,194.63548,196.30762,-0.38848907,0.002035416,-0.0021581976,0.0054589156,-0.005966754,12.0
744.0,190.12523,193.50964,189.8266,192.61378,8484754.0,193.97751,193.14467,194.1094,195.65678,196.95465,-0.48503456,-0.012664785,0.013089005,0.017801015,-0.0015706966,12.0,745.0,195.00279,195.60005,191.66814,192.11607,7347432.0,193.85309,193.23592,193.99617,195.24767,196.72487,-0.40519106,0.025654478,-0.01480344,0.0030628184,-0.017100515,12.0,746.0,195.62492,196.04797,192.78798,195.10234,7879496.0,193.45491,193.37196,193.87921,194.88335,196.52412,-0.39500707,0.0031903714,-0.002671385,0.0021625904,-0.014501926,12.0,747.0,196.0231,197.09317,194.85349,195.60005,7656600.0,193.86801,193.5163,193.72491,194.63548,196.30762,-0.38848907,0.002035416,-0.0021581976,0.0054589156,-0.005966754,12.0,748.0,196.34662,198.03883,194.35577,196.96875,9510500.0,194.62453,193.70709,193.7075,194.45233,195.98909,-0.38319325,0.0016504016,0.0031685678,0.008618489,-0.010139417,12.0
745.0,195.00279,195.60005,191.66814,192.11607,7347432.0,193.85309,193.23592,193.99617,195.24767,196.72487,-0.40519106,0.025654478,-0.01480344,0.0030628184,-0.017100515,12.0,746.0,195.62492,196.04797,192.78798,195.10234,7879496.0,193.45491,193.37196,193.87921,194.88335,196.52412,-0.39500707,0.0031903714,-0.002671385,0.0021625904,-0.014501926,12.0,747.0,196.0231,197.09317,194.85349,195.60005,7656600.0,193.86801,193.5163,193.72491,194.63548,196.30762,-0.38848907,0.002035416,-0.0021581976,0.0054589156,-0.005966754,12.0,748.0,196.34662,198.03883,194.35577,196.96875,9510500.0,194.62453,193.70709,193.7075,194.45233,195.98909,-0.38319325,0.0016504016,0.0031685678,0.008618489,-0.010139417,12.0,749.0,196.04799,197.39182,192.36494,197.09319,13621860.0,195.80908,194.24628,193.81078,194.44934,195.68217,-0.38808167,-0.0015209315,0.005331318,0.0068545626,-0.018786479,12.0
746.0,195.62492,196.04797,192.78798,195.10234,7879496.0,193.45491,193.37196,193.87921,194.88335,196.52412,-0.39500707,0.0031903714,-0.002671385,0.0021625904,-0.014501926,12.0,747.0,196.0231,197.09317,194.85349,195.60005,7656600.0,193.86801,193.5163,193.72491,194.63548,196.30762,-0.38848907,0.002035416,-0.0021581976,0.0054589156,-0.005966754,12.0,748.0,196.34662,198.03883,194.35577,196.96875,9510500.0,194.62453,193.70709,193.7075,194.45233,195.98909,-0.38319325,0.0016504016,0.0031685678,0.008618489,-0.010139417,12.0,749.0,196.04799,197.39182,192.36494,197.09319,13621860.0,195.80908,194.24628,193.81078,194.44934,195.68217,-0.38808167,-0.0015209315,0.005331318,0.0068545626,-0.018786479,12.0,750.0,198.38722,199.58173,193.6092,194.10692,23867444.0,196.48598,194.84685,194.04843,194.49414,195.45406,-0.3497895,0.011931943,-0.02157553,0.006021058,-0.02408431,12.0
747.0,196.0231,197.09317,194.85349,195.60005,7656600.0,193.86801,193.5163,193.72491,194.63548,196.30762,-0.38848907,0.002035416,-0.0021581976,0.0054589156,-0.005966754,12.0,748.0,196.34662,198.03883,194.35577,196.96875,9510500.0,194.62453,193.70709,193.7075,194.45233,195.98909,-0.38319325,0.0016504016,0.0031685678,0.008618489,-0.010139417,12.0,749.0,196.04799,197.39182,192.36494,197.09319,13621860.0,195.80908,194.24628,193.81078,194.44934,195.68217,-0.38808167,-0.0015209315,0.005331318,0.0068545626,-0.018786479,12.0,750.0,198.38722,199.58173,193.6092,194.10692,23867444.0,196.48598,194.84685,194.04843,194.49414,195.45406,-0.3497895,0.011931943,-0.02157553,0.006021058,-0.02408431,12.0,751.0,197.26738,200.10432,195.97333,199.1089,14310032.0,196.81447,195.17035,194.23259,194.46626,195.2052,-0.36812082,-0.005644731,0.009335137,0.014381182,-0.006559874,12.0
748.0,196.34662,198.03883,194.35577,196.96875,9510500.0,194.62453,193.70709,193.7075,194.45233,195.98909,-0.38319325,0.0016504016,0.0031685678,0.008618489,-0.010139417,12.0,749.0,196.04799,197.39182,192.36494,197.09319,13621860.0,195.80908,194.24628,193.81078,194.44934,195.68217,-0.38808167,-0.0015209315,0.005331318,0.0068545626,-0.018786479,12.0,750.0,198.38722,199.58173,193.6092,194.10692,23867444.0,196.48598,194.84685,194.04843,194.49414,195.45406,-0.3497895,0.011931943,-0.02157553,0.006021058,-0.02408431,12.0,751.0,197.26738,200.10432,195.97333,199.1089,14310032.0,196.81447,195.17035,194.23259,194.46626,195.2052,-0.36812082,-0.005644731,0.009335137,0.014381182,-0.006559874,12.0,752.0,200.6767,201.0002,198.0886,198.33745,16080426.0,197.74518,195.68134,194.57352,194.52898,195.15376,-0.31231183,0.01728272,-0.011656776,0.001612088,-0.012896855,12.0
749.0,196.04799,197.39182,192.36494,197.09319,13621860.0,195.80908,194.24628,193.81078,194.44934,195.68217,-0.38808167,-0.0015209315,0.005331318,0.0068545626,-0.018786479,12.0,750.0,198.38722,199.58173,193.6092,194.10692,23867444.0,196.48598,194.84685,194.04843,194.49414,195.45406,-0.3497895,0.011931943,-0.02157553,0.006021058,-0.02408431,12.0,751.0,197.26738,200.10432,195.97333,199.1089,14310032.0,196.81447,195.17035,194.23259,194.46626,195.2052,-0.36812082,-0.005644731,0.009335137,0.014381182,-0.006559874,12.0,752.0,200.6767,201.0002,198.0886,198.33745,16080426.0,197.74518,195.68134,194.57352,194.52898,195.15376,-0.31231183,0.01728272,-0.011656776,0.001612088,-0.012896855,12.0,753.0,200.77623,201.07486,198.46188,200.12921,9447456.0,198.6311,196.10107,194.9381,194.69221,195.14879,-0.31068254,0.00049598725,-0.0032225775,0.0014873726,-0.011527006,12.0
750.0,198.38722,199.58173,193.6092,194.10692,23867444.0,196.48598,194.84685,194.04843,194.49414,195.45406,-0.3497895,0.011931943,-0.02157553,0.006021058,-0.02408431,12.0,751.0,197.26738,200.10432,195.97333,199.1089,14310032.0,196.81447,195.17035,194.23259,194.46626,195.2052,-0.36812082,-0.005644731,0.009335137,0.014381182,-0.006559874,12.0,752.0,200.6767,201.0002,198.0886,198.33745,16080426.0,197.74518,195.68134,194.57352,194.52898,195.15376,-0.31231183,0.01728272,-0.011656776,0.001612088,-0.012896855,12.0,753.0,200.77623,201.07486,198.46188,200.12921,9447456.0,198.6311,196.10107,194.9381,194.69221,195.14879,-0.31068254,0.00049598725,-0.0032225775,0.0014873726,-0.011527006,12.0,754.0,200.65181,201.77165,199.73105,200.85089,9265614.0,199.55186,196.44615,195.57268,194.959,195.29976,-0.31271923,-0.0006196957,0.0009921713,0.0055810492,-0.004588878,12.0
751.0,197.26738,200.10432,195.97333,199.1089,14310032.0,196.81447,195.17035,194.23259,194.46626,195.2052,-0.36812082,-0.005644731,0.009335137,0.014381182,-0.006559874,12.0,752.0,200.6767,201.0002,198.0886,198.33745,16080426.0,197.74518,195.68134,194.57352,194.52898,195.15376,-0.31231183,0.01728272,-0.011656776,0.001612088,-0.012896855,12.0,753.0,200.77623,201.07486,198.46188,200.12921,9447456.0,198.6311,196.10107,194.9381,194.69221,195.14879,-0.31068254,0.00049598725,-0.0032225775,0.0014873726,-0.011527006,12.0,754.0,200.65181,201.77165,199.73105,200.85089,9265614.0,199.55186,196.44615,195.57268,194.959,195.29976,-0.31271923,-0.0006196957,0.0009921713,0.0055810492,-0.004588878,12.0,755.0,202.56798,202.94125,200.32828,201.6721,8815290.0,200.38802,196.90903,196.23213,195.31635,195.47644,-0.28135243,0.009549718,-0.0044225743,0.0018427519,-0.011056511,12.0
752.0,200.6767,201.0002,198.0886,198.33745,16080426.0,197.74518,195.68134,194.57352,194.52898,195.15376,-0.31231183,0.01728272,-0.011656776,0.001612088,-0.012896855,12.0,753.0,200.77623,201.07486,198.46188,200.12921,9447456.0,198.6311,196.10107,194.9381,194.69221,195.14879,-0.31068254,0.00049598725,-0.0032225775,0.0014873726,-0.011527006,12.0,754.0,200.65181,201.77165,199.73105,200.85089,9265614.0,199.55186,196.44615,195.57268,194.959,195.29976,-0.31271923,-0.0006196957,0.0009921713,0.0055810492,-0.004588878,12.0,755.0,202.56798,202.94125,200.32828,201.6721,8815290.0,200.38802,196.90903,196.23213,195.31635,195.47644,-0.28135243,0.009549718,-0.0044225743,0.0018427519,-0.011056511,12.0,756.0,202.86736,204.66353,202.14389,203.76543,9552640.0,201.50801,197.25912,196.75478,195.68767,195.6399,-0.27645177,0.001477911,0.004426925,0.008853925,-0.0035661883,12.0
753.0,200.77623,201.07486,198.46188,200.12921,9447456.0,198.6311,196.10107,194.9381,194.69221,195.14879,-0.31068254,0.00049598725,-0.0032225775,0.0014873726,-0.011527006,12.0,754.0,200.65181,201.77165,199.73105,200.85089,9265614.0,199.55186,196.44615,195.57268,194.959,195.29976,-0.31271923,-0.0006196957,0.0009921713,0.0055810492,-0.004588878,12.0,755.0,202.56798,202.94125,200.32828,201.6721,8815290.0,200.38802,196.90903,196.23213,195.31635,195.47644,-0.28135243,0.009549718,-0.0044225743,0.0018427519,-0.011056511,12.0,756.0,202.86736,204.66353,202.14389,203.76543,9552640.0,201.50801,197.25912,196.75478,195.68767,195.6399,-0.27645177,0.001477911,0.004426925,0.008853925,-0.0035661883,12.0,757.0,200.34772,202.5181,199.57437,202.06905,6355554.0,201.44221,197.68513,197.12155,195.94727,195.68118,-0.31769708,-0.012420125,0.008591738,0.010833038,-0.0038600122,12.0
754.0,200.65181,201.77165,199.73105,200.85089,9265614.0,199.55186,196.44615,195.57268,194.959,195.29976,-0.31271923,-0.0006196957,0.0009921713,0.0055810492,-0.004588878,12.0,755.0,202.56798,202.94125,200.32828,201.6721,8815290.0,200.38802,196.90903,196.23213,195.31635,195.47644,-0.28135243,0.009549718,-0.0044225743,0.0018427519,-0.011056511,12.0,756.0,202.86736,204.66353,202.14389,203.76543,9552640.0,201.50801,197.25912,196.75478,195.68767,195.6399,-0.27645177,0.001477911,0.004426925,0.008853925,-0.0035661883,12.0,757.0,200.34772,202.5181,199.57437,202.06905,6355554.0,201.44221,197.68513,197.12155,195.94727,195.68118,-0.31769708,-0.012420125,0.008591738,0.010833038,-0.0038600122,12.0,758.0,198.60144,201.37054,196.68054,200.34772,7410134.0,201.00726,198.08763,197.32762,196.15193,195.74474,-0.34628284,-0.00871623,0.008792865,0.013943018,-0.00967209,12.0
755.0,202.56798,202.94125,200.32828,201.6721,8815290.0,200.38802,196.90903,196.23213,195.31635,195.47644,-0.28135243,0.009549718,-0.0044225743,0.0018427519,-0.011056511,12.0,756.0,202.86736,204.66353,202.14389,203.76543,9552640.0,201.50801,197.25912,196.75478,195.68767,195.6399,-0.27645177,0.001477911,0.004426925,0.008853925,-0.0035661883,12.0,757.0,200.34772,202.5181,199.57437,202.06905,6355554.0,201.44221,197.68513,197.12155,195.94727,195.68118,-0.31769708,-0.012420125,0.008591738,0.010833038,-0.0038600122,12.0,758.0,198.60144,201.37054,196.68054,200.34772,7410134.0,201.00726,198.08763,197.32762,196.15193,195.74474,-0.34628284,-0.00871623,0.008792865,0.013943018,-0.00967209,12.0,759.0,200.69698,201.96925,197.10463,198.60144,7261256.0,201.0163,198.79242,197.58868,196.66139,195.96855,-0.3119799,0.010551461,-0.010441299,0.0063393107,-0.017899347,12.0
756.0,202.86736,204.66353,202.14389,203.76543,9552640.0,201.50801,197.25912,196.75478,195.68767,195.6399,-0.27645177,0.001477911,0.004426925,0.008853925,-0.0035661883,12.0,757.0,200.34772,202.5181,199.57437,202.06905,6355554.0,201.44221,197.68513,197.12155,195.94727,195.68118,-0.31769708,-0.012420125,0.008591738,0.010833038,-0.0038600122,12.0,758.0,198.60144,201.37054,196.68054,200.34772,7410134.0,201.00726,198.08763,197.32762,196.15193,195.74474,-0.34628284,-0.00871623,0.008792865,0.013943018,-0.00967209,12.0,759.0,200.69698,201.96925,197.10463,198.60144,7261256.0,201.0163,198.79242,197.58868,196.66139,195.96855,-0.3119799,0.010551461,-0.010441299,0.0063393107,-0.017899347,12.0,760.0,199.0006,200.84665,198.42682,200.72191,9566846.0,200.30281,199.05893,197.75748,197.04628,196.14743,-0.33974886,-0.008452447,0.008649822,0.009276625,-0.002883274,12.0
757.0,200.34772,202.5181,199.57437,202.06905,6355554.0,201.44221,197.68513,197.12155,195.94727,195.68118,-0.31769708,-0.012420125,0.008591738,0.010833038,-0.0038600122,12.0,758.0,198.60144,201.37054,196.68054,200.34772,7410134.0,201.00726,198.08763,197.32762,196.15193,195.74474,-0.34628284,-0.00871623,0.008792865,0.013943018,-0.00967209,12.0,759.0,200.69698,201.96925,197.10463,198.60144,7261256.0,201.0163,198.79242,197.58868,196.66139,195.96855,-0.3119799,0.010551461,-0.010441299,0.0063393107,-0.017899347,12.0,760.0,199.0006,200.84665,198.42682,200.72191,9566846.0,200.30281,199.05893,197.75748,197.04628,196.14743,-0.33974886,-0.008452447,0.008649822,0.009276625,-0.002883274,12.0,761.0,200.77182,201.52022,198.75113,200.32278,7029896.0,199.88371,199.40207,197.91527,197.38055,196.38701,-0.31075472,0.008900601,-0.0022365653,0.0037276342,-0.010064582,12.0
758.0,198.60144,201.37054,196.68054,200.34772,7410134.0,201.00726,198.08763,197.32762,196.15193,195.74474,-0.34628284,-0.00871623,0.008792865,0.013943018,-0.00967209,12.0,759.0,200.69698,201.96925,197.10463,198.60144,7261256.0,201.0163,198.79242,197.58868,196.66139,195.96855,-0.3119799,0.010551461,-0.010441299,0.0063393107,-0.017899347,12.0,760.0,199.0006,200.84665,198.42682,200.72191,9566846.0,200.30281,199.05893,197.75748,197.04628,196.14743,-0.33974886,-0.008452447,0.008649822,0.009276625,-0.002883274,12.0,761.0,200.77182,201.52022,198.75113,200.32278,7029896.0,199.88371,199.40207,197.91527,197.38055,196.38701,-0.31075472,0.008900601,-0.0022365653,0.0037276342,-0.010064582,12.0,762.0,204.28932,204.56374,200.77182,200.77182,10835460.0,200.67203,199.95314,198.43185,197.83165,196.73473,-0.2531748,0.017519899,-0.017218264,0.0013432355,-0.017218264,12.0
759.0,200.69698,201.96925,197.10463,198.60144,7261256.0,201.0163,198.79242,197.58868,196.66139,195.96855,-0.3119799,0.010551461,-0.010441299,0.0063393107,-0.017899347,12.0,760.0,199.0006,200.84665,198.42682,200.72191,9566846.0,200.30281,199.05893,197.75748,197.04628,196.14743,-0.33974886,-0.008452447,0.008649822,0.009276625,-0.002883274,12.0,761.0,200.77182,201.52022,198.75113,200.32278,7029896.0,199.88371,199.40207,197.91527,197.38055,196.38701,-0.31075472,0.008900601,-0.0022365653,0.0037276342,-0.010064582,12.0,762.0,204.28932,204.56374,200.77182,200.77182,10835460.0,200.67203,199.95314,198.43185,197.83165,196.73473,-0.2531748,0.017519899,-0.017218264,0.0013432355,-0.017218264,12.0,763.0,203.51596,206.06053,202.64282,205.83601,8850236.0,201.65494,200.4311,198.97946,198.19308,197.06909,-0.2658344,-0.0037856174,0.011399838,0.01250308,-0.0042902674,12.0
760.0,199.0006,200.84665,198.42682,200.72191,9566846.0,200.30281,199.05893,197.75748,197.04628,196.14743,-0.33974886,-0.008452447,0.008649822,0.009276625,-0.002883274,12.0,761.0,200.77182,201.52022,198.75113,200.32278,7029896.0,199.88371,199.40207,197.91527,197.38055,196.38701,-0.31075472,0.008900601,-0.0022365653,0.0037276342,-0.010064582,12.0,762.0,204.28932,204.56374,200.77182,200.77182,10835460.0,200.67203,199.95314,198.43185,197.83165,196.73473,-0.2531748,0.017519899,-0.017218264,0.0013432355,-0.017218264,12.0,763.0,203.51596,206.06053,202.64282,205.83601,8850236.0,201.65494,200.4311,198.97946,198.19308,197.06909,-0.2658344,-0.0037856174,0.011399838,0.01250308,-0.0042902674,12.0,764.0,201.89442,202.66779,200.37268,202.26863,5958022.0,201.89442,200.82086,199.56792,198.44983,197.53357,-0.2923782,-0.007967612,0.0018534536,0.003830516,-0.0075373477,12.0
761.0,200.77182,201.52022,198.75113,200.32278,7029896.0,199.88371,199.40207,197.91527,197.38055,196.38701,-0.31075472,0.008900601,-0.0022365653,0.0037276342,-0.010064582,12.0,762.0,204.28932,204.56374,200.77182,200.77182,10835460.0,200.67203,199.95314,198.43185,197.83165,196.73473,-0.2531748,0.017519899,-0.017218264,0.0013432355,-0.017218264,12.0,763.0,203.51596,206.06053,202.64282,205.83601,8850236.0,201.65494,200.4311,198.97946,198.19308,197.06909,-0.2658344,-0.0037856174,0.011399838,0.01250308,-0.0042902674,12.0,764.0,201.89442,202.66779,200.37268,202.26863,5958022.0,201.89442,200.82086,199.56792,198.44983,197.53357,-0.2923782,-0.007967612,0.0018534536,0.003830516,-0.0075373477,12.0,765.0,199.82384,202.31851,199.10037,202.31851,6683580.0,202.05907,200.91664,199.80898,198.6178,197.88174,-0.32627276,-0.010255791,0.012484395,0.012484395,-0.0036205049,12.0
762.0,204.28932,204.56374,200.77182,200.77182,10835460.0,200.67203,199.95314,198.43185,197.83165,196.73473,-0.2531748,0.017519899,-0.017218264,0.0013432355,-0.017218264,12.0,763.0,203.51596,206.06053,202.64282,205.83601,8850236.0,201.65494,200.4311,198.97946,198.19308,197.06909,-0.2658344,-0.0037856174,0.011399838,0.01250308,-0.0042902674,12.0,764.0,201.89442,202.66779,200.37268,202.26863,5958022.0,201.89442,200.82086,199.56792,198.44983,197.53357,-0.2923782,-0.007967612,0.0018534536,0.003830516,-0.0075373477,12.0,765.0,199.82384,202.31851,199.10037,202.31851,6683580.0,202.05907,200.91664,199.80898,198.6178,197.88174,-0.32627276,-0.010255791,0.012484395,0.012484395,-0.0036205049,12.0,766.0,202.9422,203.3663,200.07332,200.07332,8300976.0,202.49315,201.29495,200.17484,198.83086,198.23265,-0.2752266,0.015605558,-0.014136448,0.0020897507,-0.014136448,12.0
763.0,203.51596,206.06053,202.64282,205.83601,8850236.0,201.65494,200.4311,198.97946,198.19308,197.06909,-0.2658344,-0.0037856174,0.011399838,0.01250308,-0.0042902674,12.0,764.0,201.89442,202.66779,200.37268,202.26863,5958022.0,201.89442,200.82086,199.56792,198.44983,197.53357,-0.2923782,-0.007967612,0.0018534536,0.003830516,-0.0075373477,12.0,765.0,199.82384,202.31851,199.10037,202.31851,6683580.0,202.05907,200.91664,199.80898,198.6178,197.88174,-0.32627276,-0.010255791,0.012484395,0.012484395,-0.0036205049,12.0,766.0,202.9422,203.3663,200.07332,200.07332,8300976.0,202.49315,201.29495,200.17484,198.83086,198.23265,-0.2752266,0.015605558,-0.014136448,0.0020897507,-0.014136448,12.0,767.0,203.71553,204.03986,201.34558,202.94218,5277374.0,202.37839,201.49754,200.55945,199.22116,198.58945,-0.26256752,0.0038105957,-0.0037961984,0.0015920266,-0.011633603,12.0
764.0,201.89442,202.66779,200.37268,202.26863,5958022.0,201.89442,200.82086,199.56792,198.44983,197.53357,-0.2923782,-0.007967612,0.0018534536,0.003830516,-0.0075373477,12.0,765.0,199.82384,202.31851,199.10037,202.31851,6683580.0,202.05907,200.91664,199.80898,198.6178,197.88174,-0.32627276,-0.010255791,0.012484395,0.012484395,-0.0036205049,12.0,766.0,202.9422,203.3663,200.07332,200.07332,8300976.0,202.49315,201.29495,200.17484,198.83086,198.23265,-0.2752266,0.015605558,-0.014136448,0.0020897507,-0.014136448,12.0,767.0,203.71553,204.03986,201.34558,202.94218,5277374.0,202.37839,201.49754,200.55945,199.22116,198.58945,-0.26256752,0.0038105957,-0.0037961984,0.0015920266,-0.011633603,12.0,768.0,202.4682,203.06693,200.97139,203.06693,5160140.0,202.16884,201.61035,200.86554,199.61734,198.85571,-0.28298575,-0.0061228992,0.002957152,0.002957152,-0.0073928046,12.0
765.0,199.82384,202.31851,199.10037,202.31851,6683580.0,202.05907,200.91664,199.80898,198.6178,197.88174,-0.32627276,-0.010255791,0.012484395,0.012484395,-0.0036205049,12.0,766.0,202.9422,203.3663,200.07332,200.07332,8300976.0,202.49315,201.29495,200.17484,198.83086,198.23265,-0.2752266,0.015605558,-0.014136448,0.0020897507,-0.014136448,12.0,767.0,203.71553,204.03986,201.34558,202.94218,5277374.0,202.37839,201.49754,200.55945,199.22116,198.58945,-0.26256752,0.0038105957,-0.0037961984,0.0015920266,-0.011633603,12.0,768.0,202.4682,203.06693,200.97139,203.06693,5160140.0,202.16884,201.61035,200.86554,199.61734,198.85571,-0.28298575,-0.0061228992,0.002957152,0.002957152,-0.0073928046,12.0,769.0,199.87373,202.39336,199.17523,202.39336,4825356.0,201.7647,201.55847,201.05682,200.00728,199.00232,-0.325456,-0.012814196,0.01260606,0.01260606,-0.0034947426,12.0
766.0,202.9422,203.3663,200.07332,200.07332,8300976.0,202.49315,201.29495,200.17484,198.83086,198.23265,-0.2752266,0.015605558,-0.014136448,0.0020897507,-0.014136448,12.0,767.0,203.71553,204.03986,201.34558,202.94218,5277374.0,202.37839,201.49754,200.55945,199.22116,198.58945,-0.26256752,0.0038105957,-0.0037961984,0.0015920266,-0.011633603,12.0,768.0,202.4682,203.06693,200.97139,203.06693,5160140.0,202.16884,201.61035,200.86554,199.61734,198.85571,-0.28298575,-0.0061228992,0.002957152,0.002957152,-0.0073928046,12.0,769.0,199.87373,202.39336,199.17523,202.39336,4825356.0,201.7647,201.55847,201.05682,200.00728,199.00232,-0.325456,-0.012814196,0.01260606,0.01260606,-0.0034947426,12.0,770.0,202.11896,202.79253,200.32278,201.07118,4638822.0,202.22372,201.52853,201.24341,200.29192,199.21878,-0.2887027,0.0112332115,-0.0051839203,0.0033325255,-0.00888671,12.0
767.0,203.71553,204.03986,201.34558,202.94218,5277374.0,202.37839,201.49754,200.55945,199.22116,198.58945,-0.26256752,0.0038105957,-0.0037961984,0.0015920266,-0.011633603,12.0,768.0,202.4682,203.06693,200.97139,203.06693,5160140.0,202.16884,201.61035,200.86554,199.61734,198.85571,-0.28298575,-0.0061228992,0.002957152,0.002957152,-0.0073928046,12.0,769.0,199.87373,202.39336,199.17523,202.39336,4825356.0,201.7647,201.55847,201.05682,200.00728,199.00232,-0.325456,-0.012814196,0.01260606,0.01260606,-0.0034947426,12.0,770.0,202.11896,202.79253,200.32278,201.07118,4638822.0,202.22372,201.52853,201.24341,200.29192,199.21878,-0.2887027,0.0112332115,-0.0051839203,0.0033325255,-0.00888671,12.0,771.0,203.2665,203.49103,199.74901,200.92151,5227672.0,202.28859,201.55515,201.54337,200.59758,199.40714,-0.26991802,0.005677534,-0.011536528,0.0011045955,-0.01730483,12.0
768.0,202.4682,203.06693,200.97139,203.06693,5160140.0,202.16884,201.61035,200.86554,199.61734,198.85571,-0.28298575,-0.0061228992,0.002957152,0.002957152,-0.0073928046,12.0,769.0,199.87373,202.39336,199.17523,202.39336,4825356.0,201.7647,201.55847,201.05682,200.00728,199.00232,-0.325456,-0.012814196,0.01260606,0.01260606,-0.0034947426,12.0,770.0,202.11896,202.79253,200.32278,201.07118,4638822.0,202.22372,201.52853,201.24341,200.29192,199.21878,-0.2887027,0.0112332115,-0.0051839203,0.0033325255,-0.00888671,12.0,771.0,203.2665,203.49103,199.74901,200.92151,5227672.0,202.28859,201.55515,201.54337,200.59758,199.40714,-0.26991802,0.005677534,-0.011536528,0.0011045955,-0.01730483,12.0,772.0,204.51384,206.18527,203.84027,203.96501,11189362.0,202.44824,201.83289,201.73521,200.93721,199.75902,-0.24949956,0.0061365007,-0.0026835962,0.00817274,-0.0032935012,12.0
769.0,199.87373,202.39336,199.17523,202.39336,4825356.0,201.7647,201.55847,201.05682,200.00728,199.00232,-0.325456,-0.012814196,0.01260606,0.01260606,-0.0034947426,12.0,770.0,202.11896,202.79253,200.32278,201.07118,4638822.0,202.22372,201.52853,201.24341,200.29192,199.21878,-0.2887027,0.0112332115,-0.0051839203,0.0033325255,-0.00888671,12.0,771.0,203.2665,203.49103,199.74901,200.92151,5227672.0,202.28859,201.55515,201.54337,200.59758,199.40714,-0.26991802,0.005677534,-0.011536528,0.0011045955,-0.01730483,12.0,772.0,204.51384,206.18527,203.84027,203.96501,11189362.0,202.44824,201.83289,201.73521,200.93721,199.75902,-0.24949956,0.0061365007,-0.0026835962,0.00817274,-0.0032935012,12.0,773.0,202.71767,203.56586,201.57011,202.9921,5616244.0,202.49814,202.1073,201.83229,201.19206,200.09747,-0.27890208,-0.0087826485,0.0013537246,0.0041841306,-0.005660812,12.0
770.0,202.11896,202.79253,200.32278,201.07118,4638822.0,202.22372,201.52853,201.24341,200.29192,199.21878,-0.2887027,0.0112332115,-0.0051839203,0.0033325255,-0.00888671,12.0,771.0,203.2665,203.49103,199.74901,200.92151,5227672.0,202.28859,201.55515,201.54337,200.59758,199.40714,-0.26991802,0.005677534,-0.011536528,0.0011045955,-0.01730483,12.0,772.0,204.51384,206.18527,203.84027,203.96501,11189362.0,202.44824,201.83289,201.73521,200.93721,199.75902,-0.24949956,0.0061365007,-0.0026835962,0.00817274,-0.0032935012,12.0,773.0,202.71767,203.56586,201.57011,202.9921,5616244.0,202.49814,202.1073,201.83229,201.19206,200.09747,-0.27890208,-0.0087826485,0.0013537246,0.0041841306,-0.005660812,12.0,774.0,203.09187,203.46608,200.67204,202.21873,6497188.0,203.14177,202.26697,201.9543,201.47382,200.5297,-0.2727765,0.0018459493,-0.004299226,0.0018425256,-0.011914939,12.0
771.0,203.2665,203.49103,199.74901,200.92151,5227672.0,202.28859,201.55515,201.54337,200.59758,199.40714,-0.26991802,0.005677534,-0.011536528,0.0011045955,-0.01730483,12.0,772.0,204.51384,206.18527,203.84027,203.96501,11189362.0,202.44824,201.83289,201.73521,200.93721,199.75902,-0.24949956,0.0061365007,-0.0026835962,0.00817274,-0.0032935012,12.0,773.0,202.71767,203.56586,201.57011,202.9921,5616244.0,202.49814,202.1073,201.83229,201.19206,200.09747,-0.27890208,-0.0087826485,0.0013537246,0.0041841306,-0.005660812,12.0,774.0,203.09187,203.46608,200.67204,202.21873,6497188.0,203.14177,202.26697,201.9543,201.47382,200.5297,-0.2727765,0.0018459493,-0.004299226,0.0018425256,-0.011914939,12.0,775.0,200.94644,203.56586,200.62213,203.2665,5761172.0,202.90726,202.39668,201.87321,201.57617,200.72781,-0.30789623,-0.010563848,0.011545609,0.013035382,-0.0016138892,12.0
772.0,204.51384,206.18527,203.84027,203.96501,11189362.0,202.44824,201.83289,201.73521,200.93721,199.75902,-0.24949956,0.0061365007,-0.0026835962,0.00817274,-0.0032935012,12.0,773.0,202.71767,203.56586,201.57011,202.9921,5616244.0,202.49814,202.1073,201.83229,201.19206,200.09747,-0.27890208,-0.0087826485,0.0013537246,0.0041841306,-0.005660812,12.0,774.0,203.09187,203.46608,200.67204,202.21873,6497188.0,203.14177,202.26697,201.9543,201.47382,200.5297,-0.2727765,0.0018459493,-0.004299226,0.0018425256,-0.011914939,12.0,775.0,200.94644,203.56586,200.62213,203.2665,5761172.0,202.90726,202.39668,201.87321,201.57617,200.72781,-0.30789623,-0.010563848,0.011545609,0.013035382,-0.0016138892,12.0,776.0,197.15453,199.749,196.80528,199.3249,6883372.0,201.68488,202.15553,201.58759,201.57167,200.7788,-0.36996818,-0.018870281,0.011008494,0.013159591,-0.0017714329,12.0
773.0,202.71767,203.56586,201.57011,202.9921,5616244.0,202.49814,202.1073,201.83229,201.19206,200.09747,-0.27890208,-0.0087826485,0.0013537246,0.0041841306,-0.005660812,12.0,774.0,203.09187,203.46608,200.67204,202.21873,6497188.0,203.14177,202.26697,201.9543,201.47382,200.5297,-0.2727765,0.0018459493,-0.004299226,0.0018425256,-0.011914939,12.0,775.0,200.94644,203.56586,200.62213,203.2665,5761172.0,202.90726,202.39668,201.87321,201.57617,200.72781,-0.30789623,-0.010563848,0.011545609,0.013035382,-0.0016138892,12.0,776.0,197.15453,199.749,196.80528,199.3249,6883372.0,201.68488,202.15553,201.58759,201.57167,200.7788,-0.36996818,-0.018870281,0.011008494,0.013159591,-0.0017714329,12.0,777.0,196.55582,198.92577,196.28139,197.47884,6078322.0,200.09326,201.63997,201.39798,201.40683,200.79655,-0.37976876,-0.0030367505,0.0046959654,0.012057368,-0.0013961627,12.0
774.0,203.09187,203.46608,200.67204,202.21873,6497188.0,203.14177,202.26697,201.9543,201.47382,200.5297,-0.2727765,0.0018459493,-0.004299226,0.0018425256,-0.011914939,12.0,775.0,200.94644,203.56586,200.62213,203.2665,5761172.0,202.90726,202.39668,201.87321,201.57617,200.72781,-0.30789623,-0.010563848,0.011545609,0.013035382,-0.0016138892,12.0,776.0,197.15453,199.749,196.80528,199.3249,6883372.0,201.68488,202.15553,201.58759,201.57167,200.7788,-0.36996818,-0.018870281,0.011008494,0.013159591,-0.0017714329,12.0,777.0,196.55582,198.92577,196.28139,197.47884,6078322.0,200.09326,201.63997,201.39798,201.40683,200.79655,-0.37976876,-0.0030367505,0.0046959654,0.012057368,-0.0013961627,12.0,778.0,196.23149,197.8281,195.85728,197.55368,5106634.0,198.79604,201.15434,201.27948,201.22504,200.79272,-0.38507783,-0.0016500431,0.0067379214,0.008136314,-0.0019069413,12.0
775.0,200.94644,203.56586,200.62213,203.2665,5761172.0,202.90726,202.39668,201.87321,201.57617,200.72781,-0.30789623,-0.010563848,0.011545609,0.013035382,-0.0016138892,12.0,776.0,197.15453,199.749,196.80528,199.3249,6883372.0,201.68488,202.15553,201.58759,201.57167,200.7788,-0.36996818,-0.018870281,0.011008494,0.013159591,-0.0017714329,12.0,777.0,196.55582,198.92577,196.28139,197.47884,6078322.0,200.09326,201.63997,201.39798,201.40683,200.79655,-0.37976876,-0.0030367505,0.0046959654,0.012057368,-0.0013961627,12.0,778.0,196.23149,197.8281,195.85728,197.55368,5106634.0,198.79604,201.15434,201.27948,201.22504,200.79272,-0.38507783,-0.0016500431,0.0067379214,0.008136314,-0.0019069413,12.0,779.0,194.75964,196.23149,192.31487,195.95709,5554710.0,197.12958,200.67868,200.98262,200.98935,200.74977,-0.4091713,-0.0075005675,0.0061483127,0.0075572734,-0.012552821,12.0
776.0,197.15453,199.749,196.80528,199.3249,6883372.0,201.68488,202.15553,201.58759,201.57167,200.7788,-0.36996818,-0.018870281,0.011008494,0.013159591,-0.0017714329,12.0,777.0,196.55582,198.92577,196.28139,197.47884,6078322.0,200.09326,201.63997,201.39798,201.40683,200.79655,-0.37976876,-0.0030367505,0.0046959654,0.012057368,-0.0013961627,12.0,778.0,196.23149,197.8281,195.85728,197.55368,5106634.0,198.79604,201.15434,201.27948,201.22504,200.79272,-0.38507783,-0.0016500431,0.0067379214,0.008136314,-0.0019069413,12.0,779.0,194.75964,196.23149,192.31487,195.95709,5554710.0,197.12958,200.67868,200.98262,200.98935,200.74977,-0.4091713,-0.0075005675,0.0061483127,0.0075572734,-0.012552821,12.0,780.0,193.11314,196.18161,192.43959,195.50804,10061602.0,195.56293,200.23131,200.68825,200.61116,200.57397,-0.43612376,-0.008454008,0.012401546,0.015889484,-0.0034878585,12.0
777.0,196.55582,198.92577,196.28139,197.47884,6078322.0,200.09326,201.63997,201.39798,201.40683,200.79655,-0.37976876,-0.0030367505,0.0046959654,0.012057368,-0.0013961627,12.0,778.0,196.23149,197.8281,195.85728,197.55368,5106634.0,198.79604,201.15434,201.27948,201.22504,200.79272,-0.38507783,-0.0016500431,0.0067379214,0.008136314,-0.0019069413,12.0,779.0,194.75964,196.23149,192.31487,195.95709,5554710.0,197.12958,200.67868,200.98262,200.98935,200.74977,-0.4091713,-0.0075005675,0.0061483127,0.0075572734,-0.012552821,12.0,780.0,193.11314,196.18161,192.43959,195.50804,10061602.0,195.56293,200.23131,200.68825,200.61116,200.57397,-0.43612376,-0.008454008,0.012401546,0.015889484,-0.0034878585,12.0,781.0,195.059,195.45815,193.23788,193.63704,4542612.0,195.14381,199.70576,200.4026,200.29883,200.50035,-0.4042709,0.010076279,-0.0072899503,0.002046266,-0.009336295,12.0
778.0,196.23149,197.8281,195.85728,197.55368,5106634.0,198.79604,201.15434,201.27948,201.22504,200.79272,-0.38507783,-0.0016500431,0.0067379214,0.008136314,-0.0019069413,12.0,779.0,194.75964,196.23149,192.31487,195.95709,5554710.0,197.12958,200.67868,200.98262,200.98935,200.74977,-0.4091713,-0.0075005675,0.0061483127,0.0075572734,-0.012552821,12.0,780.0,193.11314,196.18161,192.43959,195.50804,10061602.0,195.56293,200.23131,200.68825,200.61116,200.57397,-0.43612376,-0.008454008,0.012401546,0.015889484,-0.0034878585,12.0,781.0,195.059,195.45815,193.23788,193.63704,4542612.0,195.14381,199.70576,200.4026,200.29883,200.50035,-0.4042709,0.010076279,-0.0072899503,0.002046266,-0.009336295,12.0,782.0,193.61209,194.75966,193.23788,193.93642,4438972.0,194.55507,199.0322,199.86874,200.0294,200.26488,-0.42795622,-0.0074178306,0.0016751048,0.0059271185,-0.0019327407,12.0
779.0,194.75964,196.23149,192.31487,195.95709,5554710.0,197.12958,200.67868,200.98262,200.98935,200.74977,-0.4091713,-0.0075005675,0.0061483127,0.0075572734,-0.012552821,12.0,780.0,193.11314,196.18161,192.43959,195.50804,10061602.0,195.56293,200.23131,200.68825,200.61116,200.57397,-0.43612376,-0.008454008,0.012401546,0.015889484,-0.0034878585,12.0,781.0,195.059,195.45815,193.23788,193.63704,4542612.0,195.14381,199.70576,200.4026,200.29883,200.50035,-0.4042709,0.010076279,-0.0072899503,0.002046266,-0.009336295,12.0,782.0,193.61209,194.75966,193.23788,193.93642,4438972.0,194.55507,199.0322,199.86874,200.0294,200.26488,-0.42795622,-0.0074178306,0.0016751048,0.0059271185,-0.0019327407,12.0,783.0,194.80954,195.30847,194.13597,194.88438,4393936.0,194.27069,198.52162,199.43343,199.87773,200.06598,-0.40835452,0.006184783,0.00038415648,0.0025611473,-0.0034575644,12.0
780.0,193.11314,196.18161,192.43959,195.50804,10061602.0,195.56293,200.23131,200.68825,200.61116,200.57397,-0.43612376,-0.008454008,0.012401546,0.015889484,-0.0034878585,12.0,781.0,195.059,195.45815,193.23788,193.63704,4542612.0,195.14381,199.70576,200.4026,200.29883,200.50035,-0.4042709,0.010076279,-0.0072899503,0.002046266,-0.009336295,12.0,782.0,193.61209,194.75966,193.23788,193.93642,4438972.0,194.55507,199.0322,199.86874,200.0294,200.26488,-0.42795622,-0.0074178306,0.0016751048,0.0059271185,-0.0019327407,12.0,783.0,194.80954,195.30847,194.13597,194.88438,4393936.0,194.27069,198.52162,199.43343,199.87773,200.06598,-0.40835452,0.006184783,0.00038415648,0.0025611473,-0.0034575644,12.0,784.0,196.45602,197.90294,195.63278,195.80742,6727722.0,194.60995,198.29378,199.1615,199.70808,199.92612,-0.38140234,0.0084517645,-0.0033015562,0.0073650638,-0.004190461,12.0
781.0,195.059,195.45815,193.23788,193.63704,4542612.0,195.14381,199.70576,200.4026,200.29883,200.50035,-0.4042709,0.010076279,-0.0072899503,0.002046266,-0.009336295,12.0,782.0,193.61209,194.75966,193.23788,193.93642,4438972.0,194.55507,199.0322,199.86874,200.0294,200.26488,-0.42795622,-0.0074178306,0.0016751048,0.0059271185,-0.0019327407,12.0,783.0,194.80954,195.30847,194.13597,194.88438,4393936.0,194.27069,198.52162,199.43343,199.87773,200.06598,-0.40835452,0.006184783,0.00038415648,0.0025611473,-0.0034575644,12.0,784.0,196.45602,197.90294,195.63278,195.80742,6727722.0,194.60995,198.29378,199.1615,199.70808,199.92612,-0.38140234,0.0084517645,-0.0033015562,0.0073650638,-0.004190461,12.0,785.0,195.88225,196.08182,194.01125,195.40825,4908842.0,195.16379,197.87799,198.96442,199.58336,199.70326,-0.39079478,-0.0029206346,-0.0024197968,0.0010188331,-0.009551707,12.0
782.0,193.61209,194.75966,193.23788,193.93642,4438972.0,194.55507,199.0322,199.86874,200.0294,200.26488,-0.42795622,-0.0074178306,0.0016751048,0.0059271185,-0.0019327407,12.0,783.0,194.80954,195.30847,194.13597,194.88438,4393936.0,194.27069,198.52162,199.43343,199.87773,200.06598,-0.40835452,0.006184783,0.00038415648,0.0025611473,-0.0034575644,12.0,784.0,196.45602,197.90294,195.63278,195.80742,6727722.0,194.60995,198.29378,199.1615,199.70808,199.92612,-0.38140234,0.0084517645,-0.0033015562,0.0073650638,-0.004190461,12.0,785.0,195.88225,196.08182,194.01125,195.40825,4908842.0,195.16379,197.87799,198.96442,199.58336,199.70326,-0.39079478,-0.0029206346,-0.0024197968,0.0010188331,-0.009551707,12.0,786.0,194.63492,196.50592,194.38545,195.98204,4157054.0,195.07896,197.30255,198.54906,199.33788,199.42885,-0.411213,-0.006367753,0.006921255,0.00961292,-0.0012817226,12.0
783.0,194.80954,195.30847,194.13597,194.88438,4393936.0,194.27069,198.52162,199.43343,199.87773,200.06598,-0.40835452,0.006184783,0.00038415648,0.0025611473,-0.0034575644,12.0,784.0,196.45602,197.90294,195.63278,195.80742,6727722.0,194.60995,198.29378,199.1615,199.70808,199.92612,-0.38140234,0.0084517645,-0.0033015562,0.0073650638,-0.004190461,12.0,785.0,195.88225,196.08182,194.01125,195.40825,4908842.0,195.16379,197.87799,198.96442,199.58336,199.70326,-0.39079478,-0.0029206346,-0.0024197968,0.0010188331,-0.009551707,12.0,786.0,194.63492,196.50592,194.38545,195.98204,4157054.0,195.07896,197.30255,198.54906,199.33788,199.42885,-0.411213,-0.006367753,0.006921255,0.00961292,-0.0012817226,12.0,787.0,194.13597,194.53511,192.88863,193.53725,4567396.0,195.18375,196.61069,198.07008,198.93175,199.22179,-0.41938055,-0.0025635026,-0.0030840714,0.0020559954,-0.0064250836,12.0
784.0,196.45602,197.90294,195.63278,195.80742,6727722.0,194.60995,198.29378,199.1615,199.70808,199.92612,-0.38140234,0.0084517645,-0.0033015562,0.0073650638,-0.004190461,12.0,785.0,195.88225,196.08182,194.01125,195.40825,4908842.0,195.16379,197.87799,198.96442,199.58336,199.70326,-0.39079478,-0.0029206346,-0.0024197968,0.0010188331,-0.009551707,12.0,786.0,194.63492,196.50592,194.38545,195.98204,4157054.0,195.07896,197.30255,198.54906,199.33788,199.42885,-0.411213,-0.006367753,0.006921255,0.00961292,-0.0012817226,12.0,787.0,194.13597,194.53511,192.88863,193.53725,4567396.0,195.18375,196.61069,198.07008,198.93175,199.22179,-0.41938055,-0.0025635026,-0.0030840714,0.0020559954,-0.0064250836,12.0,788.0,192.31487,195.88225,191.46667,194.08607,5982520.0,194.6848,195.91718,197.56241,198.4837,199.01224,-0.4491912,-0.00938057,0.009209982,0.018549731,-0.004410461,12.0
785.0,195.88225,196.08182,194.01125,195.40825,4908842.0,195.16379,197.87799,198.96442,199.58336,199.70326,-0.39079478,-0.0029206346,-0.0024197968,0.0010188331,-0.009551707,12.0,786.0,194.63492,196.50592,194.38545,195.98204,4157054.0,195.07896,197.30255,198.54906,199.33788,199.42885,-0.411213,-0.006367753,0.006921255,0.00961292,-0.0012817226,12.0,787.0,194.13597,194.53511,192.88863,193.53725,4567396.0,195.18375,196.61069,198.07008,198.93175,199.22179,-0.41938055,-0.0025635026,-0.0030840714,0.0020559954,-0.0064250836,12.0,788.0,192.31487,195.88225,191.46667,194.08607,5982520.0,194.6848,195.91718,197.56241,198.4837,199.01224,-0.4491912,-0.00938057,0.009209982,0.018549731,-0.004410461,12.0,789.0,189.32124,193.16304,188.27347,192.86368,8094852.0,193.25784,194.99913,197.03479,197.98077,198.63304,-0.49819544,-0.015566253,0.018711228,0.02029248,-0.005534342,12.0
786.0,194.63492,196.50592,194.38545,195.98204,4157054.0,195.07896,197.30255,198.54906,199.33788,199.42885,-0.411213,-0.006367753,0.006921255,0.00961292,-0.0012817226,12.0,787.0,194.13597,194.53511,192.88863,193.53725,4567396.0,195.18375,196.61069,198.07008,198.93175,199.22179,-0.41938055,-0.0025635026,-0.0030840714,0.0020559954,-0.0064250836,12.0,788.0,192.31487,195.88225,191.46667,194.08607,5982520.0,194.6848,195.91718,197.56241,198.4837,199.01224,-0.4491912,-0.00938057,0.009209982,0.018549731,-0.004410461,12.0,789.0,189.32124,193.16304,188.27347,192.86368,8094852.0,193.25784,194.99913,197.03479,197.98077,198.63304,-0.49819544,-0.015566253,0.018711228,0.02029248,-0.005534342,12.0,790.0,187.47517,191.44173,187.05107,191.44173,7687926.0,191.57643,194.10104,196.3026,197.48683,198.24887,-0.5284148,-0.009750989,0.021157717,0.021157717,-0.0022621586,12.0
787.0,194.13597,194.53511,192.88863,193.53725,4567396.0,195.18375,196.61069,198.07008,198.93175,199.22179,-0.41938055,-0.0025635026,-0.0030840714,0.0020559954,-0.0064250836,12.0,788.0,192.31487,195.88225,191.46667,194.08607,5982520.0,194.6848,195.91718,197.56241,198.4837,199.01224,-0.4491912,-0.00938057,0.009209982,0.018549731,-0.004410461,12.0,789.0,189.32124,193.16304,188.27347,192.86368,8094852.0,193.25784,194.99913,197.03479,197.98077,198.63304,-0.49819544,-0.015566253,0.018711228,0.02029248,-0.005534342,12.0,790.0,187.47517,191.44173,187.05107,191.44173,7687926.0,191.57643,194.10104,196.3026,197.48683,198.24887,-0.5284148,-0.009750989,0.021157717,0.021157717,-0.0022621586,12.0,791.0,186.02827,187.94919,184.60631,187.27562,7686620.0,189.8551,193.3593,195.44069,196.81027,197.75742,-0.5520998,-0.007717819,0.006705109,0.010325884,-0.0076438407,12.0
788.0,192.31487,195.88225,191.46667,194.08607,5982520.0,194.6848,195.91718,197.56241,198.4837,199.01224,-0.4491912,-0.00938057,0.009209982,0.018549731,-0.004410461,12.0,789.0,189.32124,193.16304,188.27347,192.86368,8094852.0,193.25784,194.99913,197.03479,197.98077,198.63304,-0.49819544,-0.015566253,0.018711228,0.02029248,-0.005534342,12.0,790.0,187.47517,191.44173,187.05107,191.44173,7687926.0,191.57643,194.10104,196.3026,197.48683,198.24887,-0.5284148,-0.009750989,0.021157717,0.021157717,-0.0022621586,12.0,791.0,186.02827,187.94919,184.60631,187.27562,7686620.0,189.8551,193.3593,195.44069,196.81027,197.75742,-0.5520998,-0.007717819,0.006705109,0.010325884,-0.0076438407,12.0,792.0,187.84938,188.77242,186.5272,188.19864,9044282.0,188.5978,192.77887,194.60747,196.17563,197.20941,-0.52228916,0.009789404,0.0018592621,0.0049136947,-0.0070384964,12.0
789.0,189.32124,193.16304,188.27347,192.86368,8094852.0,193.25784,194.99913,197.03479,197.98077,198.63304,-0.49819544,-0.015566253,0.018711228,0.02029248,-0.005534342,12.0,790.0,187.47517,191.44173,187.05107,191.44173,7687926.0,191.57643,194.10104,196.3026,197.48683,198.24887,-0.5284148,-0.009750989,0.021157717,0.021157717,-0.0022621586,12.0,791.0,186.02827,187.94919,184.60631,187.27562,7686620.0,189.8551,193.3593,195.44069,196.81027,197.75742,-0.5520998,-0.007717819,0.006705109,0.010325884,-0.0076438407,12.0,792.0,187.84938,188.77242,186.5272,188.19864,9044282.0,188.5978,192.77887,194.60747,196.17563,197.20941,-0.52228916,0.009789404,0.0018592621,0.0049136947,-0.0070384964,12.0,793.0,183.18433,187.57497,182.18645,187.10098,8184754.0,186.77168,191.90906,193.6308,195.40427,196.5317,-0.598654,-0.024834014,0.021380924,0.023968456,-0.005447365,12.0
790.0,187.47517,191.44173,187.05107,191.44173,7687926.0,191.57643,194.10104,196.3026,197.48683,198.24887,-0.5284148,-0.009750989,0.021157717,0.021157717,-0.0022621586,12.0,791.0,186.02827,187.94919,184.60631,187.27562,7686620.0,189.8551,193.3593,195.44069,196.81027,197.75742,-0.5520998,-0.007717819,0.006705109,0.010325884,-0.0076438407,12.0,792.0,187.84938,188.77242,186.5272,188.19864,9044282.0,188.5978,192.77887,194.60747,196.17563,197.20941,-0.52228916,0.009789404,0.0018592621,0.0049136947,-0.0070384964,12.0,793.0,183.18433,187.57497,182.18645,187.10098,8184754.0,186.77168,191.90906,193.6308,195.40427,196.5317,-0.598654,-0.024834014,0.021380924,0.023968456,-0.005447365,12.0,794.0,182.81012,184.73103,182.33614,184.10736,7211152.0,185.46945,191.11243,192.61671,194.72173,195.89555,-0.6047796,-0.002042787,0.0070960866,0.010507659,-0.0025927448,12.0
791.0,186.02827,187.94919,184.60631,187.27562,7686620.0,189.8551,193.3593,195.44069,196.81027,197.75742,-0.5520998,-0.007717819,0.006705109,0.010325884,-0.0076438407,12.0,792.0,187.84938,188.77242,186.5272,188.19864,9044282.0,188.5978,192.77887,194.60747,196.17563,197.20941,-0.52228916,0.009789404,0.0018592621,0.0049136947,-0.0070384964,12.0,793.0,183.18433,187.57497,182.18645,187.10098,8184754.0,186.77168,191.90906,193.6308,195.40427,196.5317,-0.598654,-0.024834014,0.021380924,0.023968456,-0.005447365,12.0,794.0,182.81012,184.73103,182.33614,184.10736,7211152.0,185.46945,191.11243,192.61671,194.72173,195.89555,-0.6047796,-0.002042787,0.0070960866,0.010507659,-0.0025927448,12.0,795.0,182.81012,184.6063,182.5357,183.53358,5374846.0,184.53644,190.42555,191.7099,193.94937,195.32843,-0.6047796,0.0,0.003957457,0.009825344,-0.0015010585,12.0
792.0,187.84938,188.77242,186.5272,188.19864,9044282.0,188.5978,192.77887,194.60747,196.17563,197.20941,-0.52228916,0.009789404,0.0018592621,0.0049136947,-0.0070384964,12.0,793.0,183.18433,187.57497,182.18645,187.10098,8184754.0,186.77168,191.90906,193.6308,195.40427,196.5317,-0.598654,-0.024834014,0.021380924,0.023968456,-0.005447365,12.0,794.0,182.81012,184.73103,182.33614,184.10736,7211152.0,185.46945,191.11243,192.61671,194.72173,195.89555,-0.6047796,-0.002042787,0.0070960866,0.010507659,-0.0025927448,12.0,795.0,182.81012,184.6063,182.5357,183.53358,5374846.0,184.53644,190.42555,191.7099,193.94937,195.32843,-0.6047796,0.0,0.003957457,0.009825344,-0.0015010585,12.0,796.0,180.36534,182.06172,179.79156,182.06172,9485192.0,183.40385,189.44597,190.87044,193.03333,194.57587,-0.6447995,-0.013373321,0.009405239,0.009405239,-0.0031811725,12.0
793.0,183.18433,187.57497,182.18645,187.10098,8184754.0,186.77168,191.90906,193.6308,195.40427,196.5317,-0.598654,-0.024834014,0.021380924,0.023968456,-0.005447365,12.0,794.0,182.81012,184.73103,182.33614,184.10736,7211152.0,185.46945,191.11243,192.61671,194.72173,195.89555,-0.6047796,-0.002042787,0.0070960866,0.010507659,-0.0025927448,12.0,795.0,182.81012,184.6063,182.5357,183.53358,5374846.0,184.53644,190.42555,191.7099,193.94937,195.32843,-0.6047796,0.0,0.003957457,0.009825344,-0.0015010585,12.0,796.0,180.36534,182.06172,179.79156,182.06172,9485192.0,183.40385,189.44597,190.87044,193.03333,194.57587,-0.6447995,-0.013373321,0.009405239,0.009405239,-0.0031811725,12.0,797.0,180.49008,183.03465,180.11588,181.28838,7906696.0,181.93199,188.57118,190.06715,192.07237,193.80168,-0.64275753,0.0006915996,0.004422961,0.014098151,-0.002073255,12.0
794.0,182.81012,184.73103,182.33614,184.10736,7211152.0,185.46945,191.11243,192.61671,194.72173,195.89555,-0.6047796,-0.002042787,0.0070960866,0.010507659,-0.0025927448,12.0,795.0,182.81012,184.6063,182.5357,183.53358,5374846.0,184.53644,190.42555,191.7099,193.94937,195.32843,-0.6047796,0.0,0.003957457,0.009825344,-0.0015010585,12.0,796.0,180.36534,182.06172,179.79156,182.06172,9485192.0,183.40385,189.44597,190.87044,193.03333,194.57587,-0.6447995,-0.013373321,0.009405239,0.009405239,-0.0031811725,12.0,797.0,180.49008,183.03465,180.11588,181.28838,7906696.0,181.93199,188.57118,190.06715,192.07237,193.80168,-0.64275753,0.0006915996,0.004422961,0.014098151,-0.002073255,12.0,798.0,180.2406,181.61267,179.21779,180.49007,6227714.0,181.34325,187.59991,189.26761,191.1733,193.06076,-0.6468414,-0.0013822432,0.0013840831,0.0076124566,-0.005674707,12.0
795.0,182.81012,184.6063,182.5357,183.53358,5374846.0,184.53644,190.42555,191.7099,193.94937,195.32843,-0.6047796,0.0,0.003957457,0.009825344,-0.0015010585,12.0,796.0,180.36534,182.06172,179.79156,182.06172,9485192.0,183.40385,189.44597,190.87044,193.03333,194.57587,-0.6447995,-0.013373321,0.009405239,0.009405239,-0.0031811725,12.0,797.0,180.49008,183.03465,180.11588,181.28838,7906696.0,181.93199,188.57118,190.06715,192.07237,193.80168,-0.64275753,0.0006915996,0.004422961,0.014098151,-0.002073255,12.0,798.0,180.2406,181.61267,179.21779,180.49007,6227714.0,181.34325,187.59991,189.26761,191.1733,193.06076,-0.6468414,-0.0013822432,0.0013840831,0.0076124566,-0.005674707,12.0,799.0,177.721,181.63763,177.32184,181.11375,7813096.0,180.32542,186.3509,188.41568,190.15846,192.32234,-0.6880863,-0.013979134,0.019090364,0.022038111,-0.0022459805,12.0
796.0,180.36534,182.06172,179.79156,182.06172,9485192.0,183.40385,189.44597,190.87044,193.03333,194.57587,-0.6447995,-0.013373321,0.009405239,0.009405239,-0.0031811725,12.0,797.0,180.49008,183.03465,180.11588,181.28838,7906696.0,181.93199,188.57118,190.06715,192.07237,193.80168,-0.64275753,0.0006915996,0.004422961,0.014098151,-0.002073255,12.0,798.0,180.2406,181.61267,179.21779,180.49007,6227714.0,181.34325,187.59991,189.26761,191.1733,193.06076,-0.6468414,-0.0013822432,0.0013840831,0.0076124566,-0.005674707,12.0,799.0,177.721,181.63763,177.32184,181.11375,7813096.0,180.32542,186.3509,188.41568,190.15846,192.32234,-0.6880863,-0.013979134,0.019090364,0.022038111,-0.0022459805,12.0,800.0,179.14294,179.99113,177.12225,178.61906,8823840.0,179.592,185.23495,187.71716,189.28632,191.55647,-0.6648096,0.008001031,-0.0029243499,0.004734751,-0.011279732,12.0
797.0,180.49008,183.03465,180.11588,181.28838,7906696.0,181.93199,188.57118,190.06715,192.07237,193.80168,-0.64275753,0.0006915996,0.004422961,0.014098151,-0.002073255,12.0,798.0,180.2406,181.61267,179.21779,180.49007,6227714.0,181.34325,187.59991,189.26761,191.1733,193.06076,-0.6468414,-0.0013822432,0.0013840831,0.0076124566,-0.005674707,12.0,799.0,177.721,181.63763,177.32184,181.11375,7813096.0,180.32542,186.3509,188.41568,190.15846,192.32234,-0.6880863,-0.013979134,0.019090364,0.022038111,-0.0022459805,12.0,800.0,179.14294,179.99113,177.12225,178.61906,8823840.0,179.592,185.23495,187.71716,189.28632,191.55647,-0.6648096,0.008001031,-0.0029243499,0.004734751,-0.011279732,12.0,801.0,182.23636,182.48582,180.26555,181.28838,7914212.0,179.9662,184.40839,187.07603,188.68959,190.85547,-0.6141718,0.017267855,-0.0052019,0.0013689254,-0.010814544,12.0
798.0,180.2406,181.61267,179.21779,180.49007,6227714.0,181.34325,187.59991,189.26761,191.1733,193.06076,-0.6468414,-0.0013822432,0.0013840831,0.0076124566,-0.005674707,12.0,799.0,177.721,181.63763,177.32184,181.11375,7813096.0,180.32542,186.3509,188.41568,190.15846,192.32234,-0.6880863,-0.013979134,0.019090364,0.022038111,-0.0022459805,12.0,800.0,179.14294,179.99113,177.12225,178.61906,8823840.0,179.592,185.23495,187.71716,189.28632,191.55647,-0.6648096,0.008001031,-0.0029243499,0.004734751,-0.011279732,12.0,801.0,182.23636,182.48582,180.26555,181.28838,7914212.0,179.9662,184.40839,187.07603,188.68959,190.85547,-0.6141718,0.017267855,-0.0052019,0.0013689254,-0.010814544,12.0,802.0,183.58348,183.808,182.18645,183.58348,4053500.0,180.58487,183.70488,186.5746,188.1707,190.15779,-0.59212,0.0073921704,0.0,0.0012229425,-0.007609779,12.0
799.0,177.721,181.63763,177.32184,181.11375,7813096.0,180.32542,186.3509,188.41568,190.15846,192.32234,-0.6880863,-0.013979134,0.019090364,0.022038111,-0.0022459805,12.0,800.0,179.14294,179.99113,177.12225,178.61906,8823840.0,179.592,185.23495,187.71716,189.28632,191.55647,-0.6648096,0.008001031,-0.0029243499,0.004734751,-0.011279732,12.0,801.0,182.23636,182.48582,180.26555,181.28838,7914212.0,179.9662,184.40839,187.07603,188.68959,190.85547,-0.6141718,0.017267855,-0.0052019,0.0013689254,-0.010814544,12.0,802.0,183.58348,183.808,182.18645,183.58348,4053500.0,180.58487,183.70488,186.5746,188.1707,190.15779,-0.59212,0.0073921704,0.0,0.0012229425,-0.007609779,12.0,803.0,184.48157,185.55428,183.20929,184.45662,6443110.0,181.43307,183.18266,186.0582,187.7007,189.54993,-0.57741874,0.004891979,-0.00013519349,0.005814723,-0.0068965186,12.0
800.0,179.14294,179.99113,177.12225,178.61906,8823840.0,179.592,185.23495,187.71716,189.28632,191.55647,-0.6648096,0.008001031,-0.0029243499,0.004734751,-0.011279732,12.0,801.0,182.23636,182.48582,180.26555,181.28838,7914212.0,179.9662,184.40839,187.07603,188.68959,190.85547,-0.6141718,0.017267855,-0.0052019,0.0013689254,-0.010814544,12.0,802.0,183.58348,183.808,182.18645,183.58348,4053500.0,180.58487,183.70488,186.5746,188.1707,190.15779,-0.59212,0.0073921704,0.0,0.0012229425,-0.007609779,12.0,803.0,184.48157,185.55428,183.20929,184.45662,6443110.0,181.43307,183.18266,186.0582,187.7007,189.54993,-0.57741874,0.004891979,-0.00013519349,0.005814723,-0.0068965186,12.0,804.0,182.93486,184.83083,182.53572,184.10736,6429614.0,182.47585,182.75691,185.38214,187.2277,188.87802,-0.6027376,-0.008384074,0.006409399,0.010364157,-0.0021818841,12.0
801.0,182.23636,182.48582,180.26555,181.28838,7914212.0,179.9662,184.40839,187.07603,188.68959,190.85547,-0.6141718,0.017267855,-0.0052019,0.0013689254,-0.010814544,12.0,802.0,183.58348,183.808,182.18645,183.58348,4053500.0,180.58487,183.70488,186.5746,188.1707,190.15779,-0.59212,0.0073921704,0.0,0.0012229425,-0.007609779,12.0,803.0,184.48157,185.55428,183.20929,184.45662,6443110.0,181.43307,183.18266,186.0582,187.7007,189.54993,-0.57741874,0.004891979,-0.00013519349,0.005814723,-0.0068965186,12.0,804.0,182.93486,184.83083,182.53572,184.10736,6429614.0,182.47585,182.75691,185.38214,187.2277,188.87802,-0.6027376,-0.008384074,0.006409399,0.010364157,-0.0021818841,12.0,805.0,186.25278,186.8016,183.40884,183.60843,5624940.0,183.89781,182.67542,184.90067,186.9533,188.38823,-0.54842484,0.01813715,-0.014197664,0.0029467081,-0.015269172,12.0
802.0,183.58348,183.808,182.18645,183.58348,4053500.0,180.58487,183.70488,186.5746,188.1707,190.15779,-0.59212,0.0073921704,0.0,0.0012229425,-0.007609779,12.0,803.0,184.48157,185.55428,183.20929,184.45662,6443110.0,181.43307,183.18266,186.0582,187.7007,189.54993,-0.57741874,0.004891979,-0.00013519349,0.005814723,-0.0068965186,12.0,804.0,182.93486,184.83083,182.53572,184.10736,6429614.0,182.47585,182.75691,185.38214,187.2277,188.87802,-0.6027376,-0.008384074,0.006409399,0.010364157,-0.0021818841,12.0,805.0,186.25278,186.8016,183.40884,183.60843,5624940.0,183.89781,182.67542,184.90067,186.9533,188.38823,-0.54842484,0.01813715,-0.014197664,0.0029467081,-0.015269172,12.0,806.0,184.73103,187.02614,183.90779,186.35257,6784354.0,184.39674,182.58893,184.40547,186.54018,187.97412,-0.5733351,-0.008170314,0.008777853,0.012424055,-0.004456432,12.0
803.0,184.48157,185.55428,183.20929,184.45662,6443110.0,181.43307,183.18266,186.0582,187.7007,189.54993,-0.57741874,0.004891979,-0.00013519349,0.005814723,-0.0068965186,12.0,804.0,182.93486,184.83083,182.53572,184.10736,6429614.0,182.47585,182.75691,185.38214,187.2277,188.87802,-0.6027376,-0.008384074,0.006409399,0.010364157,-0.0021818841,12.0,805.0,186.25278,186.8016,183.40884,183.60843,5624940.0,183.89781,182.67542,184.90067,186.9533,188.38823,-0.54842484,0.01813715,-0.014197664,0.0029467081,-0.015269172,12.0,806.0,184.73103,187.02614,183.90779,186.35257,6784354.0,184.39674,182.58893,184.40547,186.54018,187.97412,-0.5733351,-0.008170314,0.008777853,0.012424055,-0.004456432,12.0,807.0,185.679,186.32762,184.28198,184.90565,5578210.0,184.81584,182.44424,183.98262,186.22285,187.61156,-0.5578173,0.0051316097,-0.0041649546,0.0034932643,-0.007523815,12.0
804.0,182.93486,184.83083,182.53572,184.10736,6429614.0,182.47585,182.75691,185.38214,187.2277,188.87802,-0.6027376,-0.008384074,0.006409399,0.010364157,-0.0021818841,12.0,805.0,186.25278,186.8016,183.40884,183.60843,5624940.0,183.89781,182.67542,184.90067,186.9533,188.38823,-0.54842484,0.01813715,-0.014197664,0.0029467081,-0.015269172,12.0,806.0,184.73103,187.02614,183.90779,186.35257,6784354.0,184.39674,182.58893,184.40547,186.54018,187.97412,-0.5733351,-0.008170314,0.008777853,0.012424055,-0.004456432,12.0,807.0,185.679,186.32762,184.28198,184.90565,5578210.0,184.81584,182.44424,183.98262,186.22285,187.61156,-0.5578173,0.0051316097,-0.0041649546,0.0034932643,-0.007523815,12.0,808.0,183.7581,184.5564,182.61055,184.5564,6724634.0,184.67116,182.4825,183.5548,185.78079,187.19577,-0.58926153,-0.010345265,0.0043443013,0.0043443013,-0.006244876,12.0
805.0,186.25278,186.8016,183.40884,183.60843,5624940.0,183.89781,182.67542,184.90067,186.9533,188.38823,-0.54842484,0.01813715,-0.014197664,0.0029467081,-0.015269172,12.0,806.0,184.73103,187.02614,183.90779,186.35257,6784354.0,184.39674,182.58893,184.40547,186.54018,187.97412,-0.5733351,-0.008170314,0.008777853,0.012424055,-0.004456432,12.0,807.0,185.679,186.32762,184.28198,184.90565,5578210.0,184.81584,182.44424,183.98262,186.22285,187.61156,-0.5578173,0.0051316097,-0.0041649546,0.0034932643,-0.007523815,12.0,808.0,183.7581,184.5564,182.61055,184.5564,6724634.0,184.67116,182.4825,183.5548,185.78079,187.19577,-0.58926153,-0.010345265,0.0043443013,0.0043443013,-0.006244876,12.0,809.0,180.2905,180.58986,175.62544,179.592,13603290.0,184.14229,182.31451,183.10326,185.13417,186.71347,-0.64602464,-0.018870492,-0.0038743431,0.0016604569,-0.025875207,12.0
806.0,184.73103,187.02614,183.90779,186.35257,6784354.0,184.39674,182.58893,184.40547,186.54018,187.97412,-0.5733351,-0.008170314,0.008777853,0.012424055,-0.004456432,12.0,807.0,185.679,186.32762,184.28198,184.90565,5578210.0,184.81584,182.44424,183.98262,186.22285,187.61156,-0.5578173,0.0051316097,-0.0041649546,0.0034932643,-0.007523815,12.0,808.0,183.7581,184.5564,182.61055,184.5564,6724634.0,184.67116,182.4825,183.5548,185.78079,187.19577,-0.58926153,-0.010345265,0.0043443013,0.0043443013,-0.006244876,12.0,809.0,180.2905,180.58986,175.62544,179.592,13603290.0,184.14229,182.31451,183.10326,185.13417,186.71347,-0.64602464,-0.018870492,-0.0038743431,0.0016604569,-0.025875207,12.0,810.0,183.55853,184.05746,179.24274,181.33827,8024898.0,183.60344,182.36441,182.90742,184.64122,186.39499,-0.5925284,0.0181265,-0.012095628,0.00271813,-0.023511808,12.0
807.0,185.679,186.32762,184.28198,184.90565,5578210.0,184.81584,182.44424,183.98262,186.22285,187.61156,-0.5578173,0.0051316097,-0.0041649546,0.0034932643,-0.007523815,12.0,808.0,183.7581,184.5564,182.61055,184.5564,6724634.0,184.67116,182.4825,183.5548,185.78079,187.19577,-0.58926153,-0.010345265,0.0043443013,0.0043443013,-0.006244876,12.0,809.0,180.2905,180.58986,175.62544,179.592,13603290.0,184.14229,182.31451,183.10326,185.13417,186.71347,-0.64602464,-0.018870492,-0.0038743431,0.0016604569,-0.025875207,12.0,810.0,183.55853,184.05746,179.24274,181.33827,8024898.0,183.60344,182.36441,182.90742,184.64122,186.39499,-0.5925284,0.0181265,-0.012095628,0.00271813,-0.023511808,12.0,811.0,180.01608,183.55853,179.81651,183.55853,7475944.0,182.66045,182.34113,182.60681,184.05647,185.89355,-0.6505167,-0.019298749,0.01967851,0.01967851,-0.0011086306,12.0
808.0,183.7581,184.5564,182.61055,184.5564,6724634.0,184.67116,182.4825,183.5548,185.78079,187.19577,-0.58926153,-0.010345265,0.0043443013,0.0043443013,-0.006244876,12.0,809.0,180.2905,180.58986,175.62544,179.592,13603290.0,184.14229,182.31451,183.10326,185.13417,186.71347,-0.64602464,-0.018870492,-0.0038743431,0.0016604569,-0.025875207,12.0,810.0,183.55853,184.05746,179.24274,181.33827,8024898.0,183.60344,182.36441,182.90742,184.64122,186.39499,-0.5925284,0.0181265,-0.012095628,0.00271813,-0.023511808,12.0,811.0,180.01608,183.55853,179.81651,183.55853,7475944.0,182.66045,182.34113,182.60681,184.05647,185.89355,-0.6505167,-0.019298749,0.01967851,0.01967851,-0.0011086306,12.0,812.0,181.03891,181.46301,179.118,179.86641,4423266.0,181.73242,182.37772,182.26628,183.5326,185.47444,-0.63377345,0.0056818654,-0.006476522,0.0023425827,-0.010610462,12.0
809.0,180.2905,180.58986,175.62544,179.592,13603290.0,184.14229,182.31451,183.10326,185.13417,186.71347,-0.64602464,-0.018870492,-0.0038743431,0.0016604569,-0.025875207,12.0,810.0,183.55853,184.05746,179.24274,181.33827,8024898.0,183.60344,182.36441,182.90742,184.64122,186.39499,-0.5925284,0.0181265,-0.012095628,0.00271813,-0.023511808,12.0,811.0,180.01608,183.55853,179.81651,183.55853,7475944.0,182.66045,182.34113,182.60681,184.05647,185.89355,-0.6505167,-0.019298749,0.01967851,0.01967851,-0.0011086306,12.0,812.0,181.03891,181.46301,179.118,179.86641,4423266.0,181.73242,182.37772,182.26628,183.5326,185.47444,-0.63377345,0.0056818654,-0.006476522,0.0023425827,-0.010610462,12.0,813.0,183.63336,183.95769,181.43805,181.66257,5299988.0,181.70747,182.6039,182.28874,183.18533,185.10191,-0.59130347,0.014330908,-0.010732188,0.0017661308,-0.011954881,12.0
810.0,183.55853,184.05746,179.24274,181.33827,8024898.0,183.60344,182.36441,182.90742,184.64122,186.39499,-0.5925284,0.0181265,-0.012095628,0.00271813,-0.023511808,12.0,811.0,180.01608,183.55853,179.81651,183.55853,7475944.0,182.66045,182.34113,182.60681,184.05647,185.89355,-0.6505167,-0.019298749,0.01967851,0.01967851,-0.0011086306,12.0,812.0,181.03891,181.46301,179.118,179.86641,4423266.0,181.73242,182.37772,182.26628,183.5326,185.47444,-0.63377345,0.0056818654,-0.006476522,0.0023425827,-0.010610462,12.0,813.0,183.63336,183.95769,181.43805,181.66257,5299988.0,181.70747,182.6039,182.28874,183.18533,185.10191,-0.59130347,0.014330908,-0.010732188,0.0017661308,-0.011954881,12.0,814.0,188.57285,188.89716,184.8807,187.10098,17779044.0,183.36395,183.32736,182.57687,183.1554,184.83913,-0.51044637,0.026898619,-0.007805297,0.001719788,-0.019579373,12.0
811.0,180.01608,183.55853,179.81651,183.55853,7475944.0,182.66045,182.34113,182.60681,184.05647,185.89355,-0.6505167,-0.019298749,0.01967851,0.01967851,-0.0011086306,12.0,812.0,181.03891,181.46301,179.118,179.86641,4423266.0,181.73242,182.37772,182.26628,183.5326,185.47444,-0.63377345,0.0056818654,-0.006476522,0.0023425827,-0.010610462,12.0,813.0,183.63336,183.95769,181.43805,181.66257,5299988.0,181.70747,182.6039,182.28874,183.18533,185.10191,-0.59130347,0.014330908,-0.010732188,0.0017661308,-0.011954881,12.0,814.0,188.57285,188.89716,184.8807,187.10098,17779044.0,183.36395,183.32736,182.57687,183.1554,184.83913,-0.51044637,0.026898619,-0.007805297,0.001719788,-0.019579373,12.0,815.0,187.42528,189.04681,186.65193,188.69757,7528552.0,184.1373,183.87952,182.80763,183.1534,184.55724,-0.52923155,-0.0060855406,0.0067882827,0.008651671,-0.0041261488,12.0
812.0,181.03891,181.46301,179.118,179.86641,4423266.0,181.73242,182.37772,182.26628,183.5326,185.47444,-0.63377345,0.0056818654,-0.006476522,0.0023425827,-0.010610462,12.0,813.0,183.63336,183.95769,181.43805,181.66257,5299988.0,181.70747,182.6039,182.28874,183.18533,185.10191,-0.59130347,0.014330908,-0.010732188,0.0017661308,-0.011954881,12.0,814.0,188.57285,188.89716,184.8807,187.10098,17779044.0,183.36395,183.32736,182.57687,183.1554,184.83913,-0.51044637,0.026898619,-0.007805297,0.001719788,-0.019579373,12.0,815.0,187.42528,189.04681,186.65193,188.69757,7528552.0,184.1373,183.87952,182.80763,183.1534,184.55724,-0.52923155,-0.0060855406,0.0067882827,0.008651671,-0.0041261488,12.0,816.0,186.87645,188.42316,186.30267,188.42316,7008146.0,185.50937,184.18886,183.1332,183.18732,184.29861,-0.5382156,-0.0029282502,0.008276615,0.008276615,-0.003070335,12.0
813.0,183.63336,183.95769,181.43805,181.66257,5299988.0,181.70747,182.6039,182.28874,183.18533,185.10191,-0.59130347,0.014330908,-0.010732188,0.0017661308,-0.011954881,12.0,814.0,188.57285,188.89716,184.8807,187.10098,17779044.0,183.36395,183.32736,182.57687,183.1554,184.83913,-0.51044637,0.026898619,-0.007805297,0.001719788,-0.019579373,12.0,815.0,187.42528,189.04681,186.65193,188.69757,7528552.0,184.1373,183.87952,182.80763,183.1534,184.55724,-0.52923155,-0.0060855406,0.0067882827,0.008651671,-0.0041261488,12.0,816.0,186.87645,188.42316,186.30267,188.42316,7008146.0,185.50937,184.18886,183.1332,183.18732,184.29861,-0.5382156,-0.0029282502,0.008276615,0.008276615,-0.003070335,12.0,817.0,186.8016,187.89928,185.6291,187.79948,8491700.0,186.66191,184.4034,183.44876,183.14542,184.05414,-0.53944075,-0.00040050183,0.0053418805,0.005876101,-0.006276726,12.0
814.0,188.57285,188.89716,184.8807,187.10098,17779044.0,183.36395,183.32736,182.57687,183.1554,184.83913,-0.51044637,0.026898619,-0.007805297,0.001719788,-0.019579373,12.0,815.0,187.42528,189.04681,186.65193,188.69757,7528552.0,184.1373,183.87952,182.80763,183.1534,184.55724,-0.52923155,-0.0060855406,0.0067882827,0.008651671,-0.0041261488,12.0,816.0,186.87645,188.42316,186.30267,188.42316,7008146.0,185.50937,184.18886,183.1332,183.18732,184.29861,-0.5382156,-0.0029282502,0.008276615,0.008276615,-0.003070335,12.0,817.0,186.8016,187.89928,185.6291,187.79948,8491700.0,186.66191,184.4034,183.44876,183.14542,184.05414,-0.53944075,-0.00040050183,0.0053418805,0.005876101,-0.006276726,12.0,818.0,192.09033,193.58714,189.59566,189.59566,27709406.0,188.3533,184.91064,184.04124,183.50165,184.04666,-0.45286673,0.028312,-0.012987013,0.007792208,-0.012987013,12.0
815.0,187.42528,189.04681,186.65193,188.69757,7528552.0,184.1373,183.87952,182.80763,183.1534,184.55724,-0.52923155,-0.0060855406,0.0067882827,0.008651671,-0.0041261488,12.0,816.0,186.87645,188.42316,186.30267,188.42316,7008146.0,185.50937,184.18886,183.1332,183.18732,184.29861,-0.5382156,-0.0029282502,0.008276615,0.008276615,-0.003070335,12.0,817.0,186.8016,187.89928,185.6291,187.79948,8491700.0,186.66191,184.4034,183.44876,183.14542,184.05414,-0.53944075,-0.00040050183,0.0053418805,0.005876101,-0.006276726,12.0,818.0,192.09033,193.58714,189.59566,189.59566,27709406.0,188.3533,184.91064,184.04124,183.50165,184.04666,-0.45286673,0.028312,-0.012987013,0.007792208,-0.012987013,12.0,819.0,193.76178,195.65773,193.31274,194.08609,9746608.0,189.39108,185.63245,184.84329,183.93971,184.19467,-0.42550588,0.008701364,0.0016737322,0.009784956,-0.0023174814,12.0
816.0,186.87645,188.42316,186.30267,188.42316,7008146.0,185.50937,184.18886,183.1332,183.18732,184.29861,-0.5382156,-0.0029282502,0.008276615,0.008276615,-0.003070335,12.0,817.0,186.8016,187.89928,185.6291,187.79948,8491700.0,186.66191,184.4034,183.44876,183.14542,184.05414,-0.53944075,-0.00040050183,0.0053418805,0.005876101,-0.006276726,12.0,818.0,192.09033,193.58714,189.59566,189.59566,27709406.0,188.3533,184.91064,184.04124,183.50165,184.04666,-0.45286673,0.028312,-0.012987013,0.007792208,-0.012987013,12.0,819.0,193.76178,195.65773,193.31274,194.08609,9746608.0,189.39108,185.63245,184.84329,183.93971,184.19467,-0.42550588,0.008701364,0.0016737322,0.009784956,-0.0023174814,12.0,820.0,192.14023,193.76176,190.61847,193.76176,4828488.0,190.33408,186.02493,185.49315,184.31293,184.35017,-0.45204994,-0.008368789,0.008439367,0.008439367,-0.007920068,12.0
817.0,186.8016,187.89928,185.6291,187.79948,8491700.0,186.66191,184.4034,183.44876,183.14542,184.05414,-0.53944075,-0.00040050183,0.0053418805,0.005876101,-0.006276726,12.0,818.0,192.09033,193.58714,189.59566,189.59566,27709406.0,188.3533,184.91064,184.04124,183.50165,184.04666,-0.45286673,0.028312,-0.012987013,0.007792208,-0.012987013,12.0,819.0,193.76178,195.65773,193.31274,194.08609,9746608.0,189.39108,185.63245,184.84329,183.93971,184.19467,-0.42550588,0.008701364,0.0016737322,0.009784956,-0.0023174814,12.0,820.0,192.14023,193.76176,190.61847,193.76176,4828488.0,190.33408,186.02493,185.49315,184.31293,184.35017,-0.45204994,-0.008368789,0.008439367,0.008439367,-0.007920068,12.0,821.0,191.44173,192.66411,191.1174,191.9656,6253358.0,191.24713,186.47232,185.95343,184.75598,184.53062,-0.4634841,-0.003635374,0.002736481,0.006385149,-0.0016940953,12.0
818.0,192.09033,193.58714,189.59566,189.59566,27709406.0,188.3533,184.91064,184.04124,183.50165,184.04666,-0.45286673,0.028312,-0.012987013,0.007792208,-0.012987013,12.0,819.0,193.76178,195.65773,193.31274,194.08609,9746608.0,189.39108,185.63245,184.84329,183.93971,184.19467,-0.42550588,0.008701364,0.0016737322,0.009784956,-0.0023174814,12.0,820.0,192.14023,193.76176,190.61847,193.76176,4828488.0,190.33408,186.02493,185.49315,184.31293,184.35017,-0.45204994,-0.008368789,0.008439367,0.008439367,-0.007920068,12.0,821.0,191.44173,192.66411,191.1174,191.9656,6253358.0,191.24713,186.47232,185.95343,184.75598,184.53062,-0.4634841,-0.003635374,0.002736481,0.006385149,-0.0016940953,12.0,822.0,189.2963,191.79097,189.09673,190.96773,7902194.0,191.74608,186.71347,186.23906,185.10823,184.57886,-0.49860382,-0.011206708,0.008829747,0.013178703,-0.0010542802,12.0
819.0,193.76178,195.65773,193.31274,194.08609,9746608.0,189.39108,185.63245,184.84329,183.93971,184.19467,-0.42550588,0.008701364,0.0016737322,0.009784956,-0.0023174814,12.0,820.0,192.14023,193.76176,190.61847,193.76176,4828488.0,190.33408,186.02493,185.49315,184.31293,184.35017,-0.45204994,-0.008368789,0.008439367,0.008439367,-0.007920068,12.0,821.0,191.44173,192.66411,191.1174,191.9656,6253358.0,191.24713,186.47232,185.95343,184.75598,184.53062,-0.4634841,-0.003635374,0.002736481,0.006385149,-0.0016940953,12.0,822.0,189.2963,191.79097,189.09673,190.96773,7902194.0,191.74608,186.71347,186.23906,185.10823,184.57886,-0.49860382,-0.011206708,0.008829747,0.013178703,-0.0010542802,12.0,823.0,189.7703,191.09247,189.39609,190.0946,9613544.0,191.28206,187.11429,186.5035,185.48941,184.79839,-0.4908447,0.0025040058,0.0017089362,0.0069672507,-0.001971868,12.0
820.0,192.14023,193.76176,190.61847,193.76176,4828488.0,190.33408,186.02493,185.49315,184.31293,184.35017,-0.45204994,-0.008368789,0.008439367,0.008439367,-0.007920068,12.0,821.0,191.44173,192.66411,191.1174,191.9656,6253358.0,191.24713,186.47232,185.95343,184.75598,184.53062,-0.4634841,-0.003635374,0.002736481,0.006385149,-0.0016940953,12.0,822.0,189.2963,191.79097,189.09673,190.96773,7902194.0,191.74608,186.71347,186.23906,185.10823,184.57886,-0.49860382,-0.011206708,0.008829747,0.013178703,-0.0010542802,12.0,823.0,189.7703,191.09247,189.39609,190.0946,9613544.0,191.28206,187.11429,186.5035,185.48941,184.79839,-0.4908447,0.0025040058,0.0017089362,0.0069672507,-0.001971868,12.0,824.0,190.74321,191.317,189.6206,190.843,5716698.0,190.67834,187.81113,186.89392,186.0103,185.06282,-0.47491848,0.005126807,0.0005231813,0.0030081728,-0.0058854306,12.0
821.0,191.44173,192.66411,191.1174,191.9656,6253358.0,191.24713,186.47232,185.95343,184.75598,184.53062,-0.4634841,-0.003635374,0.002736481,0.006385149,-0.0016940953,12.0,822.0,189.2963,191.79097,189.09673,190.96773,7902194.0,191.74608,186.71347,186.23906,185.10823,184.57886,-0.49860382,-0.011206708,0.008829747,0.013178703,-0.0010542802,12.0,823.0,189.7703,191.09247,189.39609,190.0946,9613544.0,191.28206,187.11429,186.5035,185.48941,184.79839,-0.4908447,0.0025040058,0.0017089362,0.0069672507,-0.001971868,12.0,824.0,190.74321,191.317,189.6206,190.843,5716698.0,190.67834,187.81113,186.89392,186.0103,185.06282,-0.47491848,0.005126807,0.0005231813,0.0030081728,-0.0058854306,12.0,825.0,191.46666,191.8658,190.59352,191.5914,3670402.0,190.54364,188.33833,187.15462,186.50325,185.35138,-0.46307597,0.003792794,0.0006514658,0.0020846587,-0.0045602606,12.0
822.0,189.2963,191.79097,189.09673,190.96773,7902194.0,191.74608,186.71347,186.23906,185.10823,184.57886,-0.49860382,-0.011206708,0.008829747,0.013178703,-0.0010542802,12.0,823.0,189.7703,191.09247,189.39609,190.0946,9613544.0,191.28206,187.11429,186.5035,185.48941,184.79839,-0.4908447,0.0025040058,0.0017089362,0.0069672507,-0.001971868,12.0,824.0,190.74321,191.317,189.6206,190.843,5716698.0,190.67834,187.81113,186.89392,186.0103,185.06282,-0.47491848,0.005126807,0.0005231813,0.0030081728,-0.0058854306,12.0,825.0,191.46666,191.8658,190.59352,191.5914,3670402.0,190.54364,188.33833,187.15462,186.50325,185.35138,-0.46307597,0.003792794,0.0006514658,0.0020846587,-0.0045602606,12.0,826.0,191.91571,193.01338,191.14236,192.4396,4049964.0,190.63843,189.13165,187.51384,186.89043,185.73639,-0.4557252,0.0023453217,0.002729802,0.005719517,-0.0040296055,12.0
823.0,189.7703,191.09247,189.39609,190.0946,9613544.0,191.28206,187.11429,186.5035,185.48941,184.79839,-0.4908447,0.0025040058,0.0017089362,0.0069672507,-0.001971868,12.0,824.0,190.74321,191.317,189.6206,190.843,5716698.0,190.67834,187.81113,186.89392,186.0103,185.06282,-0.47491848,0.005126807,0.0005231813,0.0030081728,-0.0058854306,12.0,825.0,191.46666,191.8658,190.59352,191.5914,3670402.0,190.54364,188.33833,187.15462,186.50325,185.35138,-0.46307597,0.003792794,0.0006514658,0.0020846587,-0.0045602606,12.0,826.0,191.91571,193.01338,191.14236,192.4396,4049964.0,190.63843,189.13165,187.51384,186.89043,185.73639,-0.4557252,0.0023453217,0.002729802,0.005719517,-0.0040296055,12.0,827.0,191.2172,192.21507,190.369,191.89076,4580358.0,191.02261,189.8102,187.79076,187.19577,186.09396,-0.4671596,-0.0036397064,0.003522521,0.005218526,-0.0044357786,12.0
824.0,190.74321,191.317,189.6206,190.843,5716698.0,190.67834,187.81113,186.89392,186.0103,185.06282,-0.47491848,0.005126807,0.0005231813,0.0030081728,-0.0058854306,12.0,825.0,191.46666,191.8658,190.59352,191.5914,3670402.0,190.54364,188.33833,187.15462,186.50325,185.35138,-0.46307597,0.003792794,0.0006514658,0.0020846587,-0.0045602606,12.0,826.0,191.91571,193.01338,191.14236,192.4396,4049964.0,190.63843,189.13165,187.51384,186.89043,185.73639,-0.4557252,0.0023453217,0.002729802,0.005719517,-0.0040296055,12.0,827.0,191.2172,192.21507,190.369,191.89076,4580358.0,191.02261,189.8102,187.79076,187.19577,186.09396,-0.4671596,-0.0036397064,0.003522521,0.005218526,-0.0044357786,12.0,828.0,192.46454,193.08821,190.843,191.2172,5089694.0,191.56146,190.39894,188.22607,187.51509,186.50142,-0.44674113,0.006523184,-0.0064808815,0.0032404407,-0.008425145,12.0
825.0,191.46666,191.8658,190.59352,191.5914,3670402.0,190.54364,188.33833,187.15462,186.50325,185.35138,-0.46307597,0.003792794,0.0006514658,0.0020846587,-0.0045602606,12.0,826.0,191.91571,193.01338,191.14236,192.4396,4049964.0,190.63843,189.13165,187.51384,186.89043,185.73639,-0.4557252,0.0023453217,0.002729802,0.005719517,-0.0040296055,12.0,827.0,191.2172,192.21507,190.369,191.89076,4580358.0,191.02261,189.8102,187.79076,187.19577,186.09396,-0.4671596,-0.0036397064,0.003522521,0.005218526,-0.0044357786,12.0,828.0,192.46454,193.08821,190.843,191.2172,5089694.0,191.56146,190.39894,188.22607,187.51509,186.50142,-0.44674113,0.006523184,-0.0064808815,0.0032404407,-0.008425145,12.0,829.0,193.06326,193.98628,192.83873,193.33768,4059352.0,192.02547,190.6983,188.86472,187.92023,187.01283,-0.43694028,0.0031108295,0.0014213406,0.004780916,-0.0011629724,12.0
826.0,191.91571,193.01338,191.14236,192.4396,4049964.0,190.63843,189.13165,187.51384,186.89043,185.73639,-0.4557252,0.0023453217,0.002729802,0.005719517,-0.0040296055,12.0,827.0,191.2172,192.21507,190.369,191.89076,4580358.0,191.02261,189.8102,187.79076,187.19577,186.09396,-0.4671596,-0.0036397064,0.003522521,0.005218526,-0.0044357786,12.0,828.0,192.46454,193.08821,190.843,191.2172,5089694.0,191.56146,190.39894,188.22607,187.51509,186.50142,-0.44674113,0.006523184,-0.0064808815,0.0032404407,-0.008425145,12.0,829.0,193.06326,193.98628,192.83873,193.33768,4059352.0,192.02547,190.6983,188.86472,187.92023,187.01283,-0.43694028,0.0031108295,0.0014213406,0.004780916,-0.0011629724,12.0,830.0,190.74321,193.26285,190.26923,192.68907,5376102.0,191.88078,190.9195,189.22395,188.09984,187.3995,-0.47491848,-0.012017062,0.0102014765,0.013209569,-0.0024849116,12.0
827.0,191.2172,192.21507,190.369,191.89076,4580358.0,191.02261,189.8102,187.79076,187.19577,186.09396,-0.4671596,-0.0036397064,0.003522521,0.005218526,-0.0044357786,12.0,828.0,192.46454,193.08821,190.843,191.2172,5089694.0,191.56146,190.39894,188.22607,187.51509,186.50142,-0.44674113,0.006523184,-0.0064808815,0.0032404407,-0.008425145,12.0,829.0,193.06326,193.98628,192.83873,193.33768,4059352.0,192.02547,190.6983,188.86472,187.92023,187.01283,-0.43694028,0.0031108295,0.0014213406,0.004780916,-0.0011629724,12.0,830.0,190.74321,193.26285,190.26923,192.68907,5376102.0,191.88078,190.9195,189.22395,188.09984,187.3995,-0.47491848,-0.012017062,0.0102014765,0.013209569,-0.0024849116,12.0,831.0,190.8929,192.26497,190.71826,192.19014,4237016.0,191.67622,191.18726,189.76779,188.34631,187.68806,-0.47246817,0.00078476564,0.0067956247,0.007187663,-0.00091480947,12.0
828.0,192.46454,193.08821,190.843,191.2172,5089694.0,191.56146,190.39894,188.22607,187.51509,186.50142,-0.44674113,0.006523184,-0.0064808815,0.0032404407,-0.008425145,12.0,829.0,193.06326,193.98628,192.83873,193.33768,4059352.0,192.02547,190.6983,188.86472,187.92023,187.01283,-0.43694028,0.0031108295,0.0014213406,0.004780916,-0.0011629724,12.0,830.0,190.74321,193.26285,190.26923,192.68907,5376102.0,191.88078,190.9195,189.22395,188.09984,187.3995,-0.47491848,-0.012017062,0.0102014765,0.013209569,-0.0024849116,12.0,831.0,190.8929,192.26497,190.71826,192.19014,4237016.0,191.67622,191.18726,189.76779,188.34631,187.68806,-0.47246817,0.00078476564,0.0067956247,0.007187663,-0.00091480947,12.0,832.0,192.68907,193.68695,191.34193,191.99055,7281582.0,191.9706,191.57976,190.3503,188.62672,187.99158,-0.4430656,0.009409324,-0.0036251277,0.005178664,-0.0069912276,12.0
829.0,193.06326,193.98628,192.83873,193.33768,4059352.0,192.02547,190.6983,188.86472,187.92023,187.01283,-0.43694028,0.0031108295,0.0014213406,0.004780916,-0.0011629724,12.0,830.0,190.74321,193.26285,190.26923,192.68907,5376102.0,191.88078,190.9195,189.22395,188.09984,187.3995,-0.47491848,-0.012017062,0.0102014765,0.013209569,-0.0024849116,12.0,831.0,190.8929,192.26497,190.71826,192.19014,4237016.0,191.67622,191.18726,189.76779,188.34631,187.68806,-0.47246817,0.00078476564,0.0067956247,0.007187663,-0.00091480947,12.0,832.0,192.68907,193.68695,191.34193,191.99055,7281582.0,191.9706,191.57976,190.3503,188.62672,187.99158,-0.4430656,0.009409324,-0.0036251277,0.005178664,-0.0069912276,12.0,833.0,197.4539,197.878,192.28992,192.83875,12197390.0,192.96848,191.93733,191.04132,189.17456,188.424,-0.3650675,0.024728084,-0.023373341,0.002147836,-0.02615289,12.0
830.0,190.74321,193.26285,190.26923,192.68907,5376102.0,191.88078,190.9195,189.22395,188.09984,187.3995,-0.47491848,-0.012017062,0.0102014765,0.013209569,-0.0024849116,12.0,831.0,190.8929,192.26497,190.71826,192.19014,4237016.0,191.67622,191.18726,189.76779,188.34631,187.68806,-0.47246817,0.00078476564,0.0067956247,0.007187663,-0.00091480947,12.0,832.0,192.68907,193.68695,191.34193,191.99055,7281582.0,191.9706,191.57976,190.3503,188.62672,187.99158,-0.4430656,0.009409324,-0.0036251277,0.005178664,-0.0069912276,12.0,833.0,197.4539,197.878,192.28992,192.83875,12197390.0,192.96848,191.93733,191.04132,189.17456,188.424,-0.3650675,0.024728084,-0.023373341,0.002147836,-0.02615289,12.0,834.0,198.40187,200.62215,197.60358,198.07756,12725634.0,194.0362,192.24667,191.53278,189.89902,188.93956,-0.3495497,0.004800956,-0.001634588,0.011190777,-0.0040236544,12.0
831.0,190.8929,192.26497,190.71826,192.19014,4237016.0,191.67622,191.18726,189.76779,188.34631,187.68806,-0.47246817,0.00078476564,0.0067956247,0.007187663,-0.00091480947,12.0,832.0,192.68907,193.68695,191.34193,191.99055,7281582.0,191.9706,191.57976,190.3503,188.62672,187.99158,-0.4430656,0.009409324,-0.0036251277,0.005178664,-0.0069912276,12.0,833.0,197.4539,197.878,192.28992,192.83875,12197390.0,192.96848,191.93733,191.04132,189.17456,188.424,-0.3650675,0.024728084,-0.023373341,0.002147836,-0.02615289,12.0,834.0,198.40187,200.62215,197.60358,198.07756,12725634.0,194.0362,192.24667,191.53278,189.89902,188.93956,-0.3495497,0.004800956,-0.001634588,0.011190777,-0.0040236544,12.0,835.0,199.4247,199.7989,196.25645,196.83023,8256974.0,195.77249,192.7323,192.13275,190.53366,189.37862,-0.3328065,0.00515533,-0.013009788,0.0018764073,-0.01588693,12.0
832.0,192.68907,193.68695,191.34193,191.99055,7281582.0,191.9706,191.57976,190.3503,188.62672,187.99158,-0.4430656,0.009409324,-0.0036251277,0.005178664,-0.0069912276,12.0,833.0,197.4539,197.878,192.28992,192.83875,12197390.0,192.96848,191.93733,191.04132,189.17456,188.424,-0.3650675,0.024728084,-0.023373341,0.002147836,-0.02615289,12.0,834.0,198.40187,200.62215,197.60358,198.07756,12725634.0,194.0362,192.24667,191.53278,189.89902,188.93956,-0.3495497,0.004800956,-0.001634588,0.011190777,-0.0040236544,12.0,835.0,199.4247,199.7989,196.25645,196.83023,8256974.0,195.77249,192.7323,192.13275,190.53366,189.37862,-0.3328065,0.00515533,-0.013009788,0.0018764073,-0.01588693,12.0,836.0,196.63066,199.07544,195.9072,199.07544,13605054.0,196.92004,193.07823,192.62045,191.19824,189.77527,-0.37854362,-0.014010485,0.012433377,0.012433377,-0.0036793002,12.0
833.0,197.4539,197.878,192.28992,192.83875,12197390.0,192.96848,191.93733,191.04132,189.17456,188.424,-0.3650675,0.024728084,-0.023373341,0.002147836,-0.02615289,12.0,834.0,198.40187,200.62215,197.60358,198.07756,12725634.0,194.0362,192.24667,191.53278,189.89902,188.93956,-0.3495497,0.004800956,-0.001634588,0.011190777,-0.0040236544,12.0,835.0,199.4247,199.7989,196.25645,196.83023,8256974.0,195.77249,192.7323,192.13275,190.53366,189.37862,-0.3328065,0.00515533,-0.013009788,0.0018764073,-0.01588693,12.0,836.0,196.63066,199.07544,195.9072,199.07544,13605054.0,196.92004,193.07823,192.62045,191.19824,189.77527,-0.37854362,-0.014010485,0.012433377,0.012433377,-0.0036793002,12.0,837.0,200.42258,200.84666,197.0797,197.15454,7926180.0,198.46674,193.81998,193.30151,191.97359,190.26672,-0.31647167,0.019284459,-0.016305747,0.002115946,-0.016679144,12.0
834.0,198.40187,200.62215,197.60358,198.07756,12725634.0,194.0362,192.24667,191.53278,189.89902,188.93956,-0.3495497,0.004800956,-0.001634588,0.011190777,-0.0040236544,12.0,835.0,199.4247,199.7989,196.25645,196.83023,8256974.0,195.77249,192.7323,192.13275,190.53366,189.37862,-0.3328065,0.00515533,-0.013009788,0.0018764073,-0.01588693,12.0,836.0,196.63066,199.07544,195.9072,199.07544,13605054.0,196.92004,193.07823,192.62045,191.19824,189.77527,-0.37854362,-0.014010485,0.012433377,0.012433377,-0.0036793002,12.0,837.0,200.42258,200.84666,197.0797,197.15454,7926180.0,198.46674,193.81998,193.30151,191.97359,190.26672,-0.31647167,0.019284459,-0.016305747,0.002115946,-0.016679144,12.0,838.0,199.47458,202.568,199.25006,201.57011,7959308.0,198.87088,194.46693,193.67072,192.60724,190.7906,-0.33198997,-0.0047299964,0.010505283,0.015507785,-0.0011255171,12.0
835.0,199.4247,199.7989,196.25645,196.83023,8256974.0,195.77249,192.7323,192.13275,190.53366,189.37862,-0.3328065,0.00515533,-0.013009788,0.0018764073,-0.01588693,12.0,836.0,196.63066,199.07544,195.9072,199.07544,13605054.0,196.92004,193.07823,192.62045,191.19824,189.77527,-0.37854362,-0.014010485,0.012433377,0.012433377,-0.0036793002,12.0,837.0,200.42258,200.84666,197.0797,197.15454,7926180.0,198.46674,193.81998,193.30151,191.97359,190.26672,-0.31647167,0.019284459,-0.016305747,0.002115946,-0.016679144,12.0,838.0,199.47458,202.568,199.25006,201.57011,7959308.0,198.87088,194.46693,193.67072,192.60724,190.7906,-0.33198997,-0.0047299964,0.010505283,0.015507785,-0.0011255171,12.0,839.0,200.82172,201.49529,199.29997,199.57437,7378972.0,199.35484,195.13884,194.02371,193.09718,191.47498,-0.30993792,0.0067534293,-0.0062111802,0.0033540525,-0.0075776093,12.0
836.0,196.63066,199.07544,195.9072,199.07544,13605054.0,196.92004,193.07823,192.62045,191.19824,189.77527,-0.37854362,-0.014010485,0.012433377,0.012433377,-0.0036793002,12.0,837.0,200.42258,200.84666,197.0797,197.15454,7926180.0,198.46674,193.81998,193.30151,191.97359,190.26672,-0.31647167,0.019284459,-0.016305747,0.002115946,-0.016679144,12.0,838.0,199.47458,202.568,199.25006,201.57011,7959308.0,198.87088,194.46693,193.67072,192.60724,190.7906,-0.33198997,-0.0047299964,0.010505283,0.015507785,-0.0011255171,12.0,839.0,200.82172,201.49529,199.29997,199.57437,7378972.0,199.35484,195.13884,194.02371,193.09718,191.47498,-0.30993792,0.0067534293,-0.0062111802,0.0033540525,-0.0075776093,12.0,840.0,201.3955,201.96927,199.82385,200.44751,11783582.0,199.74901,195.80077,194.48648,193.656,192.06955,-0.30054548,0.0028571424,-0.0047070333,0.0028489877,-0.0078037754,12.0
837.0,200.42258,200.84666,197.0797,197.15454,7926180.0,198.46674,193.81998,193.30151,191.97359,190.26672,-0.31647167,0.019284459,-0.016305747,0.002115946,-0.016679144,12.0,838.0,199.47458,202.568,199.25006,201.57011,7959308.0,198.87088,194.46693,193.67072,192.60724,190.7906,-0.33198997,-0.0047299964,0.010505283,0.015507785,-0.0011255171,12.0,839.0,200.82172,201.49529,199.29997,199.57437,7378972.0,199.35484,195.13884,194.02371,193.09718,191.47498,-0.30993792,0.0067534293,-0.0062111802,0.0033540525,-0.0075776093,12.0,840.0,201.3955,201.96927,199.82385,200.44751,11783582.0,199.74901,195.80077,194.48648,193.656,192.06955,-0.30054548,0.0028571424,-0.0047070333,0.0028489877,-0.0078037754,12.0,841.0,203.14177,203.56587,201.59506,202.06906,7065484.0,201.05122,196.54916,195.07149,194.30661,192.84041,-0.27195972,0.008670883,-0.0052805943,0.0020876976,-0.0076139164,12.0
838.0,199.47458,202.568,199.25006,201.57011,7959308.0,198.87088,194.46693,193.67072,192.60724,190.7906,-0.33198997,-0.0047299964,0.010505283,0.015507785,-0.0011255171,12.0,839.0,200.82172,201.49529,199.29997,199.57437,7378972.0,199.35484,195.13884,194.02371,193.09718,191.47498,-0.30993792,0.0067534293,-0.0062111802,0.0033540525,-0.0075776093,12.0,840.0,201.3955,201.96927,199.82385,200.44751,11783582.0,199.74901,195.80077,194.48648,193.656,192.06955,-0.30054548,0.0028571424,-0.0047070333,0.0028489877,-0.0078037754,12.0,841.0,203.14177,203.56587,201.59506,202.06906,7065484.0,201.05122,196.54916,195.07149,194.30661,192.84041,-0.27195972,0.008670883,-0.0052805943,0.0020876976,-0.0076139164,12.0,842.0,202.04411,204.46394,201.57011,203.91512,6320754.0,201.37553,197.27095,195.70888,194.9163,193.54057,-0.28992787,-0.0054034,0.009260402,0.011976726,-0.0023459988,12.0
839.0,200.82172,201.49529,199.29997,199.57437,7378972.0,199.35484,195.13884,194.02371,193.09718,191.47498,-0.30993792,0.0067534293,-0.0062111802,0.0033540525,-0.0075776093,12.0,840.0,201.3955,201.96927,199.82385,200.44751,11783582.0,199.74901,195.80077,194.48648,193.656,192.06955,-0.30054548,0.0028571424,-0.0047070333,0.0028489877,-0.0078037754,12.0,841.0,203.14177,203.56587,201.59506,202.06906,7065484.0,201.05122,196.54916,195.07149,194.30661,192.84041,-0.27195972,0.008670883,-0.0052805943,0.0020876976,-0.0076139164,12.0,842.0,202.04411,204.46394,201.57011,203.91512,6320754.0,201.37553,197.27095,195.70888,194.9163,193.54057,-0.28992787,-0.0054034,0.009260402,0.011976726,-0.0023459988,12.0,843.0,201.6699,204.439,201.42044,204.0149,7252860.0,201.8146,197.88464,196.30385,195.2995,194.1418,-0.29605344,-0.0018521032,0.011627861,0.013730796,-0.0012370114,12.0
840.0,201.3955,201.96927,199.82385,200.44751,11783582.0,199.74901,195.80077,194.48648,193.656,192.06955,-0.30054548,0.0028571424,-0.0047070333,0.0028489877,-0.0078037754,12.0,841.0,203.14177,203.56587,201.59506,202.06906,7065484.0,201.05122,196.54916,195.07149,194.30661,192.84041,-0.27195972,0.008670883,-0.0052805943,0.0020876976,-0.0076139164,12.0,842.0,202.04411,204.46394,201.57011,203.91512,6320754.0,201.37553,197.27095,195.70888,194.9163,193.54057,-0.28992787,-0.0054034,0.009260402,0.011976726,-0.0023459988,12.0,843.0,201.6699,204.439,201.42044,204.0149,7252860.0,201.8146,197.88464,196.30385,195.2995,194.1418,-0.29605344,-0.0018521032,0.011627861,0.013730796,-0.0012370114,12.0,844.0,199.54944,201.24582,197.35411,201.24582,13707400.0,201.56015,198.31706,196.74417,195.531,194.50768,-0.33076453,-0.010514549,0.008501047,0.008501047,-0.011001436,12.0
841.0,203.14177,203.56587,201.59506,202.06906,7065484.0,201.05122,196.54916,195.07149,194.30661,192.84041,-0.27195972,0.008670883,-0.0052805943,0.0020876976,-0.0076139164,12.0,842.0,202.04411,204.46394,201.57011,203.91512,6320754.0,201.37553,197.27095,195.70888,194.9163,193.54057,-0.28992787,-0.0054034,0.009260402,0.011976726,-0.0023459988,12.0,843.0,201.6699,204.439,201.42044,204.0149,7252860.0,201.8146,197.88464,196.30385,195.2995,194.1418,-0.29605344,-0.0018521032,0.011627861,0.013730796,-0.0012370114,12.0,844.0,199.54944,201.24582,197.35411,201.24582,13707400.0,201.56015,198.31706,196.74417,195.531,194.50768,-0.33076453,-0.010514549,0.008501047,0.008501047,-0.011001436,12.0,845.0,200.97139,201.37054,200.07332,200.77182,8215860.0,201.47533,198.99893,197.2194,195.88425,194.95921,-0.30748785,0.0071258093,-0.0009930335,0.001986143,-0.0044686887,12.0
842.0,202.04411,204.46394,201.57011,203.91512,6320754.0,201.37553,197.27095,195.70888,194.9163,193.54057,-0.28992787,-0.0054034,0.009260402,0.011976726,-0.0023459988,12.0,843.0,201.6699,204.439,201.42044,204.0149,7252860.0,201.8146,197.88464,196.30385,195.2995,194.1418,-0.29605344,-0.0018521032,0.011627861,0.013730796,-0.0012370114,12.0,844.0,199.54944,201.24582,197.35411,201.24582,13707400.0,201.56015,198.31706,196.74417,195.531,194.50768,-0.33076453,-0.010514549,0.008501047,0.008501047,-0.011001436,12.0,845.0,200.97139,201.37054,200.07332,200.77182,8215860.0,201.47533,198.99893,197.2194,195.88425,194.95921,-0.30748785,0.0071258093,-0.0009930335,0.001986143,-0.0044686887,12.0,846.0,199.34985,201.94432,198.95071,201.62003,10615052.0,200.71693,199.56273,197.59111,196.20058,195.375,-0.33403167,-0.008068493,0.011387858,0.013014672,-0.002002222,12.0
843.0,201.6699,204.439,201.42044,204.0149,7252860.0,201.8146,197.88464,196.30385,195.2995,194.1418,-0.29605344,-0.0018521032,0.011627861,0.013730796,-0.0012370114,12.0,844.0,199.54944,201.24582,197.35411,201.24582,13707400.0,201.56015,198.31706,196.74417,195.531,194.50768,-0.33076453,-0.010514549,0.008501047,0.008501047,-0.011001436,12.0,845.0,200.97139,201.37054,200.07332,200.77182,8215860.0,201.47533,198.99893,197.2194,195.88425,194.95921,-0.30748785,0.0071258093,-0.0009930335,0.001986143,-0.0044686887,12.0,846.0,199.34985,201.94432,198.95071,201.62003,10615052.0,200.71693,199.56273,197.59111,196.20058,195.375,-0.33403167,-0.008068493,0.011387858,0.013014672,-0.002002222,12.0,847.0,198.22725,199.74901,197.60358,199.29997,12018232.0,199.95357,199.93195,197.9416,196.55782,195.75586,-0.35240817,-0.0056313276,0.0054115895,0.007676865,-0.0031462372,12.0
844.0,199.54944,201.24582,197.35411,201.24582,13707400.0,201.56015,198.31706,196.74417,195.531,194.50768,-0.33076453,-0.010514549,0.008501047,0.008501047,-0.011001436,12.0,845.0,200.97139,201.37054,200.07332,200.77182,8215860.0,201.47533,198.99893,197.2194,195.88425,194.95921,-0.30748785,0.0071258093,-0.0009930335,0.001986143,-0.0044686887,12.0,846.0,199.34985,201.94432,198.95071,201.62003,10615052.0,200.71693,199.56273,197.59111,196.20058,195.375,-0.33403167,-0.008068493,0.011387858,0.013014672,-0.002002222,12.0,847.0,198.22725,199.74901,197.60358,199.29997,12018232.0,199.95357,199.93195,197.9416,196.55782,195.75586,-0.35240817,-0.0056313276,0.0054115895,0.007676865,-0.0031462372,12.0,848.0,197.37906,199.47458,196.88013,199.47458,11973622.0,199.0954,199.92696,198.18733,196.86217,195.93214,-0.3662927,-0.0042788787,0.010616738,0.010616738,-0.0025278057,12.0
845.0,200.97139,201.37054,200.07332,200.77182,8215860.0,201.47533,198.99893,197.2194,195.88425,194.95921,-0.30748785,0.0071258093,-0.0009930335,0.001986143,-0.0044686887,12.0,846.0,199.34985,201.94432,198.95071,201.62003,10615052.0,200.71693,199.56273,197.59111,196.20058,195.375,-0.33403167,-0.008068493,0.011387858,0.013014672,-0.002002222,12.0,847.0,198.22725,199.74901,197.60358,199.29997,12018232.0,199.95357,199.93195,197.9416,196.55782,195.75586,-0.35240817,-0.0056313276,0.0054115895,0.007676865,-0.0031462372,12.0,848.0,197.37906,199.47458,196.88013,199.47458,11973622.0,199.0954,199.92696,198.18733,196.86217,195.93214,-0.3662927,-0.0042788787,0.010616738,0.010616738,-0.0025278057,12.0,849.0,197.35411,198.82597,196.83023,198.55157,13016186.0,198.65633,199.8571,198.40189,197.1266,196.0519,-0.36670107,-0.00012639699,0.006067563,0.007458001,-0.0026545008,12.0
846.0,199.34985,201.94432,198.95071,201.62003,10615052.0,200.71693,199.56273,197.59111,196.20058,195.375,-0.33403167,-0.008068493,0.011387858,0.013014672,-0.002002222,12.0,847.0,198.22725,199.74901,197.60358,199.29997,12018232.0,199.95357,199.93195,197.9416,196.55782,195.75586,-0.35240817,-0.0056313276,0.0054115895,0.007676865,-0.0031462372,12.0,848.0,197.37906,199.47458,196.88013,199.47458,11973622.0,199.0954,199.92696,198.18733,196.86217,195.93214,-0.3662927,-0.0042788787,0.010616738,0.010616738,-0.0025278057,12.0,849.0,197.35411,198.82597,196.83023,198.55157,13016186.0,198.65633,199.8571,198.40189,197.1266,196.0519,-0.36670107,-0.00012639699,0.006067563,0.007458001,-0.0026545008,12.0,850.0,197.80316,198.1524,195.93216,197.7283,18512564.0,198.02269,199.74901,198.75488,197.38005,196.24065,-0.3593503,0.0022753563,-0.0003784195,0.001765624,-0.009458948,12.0
847.0,198.22725,199.74901,197.60358,199.29997,12018232.0,199.95357,199.93195,197.9416,196.55782,195.75586,-0.35240817,-0.0056313276,0.0054115895,0.007676865,-0.0031462372,12.0,848.0,197.37906,199.47458,196.88013,199.47458,11973622.0,199.0954,199.92696,198.18733,196.86217,195.93214,-0.3662927,-0.0042788787,0.010616738,0.010616738,-0.0025278057,12.0,849.0,197.35411,198.82597,196.83023,198.55157,13016186.0,198.65633,199.8571,198.40189,197.1266,196.0519,-0.36670107,-0.00012639699,0.006067563,0.007458001,-0.0026545008,12.0,850.0,197.80316,198.1524,195.93216,197.7283,18512564.0,198.02269,199.74901,198.75488,197.38005,196.24065,-0.3593503,0.0022753563,-0.0003784195,0.001765624,-0.009458948,12.0,851.0,194.06114,198.3021,193.71188,198.12747,28702320.0,196.96495,199.5777,198.91328,197.46588,196.32797,-0.42060545,-0.018917896,0.020953834,0.021853708,-0.0017997485,12.0
848.0,197.37906,199.47458,196.88013,199.47458,11973622.0,199.0954,199.92696,198.18733,196.86217,195.93214,-0.3662927,-0.0042788787,0.010616738,0.010616738,-0.0025278057,12.0,849.0,197.35411,198.82597,196.83023,198.55157,13016186.0,198.65633,199.8571,198.40189,197.1266,196.0519,-0.36670107,-0.00012639699,0.006067563,0.007458001,-0.0026545008,12.0,850.0,197.80316,198.1524,195.93216,197.7283,18512564.0,198.02269,199.74901,198.75488,197.38005,196.24065,-0.3593503,0.0022753563,-0.0003784195,0.001765624,-0.009458948,12.0,851.0,194.06114,198.3021,193.71188,198.12747,28702320.0,196.96495,199.5777,198.91328,197.46588,196.32797,-0.42060545,-0.018917896,0.020953834,0.021853708,-0.0017997485,12.0,852.0,190.24426,193.91144,189.17155,192.36475,41110650.0,195.36835,198.89915,198.79105,197.42696,196.35957,-0.48308605,-0.019668438,0.01114608,0.019276178,-0.005638589,12.0
849.0,197.35411,198.82597,196.83023,198.55157,13016186.0,198.65633,199.8571,198.40189,197.1266,196.0519,-0.36670107,-0.00012639699,0.006067563,0.007458001,-0.0026545008,12.0,850.0,197.80316,198.1524,195.93216,197.7283,18512564.0,198.02269,199.74901,198.75488,197.38005,196.24065,-0.3593503,0.0022753563,-0.0003784195,0.001765624,-0.009458948,12.0,851.0,194.06114,198.3021,193.71188,198.12747,28702320.0,196.96495,199.5777,198.91328,197.46588,196.32797,-0.42060545,-0.018917896,0.020953834,0.021853708,-0.0017997485,12.0,852.0,190.24426,193.91144,189.17155,192.36475,41110650.0,195.36835,198.89915,198.79105,197.42696,196.35957,-0.48308605,-0.019668438,0.01114608,0.019276178,-0.005638589,12.0,853.0,189.67049,190.59352,188.14874,190.59352,10629440.0,193.82663,198.24554,198.40187,197.3152,196.35625,-0.4924785,-0.0030159976,0.004866516,0.004866516,-0.008023117,12.0
850.0,197.80316,198.1524,195.93216,197.7283,18512564.0,198.02269,199.74901,198.75488,197.38005,196.24065,-0.3593503,0.0022753563,-0.0003784195,0.001765624,-0.009458948,12.0,851.0,194.06114,198.3021,193.71188,198.12747,28702320.0,196.96495,199.5777,198.91328,197.46588,196.32797,-0.42060545,-0.018917896,0.020953834,0.021853708,-0.0017997485,12.0,852.0,190.24426,193.91144,189.17155,192.36475,41110650.0,195.36835,198.89915,198.79105,197.42696,196.35957,-0.48308605,-0.019668438,0.01114608,0.019276178,-0.005638589,12.0,853.0,189.67049,190.59352,188.14874,190.59352,10629440.0,193.82663,198.24554,198.40187,197.3152,196.35625,-0.4924785,-0.0030159976,0.004866516,0.004866516,-0.008023117,12.0,854.0,190.843,192.0654,189.89502,190.49374,11802658.0,192.52441,197.58029,198.02393,197.22638,196.35957,-0.47328493,0.006181857,-0.0018300973,0.006405261,-0.0049673044,12.0
851.0,194.06114,198.3021,193.71188,198.12747,28702320.0,196.96495,199.5777,198.91328,197.46588,196.32797,-0.42060545,-0.018917896,0.020953834,0.021853708,-0.0017997485,12.0,852.0,190.24426,193.91144,189.17155,192.36475,41110650.0,195.36835,198.89915,198.79105,197.42696,196.35957,-0.48308605,-0.019668438,0.01114608,0.019276178,-0.005638589,12.0,853.0,189.67049,190.59352,188.14874,190.59352,10629440.0,193.82663,198.24554,198.40187,197.3152,196.35625,-0.4924785,-0.0030159976,0.004866516,0.004866516,-0.008023117,12.0,854.0,190.843,192.0654,189.89502,190.49374,11802658.0,192.52441,197.58029,198.02393,197.22638,196.35957,-0.47328493,0.006181857,-0.0018300973,0.006405261,-0.0049673044,12.0,855.0,192.3398,193.21294,191.14235,191.71613,8829264.0,191.43173,196.97658,197.6697,197.29025,196.38867,-0.44878307,0.007843073,-0.0032425423,0.004539559,-0.006225665,12.0
852.0,190.24426,193.91144,189.17155,192.36475,41110650.0,195.36835,198.89915,198.79105,197.42696,196.35957,-0.48308605,-0.019668438,0.01114608,0.019276178,-0.005638589,12.0,853.0,189.67049,190.59352,188.14874,190.59352,10629440.0,193.82663,198.24554,198.40187,197.3152,196.35625,-0.4924785,-0.0030159976,0.004866516,0.004866516,-0.008023117,12.0,854.0,190.843,192.0654,189.89502,190.49374,11802658.0,192.52441,197.58029,198.02393,197.22638,196.35957,-0.47328493,0.006181857,-0.0018300973,0.006405261,-0.0049673044,12.0,855.0,192.3398,193.21294,191.14235,191.71613,8829264.0,191.43173,196.97658,197.6697,197.29025,196.38867,-0.44878307,0.007843073,-0.0032425423,0.004539559,-0.006225665,12.0,856.0,190.74321,192.58928,190.39397,192.58928,9356174.0,190.76816,196.15001,197.37532,197.28426,196.3496,-0.47491848,-0.0083008725,0.009678296,0.009678296,-0.001830975,12.0
853.0,189.67049,190.59352,188.14874,190.59352,10629440.0,193.82663,198.24554,198.40187,197.3152,196.35625,-0.4924785,-0.0030159976,0.004866516,0.004866516,-0.008023117,12.0,854.0,190.843,192.0654,189.89502,190.49374,11802658.0,192.52441,197.58029,198.02393,197.22638,196.35957,-0.47328493,0.006181857,-0.0018300973,0.006405261,-0.0049673044,12.0,855.0,192.3398,193.21294,191.14235,191.71613,8829264.0,191.43173,196.97658,197.6697,197.29025,196.38867,-0.44878307,0.007843073,-0.0032425423,0.004539559,-0.006225665,12.0,856.0,190.74321,192.58928,190.39397,192.58928,9356174.0,190.76816,196.15001,197.37532,197.28426,196.3496,-0.47491848,-0.0083008725,0.009678296,0.009678296,-0.001830975,12.0,857.0,189.57071,191.09245,188.64767,190.7432,6470406.0,190.63344,195.31845,196.83272,197.15953,196.29471,-0.4941118,-0.006147011,0.00618496,0.008027339,-0.004869078,12.0
854.0,190.843,192.0654,189.89502,190.49374,11802658.0,192.52441,197.58029,198.02393,197.22638,196.35957,-0.47328493,0.006181857,-0.0018300973,0.006405261,-0.0049673044,12.0,855.0,192.3398,193.21294,191.14235,191.71613,8829264.0,191.43173,196.97658,197.6697,197.29025,196.38867,-0.44878307,0.007843073,-0.0032425423,0.004539559,-0.006225665,12.0,856.0,190.74321,192.58928,190.39397,192.58928,9356174.0,190.76816,196.15001,197.37532,197.28426,196.3496,-0.47491848,-0.0083008725,0.009678296,0.009678296,-0.001830975,12.0,857.0,189.57071,191.09245,188.64767,190.7432,6470406.0,190.63344,195.31845,196.83272,197.15953,196.29471,-0.4941118,-0.006147011,0.00618496,0.008027339,-0.004869078,12.0,858.0,190.0447,190.54362,189.12166,189.59566,4100400.0,190.70828,194.54344,196.36122,196.86316,196.21405,-0.4863529,0.0025003005,-0.002362809,0.002625361,-0.004856934,12.0
855.0,192.3398,193.21294,191.14235,191.71613,8829264.0,191.43173,196.97658,197.6697,197.29025,196.38867,-0.44878307,0.007843073,-0.0032425423,0.004539559,-0.006225665,12.0,856.0,190.74321,192.58928,190.39397,192.58928,9356174.0,190.76816,196.15001,197.37532,197.28426,196.3496,-0.47491848,-0.0083008725,0.009678296,0.009678296,-0.001830975,12.0,857.0,189.57071,191.09245,188.64767,190.7432,6470406.0,190.63344,195.31845,196.83272,197.15953,196.29471,-0.4941118,-0.006147011,0.00618496,0.008027339,-0.004869078,12.0,858.0,190.0447,190.54362,189.12166,189.59566,4100400.0,190.70828,194.54344,196.36122,196.86316,196.21405,-0.4863529,0.0025003005,-0.002362809,0.002625361,-0.004856934,12.0,859.0,190.8929,191.71614,190.34407,191.71614,5880750.0,190.71826,193.96634,195.86479,196.5628,196.1417,-0.47246817,0.0044631897,0.004312582,0.004312582,-0.0028750813,12.0
856.0,190.74321,192.58928,190.39397,192.58928,9356174.0,190.76816,196.15001,197.37532,197.28426,196.3496,-0.47491848,-0.0083008725,0.009678296,0.009678296,-0.001830975,12.0,857.0,189.57071,191.09245,188.64767,190.7432,6470406.0,190.63344,195.31845,196.83272,197.15953,196.29471,-0.4941118,-0.006147011,0.00618496,0.008027339,-0.004869078,12.0,858.0,190.0447,190.54362,189.12166,189.59566,4100400.0,190.70828,194.54344,196.36122,196.86316,196.21405,-0.4863529,0.0025003005,-0.002362809,0.002625361,-0.004856934,12.0,859.0,190.8929,191.71614,190.34407,191.71614,5880750.0,190.71826,193.96634,195.86479,196.5628,196.1417,-0.47246817,0.0044631897,0.004312582,0.004312582,-0.0028750813,12.0,860.0,190.44385,191.46666,189.9948,191.46666,7140112.0,190.33907,193.2645,195.3172,196.20357,196.13171,-0.4798189,-0.0023523709,0.005370678,0.005370678,-0.0023579365,12.0
857.0,189.57071,191.09245,188.64767,190.7432,6470406.0,190.63344,195.31845,196.83272,197.15953,196.29471,-0.4941118,-0.006147011,0.00618496,0.008027339,-0.004869078,12.0,858.0,190.0447,190.54362,189.12166,189.59566,4100400.0,190.70828,194.54344,196.36122,196.86316,196.21405,-0.4863529,0.0025003005,-0.002362809,0.002625361,-0.004856934,12.0,859.0,190.8929,191.71614,190.34407,191.71614,5880750.0,190.71826,193.96634,195.86479,196.5628,196.1417,-0.47246817,0.0044631897,0.004312582,0.004312582,-0.0028750813,12.0,860.0,190.44385,191.46666,189.9948,191.46666,7140112.0,190.33907,193.2645,195.3172,196.20357,196.13171,-0.4798189,-0.0023523709,0.005370678,0.005370678,-0.0023579365,12.0,861.0,194.16092,194.46028,191.09247,192.09033,9070810.0,191.02261,192.91856,194.86816,196.10478,196.24065,-0.41897216,0.01951794,-0.010664253,0.0015418376,-0.01580366,12.0
858.0,190.0447,190.54362,189.12166,189.59566,4100400.0,190.70828,194.54344,196.36122,196.86316,196.21405,-0.4863529,0.0025003005,-0.002362809,0.002625361,-0.004856934,12.0,859.0,190.8929,191.71614,190.34407,191.71614,5880750.0,190.71826,193.96634,195.86479,196.5628,196.1417,-0.47246817,0.0044631897,0.004312582,0.004312582,-0.0028750813,12.0,860.0,190.44385,191.46666,189.9948,191.46666,7140112.0,190.33907,193.2645,195.3172,196.20357,196.13171,-0.4798189,-0.0023523709,0.005370678,0.005370678,-0.0023579365,12.0,861.0,194.16092,194.46028,191.09247,192.09033,9070810.0,191.02261,192.91856,194.86816,196.10478,196.24065,-0.41897216,0.01951794,-0.010664253,0.0015418376,-0.01580366,12.0,862.0,195.38332,196.53087,194.33554,196.53087,9036924.0,192.18513,192.72897,194.53513,195.9032,196.33046,-0.39896208,0.0062957923,0.005873309,0.005873309,-0.0053626304,12.0
859.0,190.8929,191.71614,190.34407,191.71614,5880750.0,190.71826,193.96634,195.86479,196.5628,196.1417,-0.47246817,0.0044631897,0.004312582,0.004312582,-0.0028750813,12.0,860.0,190.44385,191.46666,189.9948,191.46666,7140112.0,190.33907,193.2645,195.3172,196.20357,196.13171,-0.4798189,-0.0023523709,0.005370678,0.005370678,-0.0023579365,12.0,861.0,194.16092,194.46028,191.09247,192.09033,9070810.0,191.02261,192.91856,194.86816,196.10478,196.24065,-0.41897216,0.01951794,-0.010664253,0.0015418376,-0.01580366,12.0,862.0,195.38332,196.53087,194.33554,196.53087,9036924.0,192.18513,192.72897,194.53513,195.9032,196.33046,-0.39896208,0.0062957923,0.005873309,0.005873309,-0.0053626304,12.0,863.0,197.5537,198.2522,196.08183,196.45602,12617234.0,193.68694,192.74062,194.32932,195.82637,196.33379,-0.36343396,0.0111083165,-0.0055562877,0.0035357845,-0.007450466,12.0
860.0,190.44385,191.46666,189.9948,191.46666,7140112.0,190.33907,193.2645,195.3172,196.20357,196.13171,-0.4798189,-0.0023523709,0.005370678,0.005370678,-0.0023579365,12.0,861.0,194.16092,194.46028,191.09247,192.09033,9070810.0,191.02261,192.91856,194.86816,196.10478,196.24065,-0.41897216,0.01951794,-0.010664253,0.0015418376,-0.01580366,12.0,862.0,195.38332,196.53087,194.33554,196.53087,9036924.0,192.18513,192.72897,194.53513,195.9032,196.33046,-0.39896208,0.0062957923,0.005873309,0.005873309,-0.0053626304,12.0,863.0,197.5537,198.2522,196.08183,196.45602,12617234.0,193.68694,192.74062,194.32932,195.82637,196.33379,-0.36343396,0.0111083165,-0.0055562877,0.0035357845,-0.007450466,12.0,864.0,196.53087,197.27927,195.50806,196.63066,12366958.0,194.81453,192.68573,194.17839,195.65474,196.27142,-0.38017717,-0.005177464,0.00050777406,0.0038080732,-0.005204336,12.0
861.0,194.16092,194.46028,191.09247,192.09033,9070810.0,191.02261,192.91856,194.86816,196.10478,196.24065,-0.41897216,0.01951794,-0.010664253,0.0015418376,-0.01580366,12.0,862.0,195.38332,196.53087,194.33554,196.53087,9036924.0,192.18513,192.72897,194.53513,195.9032,196.33046,-0.39896208,0.0062957923,0.005873309,0.005873309,-0.0053626304,12.0,863.0,197.5537,198.2522,196.08183,196.45602,12617234.0,193.68694,192.74062,194.32932,195.82637,196.33379,-0.36343396,0.0111083165,-0.0055562877,0.0035357845,-0.007450466,12.0,864.0,196.53087,197.27927,195.50806,196.63066,12366958.0,194.81453,192.68573,194.17839,195.65474,196.27142,-0.38017717,-0.005177464,0.00050777406,0.0038080732,-0.005204336,12.0,865.0,197.67842,198.05263,196.15666,196.83023,9037242.0,196.26144,192.67741,194.01373,195.50606,196.21321,-0.36139226,0.0058390447,-0.004290793,0.0018929833,-0.0076981783,12.0
862.0,195.38332,196.53087,194.33554,196.53087,9036924.0,192.18513,192.72897,194.53513,195.9032,196.33046,-0.39896208,0.0062957923,0.005873309,0.005873309,-0.0053626304,12.0,863.0,197.5537,198.2522,196.08183,196.45602,12617234.0,193.68694,192.74062,194.32932,195.82637,196.33379,-0.36343396,0.0111083165,-0.0055562877,0.0035357845,-0.007450466,12.0,864.0,196.53087,197.27927,195.50806,196.63066,12366958.0,194.81453,192.68573,194.17839,195.65474,196.27142,-0.38017717,-0.005177464,0.00050777406,0.0038080732,-0.005204336,12.0,865.0,197.67842,198.05263,196.15666,196.83023,9037242.0,196.26144,192.67741,194.01373,195.50606,196.21321,-0.36139226,0.0058390447,-0.004290793,0.0018929833,-0.0076981783,12.0,866.0,197.5038,198.3021,196.18163,197.0797,9065220.0,196.93002,192.90692,193.92143,195.28053,196.24231,-0.36425072,-0.0008833619,-0.0021472934,0.00404195,-0.0066944393,12.0
863.0,197.5537,198.2522,196.08183,196.45602,12617234.0,193.68694,192.74062,194.32932,195.82637,196.33379,-0.36343396,0.0111083165,-0.0055562877,0.0035357845,-0.007450466,12.0,864.0,196.53087,197.27927,195.50806,196.63066,12366958.0,194.81453,192.68573,194.17839,195.65474,196.27142,-0.38017717,-0.005177464,0.00050777406,0.0038080732,-0.005204336,12.0,865.0,197.67842,198.05263,196.15666,196.83023,9037242.0,196.26144,192.67741,194.01373,195.50606,196.21321,-0.36139226,0.0058390447,-0.004290793,0.0018929833,-0.0076981783,12.0,866.0,197.5038,198.3021,196.18163,197.0797,9065220.0,196.93002,192.90692,193.92143,195.28053,196.24231,-0.36425072,-0.0008833619,-0.0021472934,0.00404195,-0.0066944393,12.0,867.0,194.56007,197.5038,194.41039,197.5038,5630400.0,196.76537,193.19466,193.73807,194.98117,196.0469,-0.41243818,-0.014904653,0.015130129,0.015130129,-0.00076937635,12.0
864.0,196.53087,197.27927,195.50806,196.63066,12366958.0,194.81453,192.68573,194.17839,195.65474,196.27142,-0.38017717,-0.005177464,0.00050777406,0.0038080732,-0.005204336,12.0,865.0,197.67842,198.05263,196.15666,196.83023,9037242.0,196.26144,192.67741,194.01373,195.50606,196.21321,-0.36139226,0.0058390447,-0.004290793,0.0018929833,-0.0076981783,12.0,866.0,197.5038,198.3021,196.18163,197.0797,9065220.0,196.93002,192.90692,193.92143,195.28053,196.24231,-0.36425072,-0.0008833619,-0.0021472934,0.00404195,-0.0066944393,12.0,867.0,194.56007,197.5038,194.41039,197.5038,5630400.0,196.76537,193.19466,193.73807,194.98117,196.0469,-0.41243818,-0.014904653,0.015130129,0.015130129,-0.00076937635,12.0,868.0,195.60783,195.98204,193.51231,194.58502,9634838.0,196.3762,193.59047,193.6495,194.7387,195.91801,-0.39528683,0.005385278,-0.005228894,0.0019130213,-0.010712873,12.0
865.0,197.67842,198.05263,196.15666,196.83023,9037242.0,196.26144,192.67741,194.01373,195.50606,196.21321,-0.36139226,0.0058390447,-0.004290793,0.0018929833,-0.0076981783,12.0,866.0,197.5038,198.3021,196.18163,197.0797,9065220.0,196.93002,192.90692,193.92143,195.28053,196.24231,-0.36425072,-0.0008833619,-0.0021472934,0.00404195,-0.0066944393,12.0,867.0,194.56007,197.5038,194.41039,197.5038,5630400.0,196.76537,193.19466,193.73807,194.98117,196.0469,-0.41243818,-0.014904653,0.015130129,0.015130129,-0.00076937635,12.0,868.0,195.60783,195.98204,193.51231,194.58502,9634838.0,196.3762,193.59047,193.6495,194.7387,195.91801,-0.39528683,0.005385278,-0.005228894,0.0019130213,-0.010712873,12.0,869.0,195.50806,196.55583,194.75966,196.53087,6848220.0,196.17163,193.90147,193.5572,194.57704,195.74089,-0.3969201,-0.00051008805,0.0052315625,0.005359209,-0.0038279954,12.0
866.0,197.5038,198.3021,196.18163,197.0797,9065220.0,196.93002,192.90692,193.92143,195.28053,196.24231,-0.36425072,-0.0008833619,-0.0021472934,0.00404195,-0.0066944393,12.0,867.0,194.56007,197.5038,194.41039,197.5038,5630400.0,196.76537,193.19466,193.73807,194.98117,196.0469,-0.41243818,-0.014904653,0.015130129,0.015130129,-0.00076937635,12.0,868.0,195.60783,195.98204,193.51231,194.58502,9634838.0,196.3762,193.59047,193.6495,194.7387,195.91801,-0.39528683,0.005385278,-0.005228894,0.0019130213,-0.010712873,12.0,869.0,195.50806,196.55583,194.75966,196.53087,6848220.0,196.17163,193.90147,193.5572,194.57704,195.74089,-0.3969201,-0.00051008805,0.0052315625,0.005359209,-0.0038279954,12.0,870.0,196.73044,198.87587,195.2087,195.50806,13595726.0,195.98204,194.19418,193.50357,194.4074,195.58539,-0.3769103,0.0062523335,-0.006213497,0.010905448,-0.007735196,12.0
867.0,194.56007,197.5038,194.41039,197.5038,5630400.0,196.76537,193.19466,193.73807,194.98117,196.0469,-0.41243818,-0.014904653,0.015130129,0.015130129,-0.00076937635,12.0,868.0,195.60783,195.98204,193.51231,194.58502,9634838.0,196.3762,193.59047,193.6495,194.7387,195.91801,-0.39528683,0.005385278,-0.005228894,0.0019130213,-0.010712873,12.0,869.0,195.50806,196.55583,194.75966,196.53087,6848220.0,196.17163,193.90147,193.5572,194.57704,195.74089,-0.3969201,-0.00051008805,0.0052315625,0.005359209,-0.0038279954,12.0,870.0,196.73044,198.87587,195.2087,195.50806,13595726.0,195.98204,194.19418,193.50357,194.4074,195.58539,-0.3769103,0.0062523335,-0.006213497,0.010905448,-0.007735196,12.0,871.0,202.094,202.31853,195.75752,196.95496,31366784.0,196.90009,194.9509,193.90521,194.51717,195.55046,-0.28911132,0.027263477,-0.02542893,0.0011110042,-0.03135411,12.0
868.0,195.60783,195.98204,193.51231,194.58502,9634838.0,196.3762,193.59047,193.6495,194.7387,195.91801,-0.39528683,0.005385278,-0.005228894,0.0019130213,-0.010712873,12.0,869.0,195.50806,196.55583,194.75966,196.53087,6848220.0,196.17163,193.90147,193.5572,194.57704,195.74089,-0.3969201,-0.00051008805,0.0052315625,0.005359209,-0.0038279954,12.0,870.0,196.73044,198.87587,195.2087,195.50806,13595726.0,195.98204,194.19418,193.50357,194.4074,195.58539,-0.3769103,0.0062523335,-0.006213497,0.010905448,-0.007735196,12.0,871.0,202.094,202.31853,195.75752,196.95496,31366784.0,196.90009,194.9509,193.90521,194.51717,195.55046,-0.28911132,0.027263477,-0.02542893,0.0011110042,-0.03135411,12.0,872.0,207.18315,212.02284,202.4682,203.06693,45759860.0,199.4247,196.12506,194.75217,194.8754,195.72176,-0.20580414,0.02518213,-0.01986755,0.023359451,-0.022757404,12.0
869.0,195.50806,196.55583,194.75966,196.53087,6848220.0,196.17163,193.90147,193.5572,194.57704,195.74089,-0.3969201,-0.00051008805,0.0052315625,0.005359209,-0.0038279954,12.0,870.0,196.73044,198.87587,195.2087,195.50806,13595726.0,195.98204,194.19418,193.50357,194.4074,195.58539,-0.3769103,0.0062523335,-0.006213497,0.010905448,-0.007735196,12.0,871.0,202.094,202.31853,195.75752,196.95496,31366784.0,196.90009,194.9509,193.90521,194.51717,195.55046,-0.28911132,0.027263477,-0.02542893,0.0011110042,-0.03135411,12.0,872.0,207.18315,212.02284,202.4682,203.06693,45759860.0,199.4247,196.12506,194.75217,194.8754,195.72176,-0.20580414,0.02518213,-0.01986755,0.023359451,-0.022757404,12.0,873.0,208.15608,209.70277,205.68634,208.55522,17769026.0,201.93434,197.33249,195.67644,195.30647,195.93796,-0.1898777,0.0046959943,0.0019175162,0.00743043,-0.011864842,12.0
870.0,196.73044,198.87587,195.2087,195.50806,13595726.0,195.98204,194.19418,193.50357,194.4074,195.58539,-0.3769103,0.0062523335,-0.006213497,0.010905448,-0.007735196,12.0,871.0,202.094,202.31853,195.75752,196.95496,31366784.0,196.90009,194.9509,193.90521,194.51717,195.55046,-0.28911132,0.027263477,-0.02542893,0.0011110042,-0.03135411,12.0,872.0,207.18315,212.02284,202.4682,203.06693,45759860.0,199.4247,196.12506,194.75217,194.8754,195.72176,-0.20580414,0.02518213,-0.01986755,0.023359451,-0.022757404,12.0,873.0,208.15608,209.70277,205.68634,208.55522,17769026.0,201.93434,197.33249,195.67644,195.30647,195.93796,-0.1898777,0.0046959943,0.0019175162,0.00743043,-0.011864842,12.0,874.0,208.53029,210.05203,206.63432,209.5531,10830990.0,204.53879,198.50832,196.5608,195.75352,196.23732,-0.18375212,0.0017977209,0.0049048634,0.007297494,-0.00909204,12.0
871.0,202.094,202.31853,195.75752,196.95496,31366784.0,196.90009,194.9509,193.90521,194.51717,195.55046,-0.28911132,0.027263477,-0.02542893,0.0011110042,-0.03135411,12.0,872.0,207.18315,212.02284,202.4682,203.06693,45759860.0,199.4247,196.12506,194.75217,194.8754,195.72176,-0.20580414,0.02518213,-0.01986755,0.023359451,-0.022757404,12.0,873.0,208.15608,209.70277,205.68634,208.55522,17769026.0,201.93434,197.33249,195.67644,195.30647,195.93796,-0.1898777,0.0046959943,0.0019175162,0.00743043,-0.011864842,12.0,874.0,208.53029,210.05203,206.63432,209.5531,10830990.0,204.53879,198.50832,196.5608,195.75352,196.23732,-0.18375212,0.0017977209,0.0049048634,0.007297494,-0.00909204,12.0,875.0,208.38058,209.55309,206.88377,208.80469,8255710.0,206.86882,199.7041,197.36284,196.17662,196.4843,-0.1862027,-0.0007179004,0.0020352115,0.0056267357,-0.007183048,12.0
872.0,207.18315,212.02284,202.4682,203.06693,45759860.0,199.4247,196.12506,194.75217,194.8754,195.72176,-0.20580414,0.02518213,-0.01986755,0.023359451,-0.022757404,12.0,873.0,208.15608,209.70277,205.68634,208.55522,17769026.0,201.93434,197.33249,195.67644,195.30647,195.93796,-0.1898777,0.0046959943,0.0019175162,0.00743043,-0.011864842,12.0,874.0,208.53029,210.05203,206.63432,209.5531,10830990.0,204.53879,198.50832,196.5608,195.75352,196.23732,-0.18375212,0.0017977209,0.0049048634,0.007297494,-0.00909204,12.0,875.0,208.38058,209.55309,206.88377,208.80469,8255710.0,206.86882,199.7041,197.36284,196.17662,196.4843,-0.1862027,-0.0007179004,0.0020352115,0.0056267357,-0.007183048,12.0,876.0,201.91937,206.7341,200.0733,202.06905,23514212.0,206.8339,200.22133,197.92165,196.49095,196.56995,-0.2919698,-0.031006785,0.00074125966,0.023844808,-0.009142605,12.0
873.0,208.15608,209.70277,205.68634,208.55522,17769026.0,201.93434,197.33249,195.67644,195.30647,195.93796,-0.1898777,0.0046959943,0.0019175162,0.00743043,-0.011864842,12.0,874.0,208.53029,210.05203,206.63432,209.5531,10830990.0,204.53879,198.50832,196.5608,195.75352,196.23732,-0.18375212,0.0017977209,0.0049048634,0.007297494,-0.00909204,12.0,875.0,208.38058,209.55309,206.88377,208.80469,8255710.0,206.86882,199.7041,197.36284,196.17662,196.4843,-0.1862027,-0.0007179004,0.0020352115,0.0056267357,-0.007183048,12.0,876.0,201.91937,206.7341,200.0733,202.06905,23514212.0,206.8339,200.22133,197.92165,196.49095,196.56995,-0.2919698,-0.031006785,0.00074125966,0.023844808,-0.009142605,12.0,877.0,201.59506,203.56587,201.32065,202.71767,6808460.0,205.71628,200.63545,198.52287,196.94498,196.6822,-0.2972786,-0.0016061376,0.005568618,0.009776048,-0.0013611875,12.0
874.0,208.53029,210.05203,206.63432,209.5531,10830990.0,204.53879,198.50832,196.5608,195.75352,196.23732,-0.18375212,0.0017977209,0.0049048634,0.007297494,-0.00909204,12.0,875.0,208.38058,209.55309,206.88377,208.80469,8255710.0,206.86882,199.7041,197.36284,196.17662,196.4843,-0.1862027,-0.0007179004,0.0020352115,0.0056267357,-0.007183048,12.0,876.0,201.91937,206.7341,200.0733,202.06905,23514212.0,206.8339,200.22133,197.92165,196.49095,196.56995,-0.2919698,-0.031006785,0.00074125966,0.023844808,-0.009142605,12.0,877.0,201.59506,203.56587,201.32065,202.71767,6808460.0,205.71628,200.63545,198.52287,196.94498,196.6822,-0.2972786,-0.0016061376,0.005568618,0.009776048,-0.0013611875,12.0,878.0,199.77394,202.31851,199.57437,202.31851,6458200.0,204.03986,200.78346,199.00934,197.34912,196.76204,-0.32708955,-0.009033561,0.012737278,0.012737278,-0.0009989857,12.0
875.0,208.38058,209.55309,206.88377,208.80469,8255710.0,206.86882,199.7041,197.36284,196.17662,196.4843,-0.1862027,-0.0007179004,0.0020352115,0.0056267357,-0.007183048,12.0,876.0,201.91937,206.7341,200.0733,202.06905,23514212.0,206.8339,200.22133,197.92165,196.49095,196.56995,-0.2919698,-0.031006785,0.00074125966,0.023844808,-0.009142605,12.0,877.0,201.59506,203.56587,201.32065,202.71767,6808460.0,205.71628,200.63545,198.52287,196.94498,196.6822,-0.2972786,-0.0016061376,0.005568618,0.009776048,-0.0013611875,12.0,878.0,199.77394,202.31851,199.57437,202.31851,6458200.0,204.03986,200.78346,199.00934,197.34912,196.76204,-0.32708955,-0.009033561,0.012737278,0.012737278,-0.0009989857,12.0,879.0,200.94644,201.37054,200.27287,201.32065,5329662.0,202.52309,201.07784,199.51201,197.75327,196.88179,-0.30789623,0.005869137,0.0018621974,0.0021105055,-0.0033519706,12.0
876.0,201.91937,206.7341,200.0733,202.06905,23514212.0,206.8339,200.22133,197.92165,196.49095,196.56995,-0.2919698,-0.031006785,0.00074125966,0.023844808,-0.009142605,12.0,877.0,201.59506,203.56587,201.32065,202.71767,6808460.0,205.71628,200.63545,198.52287,196.94498,196.6822,-0.2972786,-0.0016061376,0.005568618,0.009776048,-0.0013611875,12.0,878.0,199.77394,202.31851,199.57437,202.31851,6458200.0,204.03986,200.78346,199.00934,197.34912,196.76204,-0.32708955,-0.009033561,0.012737278,0.012737278,-0.0009989857,12.0,879.0,200.94644,201.37054,200.27287,201.32065,5329662.0,202.52309,201.07784,199.51201,197.75327,196.88179,-0.30789623,0.005869137,0.0018621974,0.0021105055,-0.0033519706,12.0,880.0,199.54944,202.86736,199.07544,201.57013,8948358.0,200.75685,201.20258,199.96729,198.04164,196.93999,-0.33076453,-0.006952117,0.010126235,0.016627062,-0.0023753273,12.0
877.0,201.59506,203.56587,201.32065,202.71767,6808460.0,205.71628,200.63545,198.52287,196.94498,196.6822,-0.2972786,-0.0016061376,0.005568618,0.009776048,-0.0013611875,12.0,878.0,199.77394,202.31851,199.57437,202.31851,6458200.0,204.03986,200.78346,199.00934,197.34912,196.76204,-0.32708955,-0.009033561,0.012737278,0.012737278,-0.0009989857,12.0,879.0,200.94644,201.37054,200.27287,201.32065,5329662.0,202.52309,201.07784,199.51201,197.75327,196.88179,-0.30789623,0.005869137,0.0018621974,0.0021105055,-0.0033519706,12.0,880.0,199.54944,202.86736,199.07544,201.57013,8948358.0,200.75685,201.20258,199.96729,198.04164,196.93999,-0.33076453,-0.006952117,0.010126235,0.016627062,-0.0023753273,12.0,881.0,198.9507,200.99634,197.85303,200.09825,6760060.0,200.16312,201.29903,200.20677,198.36995,197.10298,-0.34056565,-0.0030004575,0.0057679946,0.010282147,-0.005517272,12.0
878.0,199.77394,202.31851,199.57437,202.31851,6458200.0,204.03986,200.78346,199.00934,197.34912,196.76204,-0.32708955,-0.009033561,0.012737278,0.012737278,-0.0009989857,12.0,879.0,200.94644,201.37054,200.27287,201.32065,5329662.0,202.52309,201.07784,199.51201,197.75327,196.88179,-0.30789623,0.005869137,0.0018621974,0.0021105055,-0.0033519706,12.0,880.0,199.54944,202.86736,199.07544,201.57013,8948358.0,200.75685,201.20258,199.96729,198.04164,196.93999,-0.33076453,-0.006952117,0.010126235,0.016627062,-0.0023753273,12.0,881.0,198.9507,200.99634,197.85303,200.09825,6760060.0,200.16312,201.29903,200.20677,198.36995,197.10298,-0.34056565,-0.0030004575,0.0057679946,0.010282147,-0.005517272,12.0,882.0,202.094,202.568,199.05049,199.44965,6762180.0,200.26291,201.80128,200.54231,198.87088,197.49797,-0.28911132,0.015799368,-0.013084775,0.0023454197,-0.015059809,12.0
879.0,200.94644,201.37054,200.27287,201.32065,5329662.0,202.52309,201.07784,199.51201,197.75327,196.88179,-0.30789623,0.005869137,0.0018621974,0.0021105055,-0.0033519706,12.0,880.0,199.54944,202.86736,199.07544,201.57013,8948358.0,200.75685,201.20258,199.96729,198.04164,196.93999,-0.33076453,-0.006952117,0.010126235,0.016627062,-0.0023753273,12.0,881.0,198.9507,200.99634,197.85303,200.09825,6760060.0,200.16312,201.29903,200.20677,198.36995,197.10298,-0.34056565,-0.0030004575,0.0057679946,0.010282147,-0.005517272,12.0,882.0,202.094,202.568,199.05049,199.44965,6762180.0,200.26291,201.80128,200.54231,198.87088,197.49797,-0.28911132,0.015799368,-0.013084775,0.0023454197,-0.015059809,12.0,883.0,203.04199,203.56587,201.59506,202.31853,7181804.0,200.91652,202.2969,200.81673,199.39076,197.9437,-0.27359304,0.0046908767,-0.0035631212,0.0025801396,-0.0071262424,12.0
880.0,199.54944,202.86736,199.07544,201.57013,8948358.0,200.75685,201.20258,199.96729,198.04164,196.93999,-0.33076453,-0.006952117,0.010126235,0.016627062,-0.0023753273,12.0,881.0,198.9507,200.99634,197.85303,200.09825,6760060.0,200.16312,201.29903,200.20677,198.36995,197.10298,-0.34056565,-0.0030004575,0.0057679946,0.010282147,-0.005517272,12.0,882.0,202.094,202.568,199.05049,199.44965,6762180.0,200.26291,201.80128,200.54231,198.87088,197.49797,-0.28911132,0.015799368,-0.013084775,0.0023454197,-0.015059809,12.0,883.0,203.04199,203.56587,201.59506,202.31853,7181804.0,200.91652,202.2969,200.81673,199.39076,197.9437,-0.27359304,0.0046908767,-0.0035631212,0.0025801396,-0.0071262424,12.0,884.0,200.97139,202.5181,199.07544,202.5181,5399618.0,200.92151,202.66112,201.03876,199.79391,198.2813,-0.30748785,-0.010197902,0.0076961424,0.0076961424,-0.009433933,12.0
881.0,198.9507,200.99634,197.85303,200.09825,6760060.0,200.16312,201.29903,200.20677,198.36995,197.10298,-0.34056565,-0.0030004575,0.0057679946,0.010282147,-0.005517272,12.0,882.0,202.094,202.568,199.05049,199.44965,6762180.0,200.26291,201.80128,200.54231,198.87088,197.49797,-0.28911132,0.015799368,-0.013084775,0.0023454197,-0.015059809,12.0,883.0,203.04199,203.56587,201.59506,202.31853,7181804.0,200.91652,202.2969,200.81673,199.39076,197.9437,-0.27359304,0.0046908767,-0.0035631212,0.0025801396,-0.0071262424,12.0,884.0,200.97139,202.5181,199.07544,202.5181,5399618.0,200.92151,202.66112,201.03876,199.79391,198.2813,-0.30748785,-0.010197902,0.0076961424,0.0076961424,-0.009433933,12.0,885.0,199.39975,200.57225,198.10251,200.57225,6821698.0,200.89157,202.83908,201.12482,200.15215,198.51663,-0.33321488,-0.007820218,0.0058801603,0.0058801603,-0.0065057077,12.0
882.0,202.094,202.568,199.05049,199.44965,6762180.0,200.26291,201.80128,200.54231,198.87088,197.49797,-0.28911132,0.015799368,-0.013084775,0.0023454197,-0.015059809,12.0,883.0,203.04199,203.56587,201.59506,202.31853,7181804.0,200.91652,202.2969,200.81673,199.39076,197.9437,-0.27359304,0.0046908767,-0.0035631212,0.0025801396,-0.0071262424,12.0,884.0,200.97139,202.5181,199.07544,202.5181,5399618.0,200.92151,202.66112,201.03876,199.79391,198.2813,-0.30748785,-0.010197902,0.0076961424,0.0076961424,-0.009433933,12.0,885.0,199.39975,200.57225,198.10251,200.57225,6821698.0,200.89157,202.83908,201.12482,200.15215,198.51663,-0.33321488,-0.007820218,0.0058801603,0.0058801603,-0.0065057077,12.0,886.0,203.98996,204.56374,199.72404,199.99847,12481540.0,201.89941,202.96547,201.44913,200.5453,198.95819,-0.25807524,0.023020139,-0.019567078,0.0028127525,-0.02091236,12.0
883.0,203.04199,203.56587,201.59506,202.31853,7181804.0,200.91652,202.2969,200.81673,199.39076,197.9437,-0.27359304,0.0046908767,-0.0035631212,0.0025801396,-0.0071262424,12.0,884.0,200.97139,202.5181,199.07544,202.5181,5399618.0,200.92151,202.66112,201.03876,199.79391,198.2813,-0.30748785,-0.010197902,0.0076961424,0.0076961424,-0.009433933,12.0,885.0,199.39975,200.57225,198.10251,200.57225,6821698.0,200.89157,202.83908,201.12482,200.15215,198.51663,-0.33321488,-0.007820218,0.0058801603,0.0058801603,-0.0065057077,12.0,886.0,203.98996,204.56374,199.72404,199.99847,12481540.0,201.89941,202.96547,201.44913,200.5453,198.95819,-0.25807524,0.023020139,-0.019567078,0.0028127525,-0.02091236,12.0,887.0,205.13751,206.06055,203.5908,204.5388,8822866.0,202.50812,202.8291,201.978,200.93547,199.47708,-0.23929033,0.0056255343,-0.0029185982,0.004499589,-0.0075398423,12.0
884.0,200.97139,202.5181,199.07544,202.5181,5399618.0,200.92151,202.66112,201.03876,199.79391,198.2813,-0.30748785,-0.010197902,0.0076961424,0.0076961424,-0.009433933,12.0,885.0,199.39975,200.57225,198.10251,200.57225,6821698.0,200.89157,202.83908,201.12482,200.15215,198.51663,-0.33321488,-0.007820218,0.0058801603,0.0058801603,-0.0065057077,12.0,886.0,203.98996,204.56374,199.72404,199.99847,12481540.0,201.89941,202.96547,201.44913,200.5453,198.95819,-0.25807524,0.023020139,-0.019567078,0.0028127525,-0.02091236,12.0,887.0,205.13751,206.06055,203.5908,204.5388,8822866.0,202.50812,202.8291,201.978,200.93547,199.47708,-0.23929033,0.0056255343,-0.0029185982,0.004499589,-0.0075398423,12.0,888.0,207.73198,208.30576,204.53879,205.76117,15724284.0,203.44612,202.80083,202.58421,201.3426,200.06667,-0.19682008,0.012647454,-0.00948724,0.0027620846,-0.015371667,12.0
885.0,199.39975,200.57225,198.10251,200.57225,6821698.0,200.89157,202.83908,201.12482,200.15215,198.51663,-0.33321488,-0.007820218,0.0058801603,0.0058801603,-0.0065057077,12.0,886.0,203.98996,204.56374,199.72404,199.99847,12481540.0,201.89941,202.96547,201.44913,200.5453,198.95819,-0.25807524,0.023020139,-0.019567078,0.0028127525,-0.02091236,12.0,887.0,205.13751,206.06055,203.5908,204.5388,8822866.0,202.50812,202.8291,201.978,200.93547,199.47708,-0.23929033,0.0056255343,-0.0029185982,0.004499589,-0.0075398423,12.0,888.0,207.73198,208.30576,204.53879,205.76117,15724284.0,203.44612,202.80083,202.58421,201.3426,200.06667,-0.19682008,0.012647454,-0.00948724,0.0027620846,-0.015371667,12.0,889.0,208.45543,208.80469,205.83601,207.30788,9309388.0,204.94293,202.79584,203.23157,201.81958,200.65208,-0.18497753,0.0034826112,-0.0055049974,0.001675472,-0.012565821,12.0
886.0,203.98996,204.56374,199.72404,199.99847,12481540.0,201.89941,202.96547,201.44913,200.5453,198.95819,-0.25807524,0.023020139,-0.019567078,0.0028127525,-0.02091236,12.0,887.0,205.13751,206.06055,203.5908,204.5388,8822866.0,202.50812,202.8291,201.978,200.93547,199.47708,-0.23929033,0.0056255343,-0.0029185982,0.004499589,-0.0075398423,12.0,888.0,207.73198,208.30576,204.53879,205.76117,15724284.0,203.44612,202.80083,202.58421,201.3426,200.06667,-0.19682008,0.012647454,-0.00948724,0.0027620846,-0.015371667,12.0,889.0,208.45543,208.80469,205.83601,207.30788,9309388.0,204.94293,202.79584,203.23157,201.81958,200.65208,-0.18497753,0.0034826112,-0.0055049974,0.001675472,-0.012565821,12.0,890.0,208.87953,209.95224,207.33282,208.10619,9901644.0,206.83888,202.8291,203.83904,202.26764,201.2666,-0.17803517,0.002034501,-0.0037023476,0.0051355404,-0.007404768,12.0
887.0,205.13751,206.06055,203.5908,204.5388,8822866.0,202.50812,202.8291,201.978,200.93547,199.47708,-0.23929033,0.0056255343,-0.0029185982,0.004499589,-0.0075398423,12.0,888.0,207.73198,208.30576,204.53879,205.76117,15724284.0,203.44612,202.80083,202.58421,201.3426,200.06667,-0.19682008,0.012647454,-0.00948724,0.0027620846,-0.015371667,12.0,889.0,208.45543,208.80469,205.83601,207.30788,9309388.0,204.94293,202.79584,203.23157,201.81958,200.65208,-0.18497753,0.0034826112,-0.0055049974,0.001675472,-0.012565821,12.0,890.0,208.87953,209.95224,207.33282,208.10619,9901644.0,206.83888,202.8291,203.83904,202.26764,201.2666,-0.17803517,0.002034501,-0.0037023476,0.0051355404,-0.007404768,12.0,891.0,206.08548,210.6258,205.73624,208.87952,7571468.0,207.25798,203.10684,204.0386,202.6109,201.6641,-0.22377253,-0.01337638,0.013557696,0.022031246,-0.0016946658,12.0
888.0,207.73198,208.30576,204.53879,205.76117,15724284.0,203.44612,202.80083,202.58421,201.3426,200.06667,-0.19682008,0.012647454,-0.00948724,0.0027620846,-0.015371667,12.0,889.0,208.45543,208.80469,205.83601,207.30788,9309388.0,204.94293,202.79584,203.23157,201.81958,200.65208,-0.18497753,0.0034826112,-0.0055049974,0.001675472,-0.012565821,12.0,890.0,208.87953,209.95224,207.33282,208.10619,9901644.0,206.83888,202.8291,203.83904,202.26764,201.2666,-0.17803517,0.002034501,-0.0037023476,0.0051355404,-0.007404768,12.0,891.0,206.08548,210.6258,205.73624,208.87952,7571468.0,207.25798,203.10684,204.0386,202.6109,201.6641,-0.22377253,-0.01337638,0.013557696,0.022031246,-0.0016946658,12.0,892.0,207.13326,207.65715,204.31427,206.18527,5792180.0,207.65714,203.47606,204.0361,203.11383,202.05576,-0.20662092,0.005084178,-0.0045766444,0.0025292505,-0.013609524,12.0
889.0,208.45543,208.80469,205.83601,207.30788,9309388.0,204.94293,202.79584,203.23157,201.81958,200.65208,-0.18497753,0.0034826112,-0.0055049974,0.001675472,-0.012565821,12.0,890.0,208.87953,209.95224,207.33282,208.10619,9901644.0,206.83888,202.8291,203.83904,202.26764,201.2666,-0.17803517,0.002034501,-0.0037023476,0.0051355404,-0.007404768,12.0,891.0,206.08548,210.6258,205.73624,208.87952,7571468.0,207.25798,203.10684,204.0386,202.6109,201.6641,-0.22377253,-0.01337638,0.013557696,0.022031246,-0.0016946658,12.0,892.0,207.13326,207.65715,204.31427,206.18527,5792180.0,207.65714,203.47606,204.0361,203.11383,202.05576,-0.20662092,0.005084178,-0.0045766444,0.0025292505,-0.013609524,12.0,893.0,208.87953,209.6529,206.55948,206.63432,8131780.0,207.88664,204.0831,204.07228,203.6447,202.43327,-0.17803517,0.008430693,-0.010748835,0.0037024205,-0.011107116,12.0
890.0,208.87953,209.95224,207.33282,208.10619,9901644.0,206.83888,202.8291,203.83904,202.26764,201.2666,-0.17803517,0.002034501,-0.0037023476,0.0051355404,-0.007404768,12.0,891.0,206.08548,210.6258,205.73624,208.87952,7571468.0,207.25798,203.10684,204.0386,202.6109,201.6641,-0.22377253,-0.01337638,0.013557696,0.022031246,-0.0016946658,12.0,892.0,207.13326,207.65715,204.31427,206.18527,5792180.0,207.65714,203.47606,204.0361,203.11383,202.05576,-0.20662092,0.005084178,-0.0045766444,0.0025292505,-0.013609524,12.0,893.0,208.87953,209.6529,206.55948,206.63432,8131780.0,207.88664,204.0831,204.07228,203.6447,202.43327,-0.17803517,0.008430693,-0.010748835,0.0037024205,-0.011107116,12.0,894.0,208.33069,209.75266,206.80894,208.87952,6340960.0,207.8617,204.57538,204.0623,204.1576,202.8266,-0.18701948,-0.0026275595,0.0026344298,0.006825545,-0.0073044854,12.0
891.0,206.08548,210.6258,205.73624,208.87952,7571468.0,207.25798,203.10684,204.0386,202.6109,201.6641,-0.22377253,-0.01337638,0.013557696,0.022031246,-0.0016946658,12.0,892.0,207.13326,207.65715,204.31427,206.18527,5792180.0,207.65714,203.47606,204.0361,203.11383,202.05576,-0.20662092,0.005084178,-0.0045766444,0.0025292505,-0.013609524,12.0,893.0,208.87953,209.6529,206.55948,206.63432,8131780.0,207.88664,204.0831,204.07228,203.6447,202.43327,-0.17803517,0.008430693,-0.010748835,0.0037024205,-0.011107116,12.0,894.0,208.33069,209.75266,206.80894,208.87952,6340960.0,207.8617,204.57538,204.0623,204.1576,202.8266,-0.18701948,-0.0026275595,0.0026344298,0.006825545,-0.0073044854,12.0,895.0,205.41193,207.73198,203.56586,207.08334,10602392.0,207.16818,204.9662,203.91386,204.50485,203.0844,-0.2347983,-0.014010237,0.008136934,0.011294617,-0.008987156,12.0
892.0,207.13326,207.65715,204.31427,206.18527,5792180.0,207.65714,203.47606,204.0361,203.11383,202.05576,-0.20662092,0.005084178,-0.0045766444,0.0025292505,-0.013609524,12.0,893.0,208.87953,209.6529,206.55948,206.63432,8131780.0,207.88664,204.0831,204.07228,203.6447,202.43327,-0.17803517,0.008430693,-0.010748835,0.0037024205,-0.011107116,12.0,894.0,208.33069,209.75266,206.80894,208.87952,6340960.0,207.8617,204.57538,204.0623,204.1576,202.8266,-0.18701948,-0.0026275595,0.0026344298,0.006825545,-0.0073044854,12.0,895.0,205.41193,207.73198,203.56586,207.08334,10602392.0,207.16818,204.9662,203.91386,204.50485,203.0844,-0.2347983,-0.014010237,0.008136934,0.011294617,-0.008987156,12.0,896.0,206.85884,208.23091,205.38698,205.4618,7334260.0,207.32285,205.49342,204.16084,204.69545,203.39622,-0.21111296,0.007043966,-0.0067535415,0.006632899,-0.0071153212,12.0
893.0,208.87953,209.6529,206.55948,206.63432,8131780.0,207.88664,204.0831,204.07228,203.6447,202.43327,-0.17803517,0.008430693,-0.010748835,0.0037024205,-0.011107116,12.0,894.0,208.33069,209.75266,206.80894,208.87952,6340960.0,207.8617,204.57538,204.0623,204.1576,202.8266,-0.18701948,-0.0026275595,0.0026344298,0.006825545,-0.0073044854,12.0,895.0,205.41193,207.73198,203.56586,207.08334,10602392.0,207.16818,204.9662,203.91386,204.50485,203.0844,-0.2347983,-0.014010237,0.008136934,0.011294617,-0.008987156,12.0,896.0,206.85884,208.23091,205.38698,205.4618,7334260.0,207.32285,205.49342,204.16084,204.69545,203.39622,-0.21111296,0.007043966,-0.0067535415,0.006632899,-0.0071153212,12.0,897.0,208.10619,208.60512,205.9358,207.05841,6350240.0,207.51744,205.89423,204.4864,204.73238,203.84776,-0.19069448,0.006029933,-0.0050347783,0.0023975065,-0.010429168,12.0
894.0,208.33069,209.75266,206.80894,208.87952,6340960.0,207.8617,204.57538,204.0623,204.1576,202.8266,-0.18701948,-0.0026275595,0.0026344298,0.006825545,-0.0073044854,12.0,895.0,205.41193,207.73198,203.56586,207.08334,10602392.0,207.16818,204.9662,203.91386,204.50485,203.0844,-0.2347983,-0.014010237,0.008136934,0.011294617,-0.008987156,12.0,896.0,206.85884,208.23091,205.38698,205.4618,7334260.0,207.32285,205.49342,204.16084,204.69545,203.39622,-0.21111296,0.007043966,-0.0067535415,0.006632899,-0.0071153212,12.0,897.0,208.10619,208.60512,205.9358,207.05841,6350240.0,207.51744,205.89423,204.4864,204.73238,203.84776,-0.19069448,0.006029933,-0.0050347783,0.0023975065,-0.010429168,12.0,898.0,207.18315,208.53029,206.85884,208.18103,6134234.0,207.17816,206.1703,204.85686,204.69345,204.23361,-0.20580414,-0.0044354023,0.0048163757,0.0065021366,-0.0015653074,12.0
895.0,205.41193,207.73198,203.56586,207.08334,10602392.0,207.16818,204.9662,203.91386,204.50485,203.0844,-0.2347983,-0.014010237,0.008136934,0.011294617,-0.008987156,12.0,896.0,206.85884,208.23091,205.38698,205.4618,7334260.0,207.32285,205.49342,204.16084,204.69545,203.39622,-0.21111296,0.007043966,-0.0067535415,0.006632899,-0.0071153212,12.0,897.0,208.10619,208.60512,205.9358,207.05841,6350240.0,207.51744,205.89423,204.4864,204.73238,203.84776,-0.19069448,0.006029933,-0.0050347783,0.0023975065,-0.010429168,12.0,898.0,207.18315,208.53029,206.85884,208.18103,6134234.0,207.17816,206.1703,204.85686,204.69345,204.23361,-0.20580414,-0.0044354023,0.0048163757,0.0065021366,-0.0015653074,12.0,899.0,205.91087,209.5531,205.56161,208.92943,5776956.0,206.6942,206.4996,205.10509,204.58868,204.58037,-0.22663075,-0.0061408365,0.014659529,0.017688364,-0.0016961768,12.0
896.0,206.85884,208.23091,205.38698,205.4618,7334260.0,207.32285,205.49342,204.16084,204.69545,203.39622,-0.21111296,0.007043966,-0.0067535415,0.006632899,-0.0071153212,12.0,897.0,208.10619,208.60512,205.9358,207.05841,6350240.0,207.51744,205.89423,204.4864,204.73238,203.84776,-0.19069448,0.006029933,-0.0050347783,0.0023975065,-0.010429168,12.0,898.0,207.18315,208.53029,206.85884,208.18103,6134234.0,207.17816,206.1703,204.85686,204.69345,204.23361,-0.20580414,-0.0044354023,0.0048163757,0.0065021366,-0.0015653074,12.0,899.0,205.91087,209.5531,205.56161,208.92943,5776956.0,206.6942,206.4996,205.10509,204.58868,204.58037,-0.22663075,-0.0061408365,0.014659529,0.017688364,-0.0016961768,12.0,900.0,204.41406,205.21234,203.11682,204.56374,6598510.0,206.49463,206.8339,205.34831,204.43002,204.83649,-0.25113288,-0.0072692176,0.00073221326,0.003905237,-0.0063461214,12.0
897.0,208.10619,208.60512,205.9358,207.05841,6350240.0,207.51744,205.89423,204.4864,204.73238,203.84776,-0.19069448,0.006029933,-0.0050347783,0.0023975065,-0.010429168,12.0,898.0,207.18315,208.53029,206.85884,208.18103,6134234.0,207.17816,206.1703,204.85686,204.69345,204.23361,-0.20580414,-0.0044354023,0.0048163757,0.0065021366,-0.0015653074,12.0,899.0,205.91087,209.5531,205.56161,208.92943,5776956.0,206.6942,206.4996,205.10509,204.58868,204.58037,-0.22663075,-0.0061408365,0.014659529,0.017688364,-0.0016961768,12.0,900.0,204.41406,205.21234,203.11682,204.56374,6598510.0,206.49463,206.8339,205.34831,204.43002,204.83649,-0.25113288,-0.0072692176,0.00073221326,0.003905237,-0.0063461214,12.0,901.0,203.5908,205.78613,203.39124,205.2872,3401974.0,205.84102,206.80728,205.58032,204.49687,204.88638,-0.26460922,-0.004027401,0.008332373,0.010783052,-0.000980257,12.0
898.0,207.18315,208.53029,206.85884,208.18103,6134234.0,207.17816,206.1703,204.85686,204.69345,204.23361,-0.20580414,-0.0044354023,0.0048163757,0.0065021366,-0.0015653074,12.0,899.0,205.91087,209.5531,205.56161,208.92943,5776956.0,206.6942,206.4996,205.10509,204.58868,204.58037,-0.22663075,-0.0061408365,0.014659529,0.017688364,-0.0016961768,12.0,900.0,204.41406,205.21234,203.11682,204.56374,6598510.0,206.49463,206.8339,205.34831,204.43002,204.83649,-0.25113288,-0.0072692176,0.00073221326,0.003905237,-0.0063461214,12.0,901.0,203.5908,205.78613,203.39124,205.2872,3401974.0,205.84102,206.80728,205.58032,204.49687,204.88638,-0.26460922,-0.004027401,0.008332373,0.010783052,-0.000980257,12.0,902.0,203.61575,205.5117,203.11682,204.3891,3998562.0,204.94293,206.70583,205.6564,204.5777,204.76747,-0.26420084,0.0001225405,0.0037980587,0.009311413,-0.0024503798,12.0
899.0,205.91087,209.5531,205.56161,208.92943,5776956.0,206.6942,206.4996,205.10509,204.58868,204.58037,-0.22663075,-0.0061408365,0.014659529,0.017688364,-0.0016961768,12.0,900.0,204.41406,205.21234,203.11682,204.56374,6598510.0,206.49463,206.8339,205.34831,204.43002,204.83649,-0.25113288,-0.0072692176,0.00073221326,0.003905237,-0.0063461214,12.0,901.0,203.5908,205.78613,203.39124,205.2872,3401974.0,205.84102,206.80728,205.58032,204.49687,204.88638,-0.26460922,-0.004027401,0.008332373,0.010783052,-0.000980257,12.0,902.0,203.61575,205.5117,203.11682,204.3891,3998562.0,204.94293,206.70583,205.6564,204.5777,204.76747,-0.26420084,0.0001225405,0.0037980587,0.009311413,-0.0024503798,12.0,903.0,203.16672,204.66353,202.89229,204.56374,4018182.0,204.13965,206.40149,205.66264,204.71341,204.60115,-0.27155134,-0.002205309,0.0068761976,0.007367387,-0.0013507325,12.0
900.0,204.41406,205.21234,203.11682,204.56374,6598510.0,206.49463,206.8339,205.34831,204.43002,204.83649,-0.25113288,-0.0072692176,0.00073221326,0.003905237,-0.0063461214,12.0,901.0,203.5908,205.78613,203.39124,205.2872,3401974.0,205.84102,206.80728,205.58032,204.49687,204.88638,-0.26460922,-0.004027401,0.008332373,0.010783052,-0.000980257,12.0,902.0,203.61575,205.5117,203.11682,204.3891,3998562.0,204.94293,206.70583,205.6564,204.5777,204.76747,-0.26420084,0.0001225405,0.0037980587,0.009311413,-0.0024503798,12.0,903.0,203.16672,204.66353,202.89229,204.56374,4018182.0,204.13965,206.40149,205.66264,204.71341,204.60115,-0.27155134,-0.002205309,0.0068761976,0.007367387,-0.0013507325,12.0,904.0,203.76543,204.56372,202.79251,203.56586,22061952.0,203.71056,206.08882,205.80234,204.82617,204.44232,-0.26175073,0.0029468858,-0.000979417,0.0039177425,-0.004774686,12.0
901.0,203.5908,205.78613,203.39124,205.2872,3401974.0,205.84102,206.80728,205.58032,204.49687,204.88638,-0.26460922,-0.004027401,0.008332373,0.010783052,-0.000980257,12.0,902.0,203.61575,205.5117,203.11682,204.3891,3998562.0,204.94293,206.70583,205.6564,204.5777,204.76747,-0.26420084,0.0001225405,0.0037980587,0.009311413,-0.0024503798,12.0,903.0,203.16672,204.66353,202.89229,204.56374,4018182.0,204.13965,206.40149,205.66264,204.71341,204.60115,-0.27155134,-0.002205309,0.0068761976,0.007367387,-0.0013507325,12.0,904.0,203.76543,204.56372,202.79251,203.56586,22061952.0,203.71056,206.08882,205.80234,204.82617,204.44232,-0.26175073,0.0029468858,-0.000979417,0.0039177425,-0.004774686,12.0,905.0,207.73198,208.43048,203.31639,203.54092,8476130.0,204.37413,206.01231,206.21895,205.15347,204.4207,-0.19682008,0.01946627,-0.02017532,0.0033625409,-0.02125617,12.0
902.0,203.61575,205.5117,203.11682,204.3891,3998562.0,204.94293,206.70583,205.6564,204.5777,204.76747,-0.26420084,0.0001225405,0.0037980587,0.009311413,-0.0024503798,12.0,903.0,203.16672,204.66353,202.89229,204.56374,4018182.0,204.13965,206.40149,205.66264,204.71341,204.60115,-0.27155134,-0.002205309,0.0068761976,0.007367387,-0.0013507325,12.0,904.0,203.76543,204.56372,202.79251,203.56586,22061952.0,203.71056,206.08882,205.80234,204.82617,204.44232,-0.26175073,0.0029468858,-0.000979417,0.0039177425,-0.004774686,12.0,905.0,207.73198,208.43048,203.31639,203.54092,8476130.0,204.37413,206.01231,206.21895,205.15347,204.4207,-0.19682008,0.01946627,-0.02017532,0.0033625409,-0.02125617,12.0,906.0,216.58809,217.78554,207.55734,208.55522,27634648.0,206.97359,206.71248,206.84886,205.85898,204.90967,-0.051849596,0.042632386,-0.03708824,0.005528666,-0.041695476,12.0
903.0,203.16672,204.66353,202.89229,204.56374,4018182.0,204.13965,206.40149,205.66264,204.71341,204.60115,-0.27155134,-0.002205309,0.0068761976,0.007367387,-0.0013507325,12.0,904.0,203.76543,204.56372,202.79251,203.56586,22061952.0,203.71056,206.08882,205.80234,204.82617,204.44232,-0.26175073,0.0029468858,-0.000979417,0.0039177425,-0.004774686,12.0,905.0,207.73198,208.43048,203.31639,203.54092,8476130.0,204.37413,206.01231,206.21895,205.15347,204.4207,-0.19682008,0.01946627,-0.02017532,0.0033625409,-0.02125617,12.0,906.0,216.58809,217.78554,207.55734,208.55522,27634648.0,206.97359,206.71248,206.84886,205.85898,204.90967,-0.051849596,0.042632386,-0.03708824,0.005528666,-0.041695476,12.0,907.0,215.46548,218.28447,214.69212,217.43628,17973426.0,209.34354,207.26797,207.36526,206.39383,205.37201,-0.07022612,-0.0051831305,0.009146652,0.013083233,-0.0035892515,12.0
904.0,203.76543,204.56372,202.79251,203.56586,22061952.0,203.71056,206.08882,205.80234,204.82617,204.44232,-0.26175073,0.0029468858,-0.000979417,0.0039177425,-0.004774686,12.0,905.0,207.73198,208.43048,203.31639,203.54092,8476130.0,204.37413,206.01231,206.21895,205.15347,204.4207,-0.19682008,0.01946627,-0.02017532,0.0033625409,-0.02125617,12.0,906.0,216.58809,217.78554,207.55734,208.55522,27634648.0,206.97359,206.71248,206.84886,205.85898,204.90967,-0.051849596,0.042632386,-0.03708824,0.005528666,-0.041695476,12.0,907.0,215.46548,218.28447,214.69212,217.43628,17973426.0,209.34354,207.26797,207.36526,206.39383,205.37201,-0.07022612,-0.0051831305,0.009146652,0.013083233,-0.0035892515,12.0,908.0,214.19319,217.31154,212.49681,216.41347,13531912.0,211.54883,207.62221,207.68832,206.83987,205.85265,-0.09105298,-0.005904858,0.01036574,0.014558584,-0.007919855,12.0
905.0,207.73198,208.43048,203.31639,203.54092,8476130.0,204.37413,206.01231,206.21895,205.15347,204.4207,-0.19682008,0.01946627,-0.02017532,0.0033625409,-0.02125617,12.0,906.0,216.58809,217.78554,207.55734,208.55522,27634648.0,206.97359,206.71248,206.84886,205.85898,204.90967,-0.051849596,0.042632386,-0.03708824,0.005528666,-0.041695476,12.0,907.0,215.46548,218.28447,214.69212,217.43628,17973426.0,209.34354,207.26797,207.36526,206.39383,205.37201,-0.07022612,-0.0051831305,0.009146652,0.013083233,-0.0035892515,12.0,908.0,214.19319,217.31154,212.49681,216.41347,13531912.0,211.54883,207.62221,207.68832,206.83987,205.85265,-0.09105298,-0.005904858,0.01036574,0.014558584,-0.007919855,12.0,909.0,215.96442,216.38852,212.9209,214.5175,9322650.0,213.98863,208.13113,208.06377,207.4396,206.35326,-0.06205883,0.008269287,-0.0066997665,0.0019637428,-0.014092656,12.0
906.0,216.58809,217.78554,207.55734,208.55522,27634648.0,206.97359,206.71248,206.84886,205.85898,204.90967,-0.051849596,0.042632386,-0.03708824,0.005528666,-0.041695476,12.0,907.0,215.46548,218.28447,214.69212,217.43628,17973426.0,209.34354,207.26797,207.36526,206.39383,205.37201,-0.07022612,-0.0051831305,0.009146652,0.013083233,-0.0035892515,12.0,908.0,214.19319,217.31154,212.49681,216.41347,13531912.0,211.54883,207.62221,207.68832,206.83987,205.85265,-0.09105298,-0.005904858,0.01036574,0.014558584,-0.007919855,12.0,909.0,215.96442,216.38852,212.9209,214.5175,9322650.0,213.98863,208.13113,208.06377,207.4396,206.35326,-0.06205883,0.008269287,-0.0066997665,0.0019637428,-0.014092656,12.0,910.0,214.54245,216.26378,214.19319,216.26378,5748410.0,215.35072,208.73982,208.34691,208.0453,206.85301,-0.085335776,-0.006584263,0.008023284,0.008023284,-0.0016279353,12.0
907.0,215.46548,218.28447,214.69212,217.43628,17973426.0,209.34354,207.26797,207.36526,206.39383,205.37201,-0.07022612,-0.0051831305,0.009146652,0.013083233,-0.0035892515,12.0,908.0,214.19319,217.31154,212.49681,216.41347,13531912.0,211.54883,207.62221,207.68832,206.83987,205.85265,-0.09105298,-0.005904858,0.01036574,0.014558584,-0.007919855,12.0,909.0,215.96442,216.38852,212.9209,214.5175,9322650.0,213.98863,208.13113,208.06377,207.4396,206.35326,-0.06205883,0.008269287,-0.0066997665,0.0019637428,-0.014092656,12.0,910.0,214.54245,216.26378,214.19319,216.26378,5748410.0,215.35072,208.73982,208.34691,208.0453,206.85301,-0.085335776,-0.006584263,0.008023284,0.008023284,-0.0016279353,12.0,911.0,216.9623,218.28447,214.59235,216.03926,8253314.0,215.42557,209.41339,208.89076,208.56421,207.4534,-0.045724005,0.0112791,-0.0042543546,0.0060940413,-0.010923306,12.0
908.0,214.19319,217.31154,212.49681,216.41347,13531912.0,211.54883,207.62221,207.68832,206.83987,205.85265,-0.09105298,-0.005904858,0.01036574,0.014558584,-0.007919855,12.0,909.0,215.96442,216.38852,212.9209,214.5175,9322650.0,213.98863,208.13113,208.06377,207.4396,206.35326,-0.06205883,0.008269287,-0.0066997665,0.0019637428,-0.014092656,12.0,910.0,214.54245,216.26378,214.19319,216.26378,5748410.0,215.35072,208.73982,208.34691,208.0453,206.85301,-0.085335776,-0.006584263,0.008023284,0.008023284,-0.0016279353,12.0,911.0,216.9623,218.28447,214.59235,216.03926,8253314.0,215.42557,209.41339,208.89076,208.56421,207.4534,-0.045724005,0.0112791,-0.0042543546,0.0060940413,-0.010923306,12.0,912.0,217.03714,220.28023,212.99576,218.08492,14545328.0,215.7399,210.00879,209.38596,209.04019,207.9515,-0.04449884,0.00034496482,0.0048276004,0.014942529,-0.018620703,12.0
909.0,215.96442,216.38852,212.9209,214.5175,9322650.0,213.98863,208.13113,208.06377,207.4396,206.35326,-0.06205883,0.008269287,-0.0066997665,0.0019637428,-0.014092656,12.0,910.0,214.54245,216.26378,214.19319,216.26378,5748410.0,215.35072,208.73982,208.34691,208.0453,206.85301,-0.085335776,-0.006584263,0.008023284,0.008023284,-0.0016279353,12.0,911.0,216.9623,218.28447,214.59235,216.03926,8253314.0,215.42557,209.41339,208.89076,208.56421,207.4534,-0.045724005,0.0112791,-0.0042543546,0.0060940413,-0.010923306,12.0,912.0,217.03714,220.28023,212.99576,218.08492,14545328.0,215.7399,210.00879,209.38596,209.04019,207.9515,-0.04449884,0.00034496482,0.0048276004,0.014942529,-0.018620703,12.0,913.0,217.3864,218.509,215.29086,217.01219,7445670.0,216.37854,210.68901,209.8113,209.42636,208.42966,-0.038781635,0.0016092104,-0.0017213678,0.0051641036,-0.009639688,12.0
910.0,214.54245,216.26378,214.19319,216.26378,5748410.0,215.35072,208.73982,208.34691,208.0453,206.85301,-0.085335776,-0.006584263,0.008023284,0.008023284,-0.0016279353,12.0,911.0,216.9623,218.28447,214.59235,216.03926,8253314.0,215.42557,209.41339,208.89076,208.56421,207.4534,-0.045724005,0.0112791,-0.0042543546,0.0060940413,-0.010923306,12.0,912.0,217.03714,220.28023,212.99576,218.08492,14545328.0,215.7399,210.00879,209.38596,209.04019,207.9515,-0.04449884,0.00034496482,0.0048276004,0.014942529,-0.018620703,12.0,913.0,217.3864,218.509,215.29086,217.01219,7445670.0,216.37854,210.68901,209.8113,209.42636,208.42966,-0.038781635,0.0016092104,-0.0017213678,0.0051641036,-0.009639688,12.0,914.0,217.76059,221.15335,217.1868,218.7335,14895010.0,216.73778,211.47899,210.28279,209.79857,208.9893,-0.032656293,0.0017213188,0.0044678235,0.015580221,-0.0026349511,12.0
911.0,216.9623,218.28447,214.59235,216.03926,8253314.0,215.42557,209.41339,208.89076,208.56421,207.4534,-0.045724005,0.0112791,-0.0042543546,0.0060940413,-0.010923306,12.0,912.0,217.03714,220.28023,212.99576,218.08492,14545328.0,215.7399,210.00879,209.38596,209.04019,207.9515,-0.04449884,0.00034496482,0.0048276004,0.014942529,-0.018620703,12.0,913.0,217.3864,218.509,215.29086,217.01219,7445670.0,216.37854,210.68901,209.8113,209.42636,208.42966,-0.038781635,0.0016092104,-0.0017213678,0.0051641036,-0.009639688,12.0,914.0,217.76059,221.15335,217.1868,218.7335,14895010.0,216.73778,211.47899,210.28279,209.79857,208.9893,-0.032656293,0.0017213188,0.0044678235,0.015580221,-0.0026349511,12.0,915.0,220.0557,221.40283,218.65868,219.43202,19835876.0,217.84042,212.52176,211.01498,210.24562,209.67783,0.004913529,0.010539579,-0.002834146,0.0061217826,-0.006348459,12.0
912.0,217.03714,220.28023,212.99576,218.08492,14545328.0,215.7399,210.00879,209.38596,209.04019,207.9515,-0.04449884,0.00034496482,0.0048276004,0.014942529,-0.018620703,12.0,913.0,217.3864,218.509,215.29086,217.01219,7445670.0,216.37854,210.68901,209.8113,209.42636,208.42966,-0.038781635,0.0016092104,-0.0017213678,0.0051641036,-0.009639688,12.0,914.0,217.76059,221.15335,217.1868,218.7335,14895010.0,216.73778,211.47899,210.28279,209.79857,208.9893,-0.032656293,0.0017213188,0.0044678235,0.015580221,-0.0026349511,12.0,915.0,220.0557,221.40283,218.65868,219.43202,19835876.0,217.84042,212.52176,211.01498,210.24562,209.67783,0.004913529,0.010539579,-0.002834146,0.0061217826,-0.006348459,12.0,916.0,217.58597,220.0557,217.13693,220.0557,6025196.0,217.96516,213.45477,211.55133,210.70564,210.13103,-0.035514772,-0.011223189,0.011350566,0.011350566,-0.0020637328,12.0
913.0,217.3864,218.509,215.29086,217.01219,7445670.0,216.37854,210.68901,209.8113,209.42636,208.42966,-0.038781635,0.0016092104,-0.0017213678,0.0051641036,-0.009639688,12.0,914.0,217.76059,221.15335,217.1868,218.7335,14895010.0,216.73778,211.47899,210.28279,209.79857,208.9893,-0.032656293,0.0017213188,0.0044678235,0.015580221,-0.0026349511,12.0,915.0,220.0557,221.40283,218.65868,219.43202,19835876.0,217.84042,212.52176,211.01498,210.24562,209.67783,0.004913529,0.010539579,-0.002834146,0.0061217826,-0.006348459,12.0,916.0,217.58597,220.0557,217.13693,220.0557,6025196.0,217.96516,213.45477,211.55133,210.70564,210.13103,-0.035514772,-0.011223189,0.011350566,0.011350566,-0.0020637328,12.0,917.0,214.59235,217.96016,214.06845,216.66293,9102700.0,217.4762,214.18654,211.87564,211.004,210.44618,-0.084519,-0.013758341,0.009648904,0.015694024,-0.0024413352,12.0
914.0,217.76059,221.15335,217.1868,218.7335,14895010.0,216.73778,211.47899,210.28279,209.79857,208.9893,-0.032656293,0.0017213188,0.0044678235,0.015580221,-0.0026349511,12.0,915.0,220.0557,221.40283,218.65868,219.43202,19835876.0,217.84042,212.52176,211.01498,210.24562,209.67783,0.004913529,0.010539579,-0.002834146,0.0061217826,-0.006348459,12.0,916.0,217.58597,220.0557,217.13693,220.0557,6025196.0,217.96516,213.45477,211.55133,210.70564,210.13103,-0.035514772,-0.011223189,0.011350566,0.011350566,-0.0020637328,12.0,917.0,214.59235,217.96016,214.06845,216.66293,9102700.0,217.4762,214.18654,211.87564,211.004,210.44618,-0.084519,-0.013758341,0.009648904,0.015694024,-0.0024413352,12.0,918.0,214.01857,215.16612,211.07483,214.49255,8893070.0,216.80263,214.91,212.2174,211.20956,210.65575,-0.093911454,-0.0026737964,0.0022146676,0.0053619016,-0.013754574,12.0
915.0,220.0557,221.40283,218.65868,219.43202,19835876.0,217.84042,212.52176,211.01498,210.24562,209.67783,0.004913529,0.010539579,-0.002834146,0.0061217826,-0.006348459,12.0,916.0,217.58597,220.0557,217.13693,220.0557,6025196.0,217.96516,213.45477,211.55133,210.70564,210.13103,-0.035514772,-0.011223189,0.011350566,0.011350566,-0.0020637328,12.0,917.0,214.59235,217.96016,214.06845,216.66293,9102700.0,217.4762,214.18654,211.87564,211.004,210.44618,-0.084519,-0.013758341,0.009648904,0.015694024,-0.0024413352,12.0,918.0,214.01857,215.16612,211.07483,214.49255,8893070.0,216.80263,214.91,212.2174,211.20956,210.65575,-0.093911454,-0.0026737964,0.0022146676,0.0053619016,-0.013754574,12.0,919.0,208.80469,212.92091,207.8567,211.74841,19818260.0,215.01146,215.24596,212.3621,211.22852,210.66739,-0.17926033,-0.024361823,0.014097954,0.019713262,-0.0045400094,12.0
916.0,217.58597,220.0557,217.13693,220.0557,6025196.0,217.96516,213.45477,211.55133,210.70564,210.13103,-0.035514772,-0.011223189,0.011350566,0.011350566,-0.0020637328,12.0,917.0,214.59235,217.96016,214.06845,216.66293,9102700.0,217.4762,214.18654,211.87564,211.004,210.44618,-0.084519,-0.013758341,0.009648904,0.015694024,-0.0024413352,12.0,918.0,214.01857,215.16612,211.07483,214.49255,8893070.0,216.80263,214.91,212.2174,211.20956,210.65575,-0.093911454,-0.0026737964,0.0022146676,0.0053619016,-0.013754574,12.0,919.0,208.80469,212.92091,207.8567,211.74841,19818260.0,215.01146,215.24596,212.3621,211.22852,210.66739,-0.17926033,-0.024361823,0.014097954,0.019713262,-0.0045400094,12.0,920.0,206.60938,209.42836,205.5616,208.80469,9301132.0,212.32219,215.17111,212.47186,211.27641,210.5917,-0.2151966,-0.010513713,0.010625438,0.013644032,-0.0050712535,12.0
917.0,214.59235,217.96016,214.06845,216.66293,9102700.0,217.4762,214.18654,211.87564,211.004,210.44618,-0.084519,-0.013758341,0.009648904,0.015694024,-0.0024413352,12.0,918.0,214.01857,215.16612,211.07483,214.49255,8893070.0,216.80263,214.91,212.2174,211.20956,210.65575,-0.093911454,-0.0026737964,0.0022146676,0.0053619016,-0.013754574,12.0,919.0,208.80469,212.92091,207.8567,211.74841,19818260.0,215.01146,215.24596,212.3621,211.22852,210.66739,-0.17926033,-0.024361823,0.014097954,0.019713262,-0.0045400094,12.0,920.0,206.60938,209.42836,205.5616,208.80469,9301132.0,212.32219,215.17111,212.47186,211.27641,210.5917,-0.2151966,-0.010513713,0.010625438,0.013644032,-0.0050712535,12.0,921.0,206.01065,207.9565,205.41194,207.9565,6480566.0,210.00713,214.46596,212.59286,211.2425,210.58922,-0.22499745,-0.0028978568,0.009445372,0.009445372,-0.0029062284,12.0
918.0,214.01857,215.16612,211.07483,214.49255,8893070.0,216.80263,214.91,212.2174,211.20956,210.65575,-0.093911454,-0.0026737964,0.0022146676,0.0053619016,-0.013754574,12.0,919.0,208.80469,212.92091,207.8567,211.74841,19818260.0,215.01146,215.24596,212.3621,211.22852,210.66739,-0.17926033,-0.024361823,0.014097954,0.019713262,-0.0045400094,12.0,920.0,206.60938,209.42836,205.5616,208.80469,9301132.0,212.32219,215.17111,212.47186,211.27641,210.5917,-0.2151966,-0.010513713,0.010625438,0.013644032,-0.0050712535,12.0,921.0,206.01065,207.9565,205.41194,207.9565,6480566.0,210.00713,214.46596,212.59286,211.2425,210.58922,-0.22499745,-0.0028978568,0.009445372,0.009445372,-0.0029062284,12.0,922.0,207.38272,207.83176,204.71341,205.68634,7773994.0,208.5652,213.9271,212.7812,211.21355,210.59753,-0.20253728,0.0066601913,-0.008179945,0.0021652686,-0.012871421,12.0
919.0,208.80469,212.92091,207.8567,211.74841,19818260.0,215.01146,215.24596,212.3621,211.22852,210.66739,-0.17926033,-0.024361823,0.014097954,0.019713262,-0.0045400094,12.0,920.0,206.60938,209.42836,205.5616,208.80469,9301132.0,212.32219,215.17111,212.47186,211.27641,210.5917,-0.2151966,-0.010513713,0.010625438,0.013644032,-0.0050712535,12.0,921.0,206.01065,207.9565,205.41194,207.9565,6480566.0,210.00713,214.46596,212.59286,211.2425,210.58922,-0.22499745,-0.0028978568,0.009445372,0.009445372,-0.0029062284,12.0,922.0,207.38272,207.83176,204.71341,205.68634,7773994.0,208.5652,213.9271,212.7812,211.21355,210.59753,-0.20253728,0.0066601913,-0.008179945,0.0021652686,-0.012871421,12.0,923.0,202.24368,207.80681,201.57011,207.80681,16876116.0,206.21022,213.13046,212.73506,211.01598,210.37634,-0.286661,-0.024780454,0.027507078,0.027507078,-0.00333047,12.0
920.0,206.60938,209.42836,205.5616,208.80469,9301132.0,212.32219,215.17111,212.47186,211.27641,210.5917,-0.2151966,-0.010513713,0.010625438,0.013644032,-0.0050712535,12.0,921.0,206.01065,207.9565,205.41194,207.9565,6480566.0,210.00713,214.46596,212.59286,211.2425,210.58922,-0.22499745,-0.0028978568,0.009445372,0.009445372,-0.0029062284,12.0,922.0,207.38272,207.83176,204.71341,205.68634,7773994.0,208.5652,213.9271,212.7812,211.21355,210.59753,-0.20253728,0.0066601913,-0.008179945,0.0021652686,-0.012871421,12.0,923.0,202.24368,207.80681,201.57011,207.80681,16876116.0,206.21022,213.13046,212.73506,211.01598,210.37634,-0.286661,-0.024780454,0.027507078,0.027507078,-0.00333047,12.0,924.0,202.59293,204.18953,200.32277,202.06905,12780272.0,204.96786,212.23903,212.67644,210.88326,210.18507,-0.28094405,0.0017268434,-0.0025858583,0.007880833,-0.011205487,12.0
921.0,206.01065,207.9565,205.41194,207.9565,6480566.0,210.00713,214.46596,212.59286,211.2425,210.58922,-0.22499745,-0.0028978568,0.009445372,0.009445372,-0.0029062284,12.0,922.0,207.38272,207.83176,204.71341,205.68634,7773994.0,208.5652,213.9271,212.7812,211.21355,210.59753,-0.20253728,0.0066601913,-0.008179945,0.0021652686,-0.012871421,12.0,923.0,202.24368,207.80681,201.57011,207.80681,16876116.0,206.21022,213.13046,212.73506,211.01598,210.37634,-0.286661,-0.024780454,0.027507078,0.027507078,-0.00333047,12.0,924.0,202.59293,204.18953,200.32277,202.06905,12780272.0,204.96786,212.23903,212.67644,210.88326,210.18507,-0.28094405,0.0017268434,-0.0025858583,0.007880833,-0.011205487,12.0,925.0,202.29358,203.61575,201.37054,202.79251,5728104.0,204.1047,211.42244,212.40451,210.79843,210.08113,-0.2858442,-0.0014775783,0.0024663953,0.0065359324,-0.0045628464,12.0
922.0,207.38272,207.83176,204.71341,205.68634,7773994.0,208.5652,213.9271,212.7812,211.21355,210.59753,-0.20253728,0.0066601913,-0.008179945,0.0021652686,-0.012871421,12.0,923.0,202.24368,207.80681,201.57011,207.80681,16876116.0,206.21022,213.13046,212.73506,211.01598,210.37634,-0.286661,-0.024780454,0.027507078,0.027507078,-0.00333047,12.0,924.0,202.59293,204.18953,200.32277,202.06905,12780272.0,204.96786,212.23903,212.67644,210.88326,210.18507,-0.28094405,0.0017268434,-0.0025858583,0.007880833,-0.011205487,12.0,925.0,202.29358,203.61575,201.37054,202.79251,5728104.0,204.1047,211.42244,212.40451,210.79843,210.08113,-0.2858442,-0.0014775783,0.0024663953,0.0065359324,-0.0045628464,12.0,926.0,202.01917,202.2936,199.89868,200.92151,6905870.0,203.30641,210.42624,211.67607,210.73557,209.91982,-0.29033625,-0.0013565139,-0.005433395,0.0013584053,-0.010496419,12.0
923.0,202.24368,207.80681,201.57011,207.80681,16876116.0,206.21022,213.13046,212.73506,211.01598,210.37634,-0.286661,-0.024780454,0.027507078,0.027507078,-0.00333047,12.0,924.0,202.59293,204.18953,200.32277,202.06905,12780272.0,204.96786,212.23903,212.67644,210.88326,210.18507,-0.28094405,0.0017268434,-0.0025858583,0.007880833,-0.011205487,12.0,925.0,202.29358,203.61575,201.37054,202.79251,5728104.0,204.1047,211.42244,212.40451,210.79843,210.08113,-0.2858442,-0.0014775783,0.0024663953,0.0065359324,-0.0045628464,12.0,926.0,202.01917,202.2936,199.89868,200.92151,6905870.0,203.30641,210.42624,211.67607,210.73557,209.91982,-0.29033625,-0.0013565139,-0.005433395,0.0013584053,-0.010496419,12.0,927.0,202.96713,204.7633,202.06906,203.54092,8125304.0,202.4233,209.48824,211.05115,210.70963,209.7485,-0.27481845,0.004692463,0.0028270022,0.008849572,-0.004424749,12.0
924.0,202.59293,204.18953,200.32277,202.06905,12780272.0,204.96786,212.23903,212.67644,210.88326,210.18507,-0.28094405,0.0017268434,-0.0025858583,0.007880833,-0.011205487,12.0,925.0,202.29358,203.61575,201.37054,202.79251,5728104.0,204.1047,211.42244,212.40451,210.79843,210.08113,-0.2858442,-0.0014775783,0.0024663953,0.0065359324,-0.0045628464,12.0,926.0,202.01917,202.2936,199.89868,200.92151,6905870.0,203.30641,210.42624,211.67607,210.73557,209.91982,-0.29033625,-0.0013565139,-0.005433395,0.0013584053,-0.010496419,12.0,927.0,202.96713,204.7633,202.06906,203.54092,8125304.0,202.4233,209.48824,211.05115,210.70963,209.7485,-0.27481845,0.004692463,0.0028270022,0.008849572,-0.004424749,12.0,928.0,203.49103,204.46394,203.04199,203.56587,6365004.0,202.67276,208.56187,210.51604,210.7226,209.62544,-0.26624253,0.0025811829,0.0003677673,0.0047811246,-0.0022066787,12.0
925.0,202.29358,203.61575,201.37054,202.79251,5728104.0,204.1047,211.42244,212.40451,210.79843,210.08113,-0.2858442,-0.0014775783,0.0024663953,0.0065359324,-0.0045628464,12.0,926.0,202.01917,202.2936,199.89868,200.92151,6905870.0,203.30641,210.42624,211.67607,210.73557,209.91982,-0.29033625,-0.0013565139,-0.005433395,0.0013584053,-0.010496419,12.0,927.0,202.96713,204.7633,202.06906,203.54092,8125304.0,202.4233,209.48824,211.05115,210.70963,209.7485,-0.27481845,0.004692463,0.0028270022,0.008849572,-0.004424749,12.0,928.0,203.49103,204.46394,203.04199,203.56587,6365004.0,202.67276,208.56187,210.51604,210.7226,209.62544,-0.26624253,0.0025811829,0.0003677673,0.0047811246,-0.0022066787,12.0,929.0,202.36842,205.06267,201.27075,201.66992,6030450.0,202.62787,207.53574,209.83624,210.66672,209.50735,-0.28461903,-0.0055167265,-0.0034516614,0.013313594,-0.005424093,12.0
926.0,202.01917,202.2936,199.89868,200.92151,6905870.0,203.30641,210.42624,211.67607,210.73557,209.91982,-0.29033625,-0.0013565139,-0.005433395,0.0013584053,-0.010496419,12.0,927.0,202.96713,204.7633,202.06906,203.54092,8125304.0,202.4233,209.48824,211.05115,210.70963,209.7485,-0.27481845,0.004692463,0.0028270022,0.008849572,-0.004424749,12.0,928.0,203.49103,204.46394,203.04199,203.56587,6365004.0,202.67276,208.56187,210.51604,210.7226,209.62544,-0.26624253,0.0025811829,0.0003677673,0.0047811246,-0.0022066787,12.0,929.0,202.36842,205.06267,201.27075,201.66992,6030450.0,202.62787,207.53574,209.83624,210.66672,209.50735,-0.28461903,-0.0055167265,-0.0034516614,0.013313594,-0.005424093,12.0,930.0,203.44113,203.94006,202.66779,202.76756,5128014.0,202.85738,206.42809,209.28117,210.49509,209.47493,-0.2670593,0.005300768,-0.0033108671,0.0024524832,-0.0038013188,12.0
927.0,202.96713,204.7633,202.06906,203.54092,8125304.0,202.4233,209.48824,211.05115,210.70963,209.7485,-0.27481845,0.004692463,0.0028270022,0.008849572,-0.004424749,12.0,928.0,203.49103,204.46394,203.04199,203.56587,6365004.0,202.67276,208.56187,210.51604,210.7226,209.62544,-0.26624253,0.0025811829,0.0003677673,0.0047811246,-0.0022066787,12.0,929.0,202.36842,205.06267,201.27075,201.66992,6030450.0,202.62787,207.53574,209.83624,210.66672,209.50735,-0.28461903,-0.0055167265,-0.0034516614,0.013313594,-0.005424093,12.0,930.0,203.44113,203.94006,202.66779,202.76756,5128014.0,202.85738,206.42809,209.28117,210.49509,209.47493,-0.2670593,0.005300768,-0.0033108671,0.0024524832,-0.0038013188,12.0,931.0,210.12686,211.5239,204.06479,204.06479,19092228.0,204.47891,205.93082,208.9394,210.23663,209.6928,-0.15761694,0.03286322,-0.028849564,0.006648506,-0.028849564,12.0
928.0,203.49103,204.46394,203.04199,203.56587,6365004.0,202.67276,208.56187,210.51604,210.7226,209.62544,-0.26624253,0.0025811829,0.0003677673,0.0047811246,-0.0022066787,12.0,929.0,202.36842,205.06267,201.27075,201.66992,6030450.0,202.62787,207.53574,209.83624,210.66672,209.50735,-0.28461903,-0.0055167265,-0.0034516614,0.013313594,-0.005424093,12.0,930.0,203.44113,203.94006,202.66779,202.76756,5128014.0,202.85738,206.42809,209.28117,210.49509,209.47493,-0.2670593,0.005300768,-0.0033108671,0.0024524832,-0.0038013188,12.0,931.0,210.12686,211.5239,204.06479,204.06479,19092228.0,204.47891,205.93082,208.9394,210.23663,209.6928,-0.15761694,0.03286322,-0.028849564,0.006648506,-0.028849564,12.0,932.0,208.10619,210.50107,206.90874,210.42624,10234398.0,205.50673,205.49841,208.49286,209.94226,209.84248,-0.19069448,-0.009616456,0.011148391,0.011508002,-0.005754001,12.0
929.0,202.36842,205.06267,201.27075,201.66992,6030450.0,202.62787,207.53574,209.83624,210.66672,209.50735,-0.28461903,-0.0055167265,-0.0034516614,0.013313594,-0.005424093,12.0,930.0,203.44113,203.94006,202.66779,202.76756,5128014.0,202.85738,206.42809,209.28117,210.49509,209.47493,-0.2670593,0.005300768,-0.0033108671,0.0024524832,-0.0038013188,12.0,931.0,210.12686,211.5239,204.06479,204.06479,19092228.0,204.47891,205.93082,208.9394,210.23663,209.6928,-0.15761694,0.03286322,-0.028849564,0.006648506,-0.028849564,12.0,932.0,208.10619,210.50107,206.90874,210.42624,10234398.0,205.50673,205.49841,208.49286,209.94226,209.84248,-0.19069448,-0.009616456,0.011148391,0.011508002,-0.005754001,12.0,933.0,205.08762,206.75905,204.08974,205.51172,10914054.0,205.82605,204.90302,207.87791,209.57805,209.90651,-0.2401071,-0.0145049505,0.0020678898,0.008149875,-0.004865588,12.0
930.0,203.44113,203.94006,202.66779,202.76756,5128014.0,202.85738,206.42809,209.28117,210.49509,209.47493,-0.2670593,0.005300768,-0.0033108671,0.0024524832,-0.0038013188,12.0,931.0,210.12686,211.5239,204.06479,204.06479,19092228.0,204.47891,205.93082,208.9394,210.23663,209.6928,-0.15761694,0.03286322,-0.028849564,0.006648506,-0.028849564,12.0,932.0,208.10619,210.50107,206.90874,210.42624,10234398.0,205.50673,205.49841,208.49286,209.94226,209.84248,-0.19069448,-0.009616456,0.011148391,0.011508002,-0.005754001,12.0,933.0,205.08762,206.75905,204.08974,205.51172,10914054.0,205.82605,204.90302,207.87791,209.57805,209.90651,-0.2401071,-0.0145049505,0.0020678898,0.008149875,-0.004865588,12.0,934.0,204.66353,205.5117,203.6407,205.06267,5277652.0,206.28506,204.62694,207.22307,209.126,209.93645,-0.24704923,-0.0020678358,0.0019502384,0.004144275,-0.004997607,12.0
931.0,210.12686,211.5239,204.06479,204.06479,19092228.0,204.47891,205.93082,208.9394,210.23663,209.6928,-0.15761694,0.03286322,-0.028849564,0.006648506,-0.028849564,12.0,932.0,208.10619,210.50107,206.90874,210.42624,10234398.0,205.50673,205.49841,208.49286,209.94226,209.84248,-0.19069448,-0.009616456,0.011148391,0.011508002,-0.005754001,12.0,933.0,205.08762,206.75905,204.08974,205.51172,10914054.0,205.82605,204.90302,207.87791,209.57805,209.90651,-0.2401071,-0.0145049505,0.0020678898,0.008149875,-0.004865588,12.0,934.0,204.66353,205.5117,203.6407,205.06267,5277652.0,206.28506,204.62694,207.22307,209.126,209.93645,-0.24704923,-0.0020678358,0.0019502384,0.004144275,-0.004997607,12.0,935.0,205.26224,206.48463,205.0876,205.41193,5979388.0,206.64929,204.53712,206.4834,208.75479,209.85413,-0.23724863,0.0029253336,0.00072926184,0.0059553045,-0.00085076835,12.0
932.0,208.10619,210.50107,206.90874,210.42624,10234398.0,205.50673,205.49841,208.49286,209.94226,209.84248,-0.19069448,-0.009616456,0.011148391,0.011508002,-0.005754001,12.0,933.0,205.08762,206.75905,204.08974,205.51172,10914054.0,205.82605,204.90302,207.87791,209.57805,209.90651,-0.2401071,-0.0145049505,0.0020678898,0.008149875,-0.004865588,12.0,934.0,204.66353,205.5117,203.6407,205.06267,5277652.0,206.28506,204.62694,207.22307,209.126,209.93645,-0.24704923,-0.0020678358,0.0019502384,0.004144275,-0.004997607,12.0,935.0,205.26224,206.48463,205.0876,205.41193,5979388.0,206.64929,204.53712,206.4834,208.75479,209.85413,-0.23724863,0.0029253336,0.00072926184,0.0059553045,-0.00085076835,12.0,936.0,203.29146,206.38486,203.06693,204.0648,4881066.0,205.28221,204.35585,205.76866,208.20796,209.4109,-0.26950938,-0.009601276,0.0038041177,0.015216545,-0.0011044599,12.0
933.0,205.08762,206.75905,204.08974,205.51172,10914054.0,205.82605,204.90302,207.87791,209.57805,209.90651,-0.2401071,-0.0145049505,0.0020678898,0.008149875,-0.004865588,12.0,934.0,204.66353,205.5117,203.6407,205.06267,5277652.0,206.28506,204.62694,207.22307,209.126,209.93645,-0.24704923,-0.0020678358,0.0019502384,0.004144275,-0.004997607,12.0,935.0,205.26224,206.48463,205.0876,205.41193,5979388.0,206.64929,204.53712,206.4834,208.75479,209.85413,-0.23724863,0.0029253336,0.00072926184,0.0059553045,-0.00085076835,12.0,936.0,203.29146,206.38486,203.06693,204.0648,4881066.0,205.28221,204.35585,205.76866,208.20796,209.4109,-0.26950938,-0.009601276,0.0038041177,0.015216545,-0.0011044599,12.0,937.0,197.22937,197.95284,194.63492,195.55795,25629102.0,203.10684,203.67896,204.90051,207.41565,208.80302,-0.368743,-0.02981969,-0.008474515,0.003668131,-0.013154521,12.0
934.0,204.66353,205.5117,203.6407,205.06267,5277652.0,206.28506,204.62694,207.22307,209.126,209.93645,-0.24704923,-0.0020678358,0.0019502384,0.004144275,-0.004997607,12.0,935.0,205.26224,206.48463,205.0876,205.41193,5979388.0,206.64929,204.53712,206.4834,208.75479,209.85413,-0.23724863,0.0029253336,0.00072926184,0.0059553045,-0.00085076835,12.0,936.0,203.29146,206.38486,203.06693,204.0648,4881066.0,205.28221,204.35585,205.76866,208.20796,209.4109,-0.26950938,-0.009601276,0.0038041177,0.015216545,-0.0011044599,12.0,937.0,197.22937,197.95284,194.63492,195.55795,25629102.0,203.10684,203.67896,204.90051,207.41565,208.80302,-0.368743,-0.02981969,-0.008474515,0.003668131,-0.013154521,12.0,938.0,195.50806,197.60358,195.08395,197.10464,8429336.0,201.19093,203.22992,203.97499,206.54051,208.18019,-0.3969201,-0.00872747,0.008166343,0.01071834,-0.002169213,12.0
935.0,205.26224,206.48463,205.0876,205.41193,5979388.0,206.64929,204.53712,206.4834,208.75479,209.85413,-0.23724863,0.0029253336,0.00072926184,0.0059553045,-0.00085076835,12.0,936.0,203.29146,206.38486,203.06693,204.0648,4881066.0,205.28221,204.35585,205.76866,208.20796,209.4109,-0.26950938,-0.009601276,0.0038041177,0.015216545,-0.0011044599,12.0,937.0,197.22937,197.95284,194.63492,195.55795,25629102.0,203.10684,203.67896,204.90051,207.41565,208.80302,-0.368743,-0.02981969,-0.008474515,0.003668131,-0.013154521,12.0,938.0,195.50806,197.60358,195.08395,197.10464,8429336.0,201.19093,203.22992,203.97499,206.54051,208.18019,-0.3969201,-0.00872747,0.008166343,0.01071834,-0.002169213,12.0,939.0,191.1673,196.08182,190.69331,195.00911,8837826.0,198.49168,202.4682,203.09312,205.47679,207.35362,-0.4679764,-0.022202456,0.0200966,0.025707964,-0.0024793989,12.0
936.0,203.29146,206.38486,203.06693,204.0648,4881066.0,205.28221,204.35585,205.76866,208.20796,209.4109,-0.26950938,-0.009601276,0.0038041177,0.015216545,-0.0011044599,12.0,937.0,197.22937,197.95284,194.63492,195.55795,25629102.0,203.10684,203.67896,204.90051,207.41565,208.80302,-0.368743,-0.02981969,-0.008474515,0.003668131,-0.013154521,12.0,938.0,195.50806,197.60358,195.08395,197.10464,8429336.0,201.19093,203.22992,203.97499,206.54051,208.18019,-0.3969201,-0.00872747,0.008166343,0.01071834,-0.002169213,12.0,939.0,191.1673,196.08182,190.69331,195.00911,8837826.0,198.49168,202.4682,203.09312,205.47679,207.35362,-0.4679764,-0.022202456,0.0200966,0.025707964,-0.0024793989,12.0,940.0,190.51869,193.43747,190.14449,191.79097,6678294.0,195.54297,201.68321,202.28859,204.2953,206.55283,-0.47859377,-0.0033928677,0.006677983,0.015320168,-0.001964122,12.0
937.0,197.22937,197.95284,194.63492,195.55795,25629102.0,203.10684,203.67896,204.90051,207.41565,208.80302,-0.368743,-0.02981969,-0.008474515,0.003668131,-0.013154521,12.0,938.0,195.50806,197.60358,195.08395,197.10464,8429336.0,201.19093,203.22992,203.97499,206.54051,208.18019,-0.3969201,-0.00872747,0.008166343,0.01071834,-0.002169213,12.0,939.0,191.1673,196.08182,190.69331,195.00911,8837826.0,198.49168,202.4682,203.09312,205.47679,207.35362,-0.4679764,-0.022202456,0.0200966,0.025707964,-0.0024793989,12.0,940.0,190.51869,193.43747,190.14449,191.79097,6678294.0,195.54297,201.68321,202.28859,204.2953,206.55283,-0.47859377,-0.0033928677,0.006677983,0.015320168,-0.001964122,12.0,941.0,188.72252,189.87007,187.12592,188.99693,10995582.0,192.62918,200.79677,201.42418,203.14076,205.6115,-0.50799626,-0.009427805,0.0014540325,0.0060806023,-0.008460046,12.0
938.0,195.50806,197.60358,195.08395,197.10464,8429336.0,201.19093,203.22992,203.97499,206.54051,208.18019,-0.3969201,-0.00872747,0.008166343,0.01071834,-0.002169213,12.0,939.0,191.1673,196.08182,190.69331,195.00911,8837826.0,198.49168,202.4682,203.09312,205.47679,207.35362,-0.4679764,-0.022202456,0.0200966,0.025707964,-0.0024793989,12.0,940.0,190.51869,193.43747,190.14449,191.79097,6678294.0,195.54297,201.68321,202.28859,204.2953,206.55283,-0.47859377,-0.0033928677,0.006677983,0.015320168,-0.001964122,12.0,941.0,188.72252,189.87007,187.12592,188.99693,10995582.0,192.62918,200.79677,201.42418,203.14076,205.6115,-0.50799626,-0.009427805,0.0014540325,0.0060806023,-0.008460046,12.0,942.0,190.76816,191.76604,189.12166,189.12166,6202812.0,191.33694,199.9835,200.59344,202.1878,204.73587,-0.4745101,0.010839401,-0.008630883,0.0052308096,-0.008630883,12.0
939.0,191.1673,196.08182,190.69331,195.00911,8837826.0,198.49168,202.4682,203.09312,205.47679,207.35362,-0.4679764,-0.022202456,0.0200966,0.025707964,-0.0024793989,12.0,940.0,190.51869,193.43747,190.14449,191.79097,6678294.0,195.54297,201.68321,202.28859,204.2953,206.55283,-0.47859377,-0.0033928677,0.006677983,0.015320168,-0.001964122,12.0,941.0,188.72252,189.87007,187.12592,188.99693,10995582.0,192.62918,200.79677,201.42418,203.14076,205.6115,-0.50799626,-0.009427805,0.0014540325,0.0060806023,-0.008460046,12.0,942.0,190.76816,191.76604,189.12166,189.12166,6202812.0,191.33694,199.9835,200.59344,202.1878,204.73587,-0.4745101,0.010839401,-0.008630883,0.0052308096,-0.008630883,12.0,943.0,190.59352,191.76602,189.79523,191.5914,4688744.0,190.35403,199.12367,200.01094,201.2508,203.84277,-0.47736883,-0.0009154402,0.005235602,0.0061518485,-0.0041884976,12.0
940.0,190.51869,193.43747,190.14449,191.79097,6678294.0,195.54297,201.68321,202.28859,204.2953,206.55283,-0.47859377,-0.0033928677,0.006677983,0.015320168,-0.001964122,12.0,941.0,188.72252,189.87007,187.12592,188.99693,10995582.0,192.62918,200.79677,201.42418,203.14076,205.6115,-0.50799626,-0.009427805,0.0014540325,0.0060806023,-0.008460046,12.0,942.0,190.76816,191.76604,189.12166,189.12166,6202812.0,191.33694,199.9835,200.59344,202.1878,204.73587,-0.4745101,0.010839401,-0.008630883,0.0052308096,-0.008630883,12.0,943.0,190.59352,191.76602,189.79523,191.5914,4688744.0,190.35403,199.12367,200.01094,201.2508,203.84277,-0.47736883,-0.0009154402,0.005235602,0.0061518485,-0.0041884976,12.0,944.0,190.49373,191.6413,189.17155,191.19225,6153536.0,190.21933,198.33203,199.40599,200.51836,202.93388,-0.4790024,-0.000523588,0.0036669055,0.0060241446,-0.006940791,12.0
941.0,188.72252,189.87007,187.12592,188.99693,10995582.0,192.62918,200.79677,201.42418,203.14076,205.6115,-0.50799626,-0.009427805,0.0014540325,0.0060806023,-0.008460046,12.0,942.0,190.76816,191.76604,189.12166,189.12166,6202812.0,191.33694,199.9835,200.59344,202.1878,204.73587,-0.4745101,0.010839401,-0.008630883,0.0052308096,-0.008630883,12.0,943.0,190.59352,191.76602,189.79523,191.5914,4688744.0,190.35403,199.12367,200.01094,201.2508,203.84277,-0.47736883,-0.0009154402,0.005235602,0.0061518485,-0.0041884976,12.0,944.0,190.49373,191.6413,189.17155,191.19225,6153536.0,190.21933,198.33203,199.40599,200.51836,202.93388,-0.4790024,-0.000523588,0.0036669055,0.0060241446,-0.006940791,12.0,945.0,190.06966,192.36475,189.6705,191.51657,4241952.0,190.12952,197.4406,198.79478,199.85677,201.93434,-0.48594427,-0.0022261743,0.0076125315,0.012075011,-0.0021000612,12.0
942.0,190.76816,191.76604,189.12166,189.12166,6202812.0,191.33694,199.9835,200.59344,202.1878,204.73587,-0.4745101,0.010839401,-0.008630883,0.0052308096,-0.008630883,12.0,943.0,190.59352,191.76602,189.79523,191.5914,4688744.0,190.35403,199.12367,200.01094,201.2508,203.84277,-0.47736883,-0.0009154402,0.005235602,0.0061518485,-0.0041884976,12.0,944.0,190.49373,191.6413,189.17155,191.19225,6153536.0,190.21933,198.33203,199.40599,200.51836,202.93388,-0.4790024,-0.000523588,0.0036669055,0.0060241446,-0.006940791,12.0,945.0,190.06966,192.36475,189.6705,191.51657,4241952.0,190.12952,197.4406,198.79478,199.85677,201.93434,-0.48594427,-0.0022261743,0.0076125315,0.012075011,-0.0021000612,12.0,946.0,191.41676,192.16516,190.64342,191.49161,4742730.0,190.66837,196.19325,198.26466,199.27301,201.06204,-0.46389273,0.0070874384,0.00039096546,0.0039098137,-0.004040109,12.0
943.0,190.59352,191.76602,189.79523,191.5914,4688744.0,190.35403,199.12367,200.01094,201.2508,203.84277,-0.47736883,-0.0009154402,0.005235602,0.0061518485,-0.0041884976,12.0,944.0,190.49373,191.6413,189.17155,191.19225,6153536.0,190.21933,198.33203,199.40599,200.51836,202.93388,-0.4790024,-0.000523588,0.0036669055,0.0060241446,-0.006940791,12.0,945.0,190.06966,192.36475,189.6705,191.51657,4241952.0,190.12952,197.4406,198.79478,199.85677,201.93434,-0.48594427,-0.0022261743,0.0076125315,0.012075011,-0.0021000612,12.0,946.0,191.41676,192.16516,190.64342,191.49161,4742730.0,190.66837,196.19325,198.26466,199.27301,201.06204,-0.46389273,0.0070874384,0.00039096546,0.0039098137,-0.004040109,12.0,947.0,191.36687,192.93852,190.91783,192.58926,5291528.0,190.7881,195.0773,197.68466,198.63239,200.28786,-0.46470952,-0.00026066808,0.006387726,0.008212813,-0.002346484,12.0
944.0,190.49373,191.6413,189.17155,191.19225,6153536.0,190.21933,198.33203,199.40599,200.51836,202.93388,-0.4790024,-0.000523588,0.0036669055,0.0060241446,-0.006940791,12.0,945.0,190.06966,192.36475,189.6705,191.51657,4241952.0,190.12952,197.4406,198.79478,199.85677,201.93434,-0.48594427,-0.0022261743,0.0076125315,0.012075011,-0.0021000612,12.0,946.0,191.41676,192.16516,190.64342,191.49161,4742730.0,190.66837,196.19325,198.26466,199.27301,201.06204,-0.46389273,0.0070874384,0.00039096546,0.0039098137,-0.004040109,12.0,947.0,191.36687,192.93852,190.91783,192.58926,5291528.0,190.7881,195.0773,197.68466,198.63239,200.28786,-0.46470952,-0.00026066808,0.006387726,0.008212813,-0.002346484,12.0,948.0,191.91571,192.8138,191.09247,192.58928,4939936.0,191.05255,194.19917,197.1059,198.21927,199.55109,-0.4557252,0.0028680167,0.0035097,0.0046796263,-0.004289598,12.0
945.0,190.06966,192.36475,189.6705,191.51657,4241952.0,190.12952,197.4406,198.79478,199.85677,201.93434,-0.48594427,-0.0022261743,0.0076125315,0.012075011,-0.0021000612,12.0,946.0,191.41676,192.16516,190.64342,191.49161,4742730.0,190.66837,196.19325,198.26466,199.27301,201.06204,-0.46389273,0.0070874384,0.00039096546,0.0039098137,-0.004040109,12.0,947.0,191.36687,192.93852,190.91783,192.58926,5291528.0,190.7881,195.0773,197.68466,198.63239,200.28786,-0.46470952,-0.00026066808,0.006387726,0.008212813,-0.002346484,12.0,948.0,191.91571,192.8138,191.09247,192.58928,4939936.0,191.05255,194.19917,197.1059,198.21927,199.55109,-0.4557252,0.0028680167,0.0035097,0.0046796263,-0.004289598,12.0,949.0,191.24214,193.08821,191.01762,192.04044,5692178.0,191.20222,193.30441,196.54958,197.76523,198.96567,-0.46675122,-0.0035097112,0.004174292,0.009653046,-0.0011739674,12.0
946.0,191.41676,192.16516,190.64342,191.49161,4742730.0,190.66837,196.19325,198.26466,199.27301,201.06204,-0.46389273,0.0070874384,0.00039096546,0.0039098137,-0.004040109,12.0,947.0,191.36687,192.93852,190.91783,192.58926,5291528.0,190.7881,195.0773,197.68466,198.63239,200.28786,-0.46470952,-0.00026066808,0.006387726,0.008212813,-0.002346484,12.0,948.0,191.91571,192.8138,191.09247,192.58928,4939936.0,191.05255,194.19917,197.1059,198.21927,199.55109,-0.4557252,0.0028680167,0.0035097,0.0046796263,-0.004289598,12.0,949.0,191.24214,193.08821,191.01762,192.04044,5692178.0,191.20222,193.30441,196.54958,197.76523,198.96567,-0.46675122,-0.0035097112,0.004174292,0.009653046,-0.0011739674,12.0,950.0,190.69333,192.51443,190.34407,191.89078,7102052.0,191.32697,192.33315,195.91219,197.30122,198.43513,-0.47573504,-0.0028697278,0.0062794187,0.009549958,-0.0018315337,12.0
947.0,191.36687,192.93852,190.91783,192.58926,5291528.0,190.7881,195.0773,197.68466,198.63239,200.28786,-0.46470952,-0.00026066808,0.006387726,0.008212813,-0.002346484,12.0,948.0,191.91571,192.8138,191.09247,192.58928,4939936.0,191.05255,194.19917,197.1059,198.21927,199.55109,-0.4557252,0.0028680167,0.0035097,0.0046796263,-0.004289598,12.0,949.0,191.24214,193.08821,191.01762,192.04044,5692178.0,191.20222,193.30441,196.54958,197.76523,198.96567,-0.46675122,-0.0035097112,0.004174292,0.009653046,-0.0011739674,12.0,950.0,190.69333,192.51443,190.34407,191.89078,7102052.0,191.32697,192.33315,195.91219,197.30122,198.43513,-0.47573504,-0.0028697278,0.0062794187,0.009549958,-0.0018315337,12.0,951.0,190.01976,191.5914,189.44598,191.09247,9231126.0,191.04756,191.44836,194.90683,196.82124,197.90211,-0.48676103,-0.0035322092,0.005645251,0.008270957,-0.0030195455,12.0
948.0,191.91571,192.8138,191.09247,192.58928,4939936.0,191.05255,194.19917,197.1059,198.21927,199.55109,-0.4557252,0.0028680167,0.0035097,0.0046796263,-0.004289598,12.0,949.0,191.24214,193.08821,191.01762,192.04044,5692178.0,191.20222,193.30441,196.54958,197.76523,198.96567,-0.46675122,-0.0035097112,0.004174292,0.009653046,-0.0011739674,12.0,950.0,190.69333,192.51443,190.34407,191.89078,7102052.0,191.32697,192.33315,195.91219,197.30122,198.43513,-0.47573504,-0.0028697278,0.0062794187,0.009549958,-0.0018315337,12.0,951.0,190.01976,191.5914,189.44598,191.09247,9231126.0,191.04756,191.44836,194.90683,196.82124,197.90211,-0.48676103,-0.0035322092,0.005645251,0.008270957,-0.0030195455,12.0,952.0,189.2464,190.49374,188.09885,189.74533,10710700.0,190.62347,190.91617,193.96384,196.27242,197.29756,-0.4994206,-0.0040698987,0.0026364357,0.006591089,-0.0060637696,12.0
949.0,191.24214,193.08821,191.01762,192.04044,5692178.0,191.20222,193.30441,196.54958,197.76523,198.96567,-0.46675122,-0.0035097112,0.004174292,0.009653046,-0.0011739674,12.0,950.0,190.69333,192.51443,190.34407,191.89078,7102052.0,191.32697,192.33315,195.91219,197.30122,198.43513,-0.47573504,-0.0028697278,0.0062794187,0.009549958,-0.0018315337,12.0,951.0,190.01976,191.5914,189.44598,191.09247,9231126.0,191.04756,191.44836,194.90683,196.82124,197.90211,-0.48676103,-0.0035322092,0.005645251,0.008270957,-0.0030195455,12.0,952.0,189.2464,190.49374,188.09885,189.74533,10710700.0,190.62347,190.91617,193.96384,196.27242,197.29756,-0.4994206,-0.0040698987,0.0026364357,0.006591089,-0.0060637696,12.0,953.0,190.4189,191.04257,189.59566,190.8929,3585902.0,190.32411,190.57689,193.23041,195.74953,196.90341,-0.48022732,0.0061956295,0.0024892236,0.0032752522,-0.004323317,12.0
950.0,190.69333,192.51443,190.34407,191.89078,7102052.0,191.32697,192.33315,195.91219,197.30122,198.43513,-0.47573504,-0.0028697278,0.0062794187,0.009549958,-0.0018315337,12.0,951.0,190.01976,191.5914,189.44598,191.09247,9231126.0,191.04756,191.44836,194.90683,196.82124,197.90211,-0.48676103,-0.0035322092,0.005645251,0.008270957,-0.0030195455,12.0,952.0,189.2464,190.49374,188.09885,189.74533,10710700.0,190.62347,190.91617,193.96384,196.27242,197.29756,-0.4994206,-0.0040698987,0.0026364357,0.006591089,-0.0060637696,12.0,953.0,190.4189,191.04257,189.59566,190.8929,3585902.0,190.32411,190.57689,193.23041,195.74953,196.90341,-0.48022732,0.0061956295,0.0024892236,0.0032752522,-0.004323317,12.0,954.0,195.40826,195.70763,191.71614,192.36475,10792518.0,191.15733,190.85963,192.76764,195.47113,196.66391,-0.39855367,0.026202045,-0.015575146,0.0015319957,-0.018894406,12.0
951.0,190.01976,191.5914,189.44598,191.09247,9231126.0,191.04756,191.44836,194.90683,196.82124,197.90211,-0.48676103,-0.0035322092,0.005645251,0.008270957,-0.0030195455,12.0,952.0,189.2464,190.49374,188.09885,189.74533,10710700.0,190.62347,190.91617,193.96384,196.27242,197.29756,-0.4994206,-0.0040698987,0.0026364357,0.006591089,-0.0060637696,12.0,953.0,190.4189,191.04257,189.59566,190.8929,3585902.0,190.32411,190.57689,193.23041,195.74953,196.90341,-0.48022732,0.0061956295,0.0024892236,0.0032752522,-0.004323317,12.0,954.0,195.40826,195.70763,191.71614,192.36475,10792518.0,191.15733,190.85963,192.76764,195.47113,196.66391,-0.39855367,0.026202045,-0.015575146,0.0015319957,-0.018894406,12.0,955.0,198.12746,199.3249,194.23575,195.40825,13843576.0,192.64415,191.36688,192.4109,195.25858,196.52504,-0.35404176,0.013915443,-0.013724533,0.006043802,-0.019642454,12.0
952.0,189.2464,190.49374,188.09885,189.74533,10710700.0,190.62347,190.91617,193.96384,196.27242,197.29756,-0.4994206,-0.0040698987,0.0026364357,0.006591089,-0.0060637696,12.0,953.0,190.4189,191.04257,189.59566,190.8929,3585902.0,190.32411,190.57689,193.23041,195.74953,196.90341,-0.48022732,0.0061956295,0.0024892236,0.0032752522,-0.004323317,12.0,954.0,195.40826,195.70763,191.71614,192.36475,10792518.0,191.15733,190.85963,192.76764,195.47113,196.66391,-0.39855367,0.026202045,-0.015575146,0.0015319957,-0.018894406,12.0,955.0,198.12746,199.3249,194.23575,195.40825,13843576.0,192.64415,191.36688,192.4109,195.25858,196.52504,-0.35404176,0.013915443,-0.013724533,0.006043802,-0.019642454,12.0,956.0,197.27927,199.07544,196.83023,198.5765,7886928.0,194.09605,191.93733,192.11029,194.74467,196.36705,-0.36792624,-0.0042810338,0.006575635,0.009104719,-0.0022761605,12.0
953.0,190.4189,191.04257,189.59566,190.8929,3585902.0,190.32411,190.57689,193.23041,195.74953,196.90341,-0.48022732,0.0061956295,0.0024892236,0.0032752522,-0.004323317,12.0,954.0,195.40826,195.70763,191.71614,192.36475,10792518.0,191.15733,190.85963,192.76764,195.47113,196.66391,-0.39855367,0.026202045,-0.015575146,0.0015319957,-0.018894406,12.0,955.0,198.12746,199.3249,194.23575,195.40825,13843576.0,192.64415,191.36688,192.4109,195.25858,196.52504,-0.35404176,0.013915443,-0.013724533,0.006043802,-0.019642454,12.0,956.0,197.27927,199.07544,196.83023,198.5765,7886928.0,194.09605,191.93733,192.11029,194.74467,196.36705,-0.36792624,-0.0042810338,0.006575635,0.009104719,-0.0022761605,12.0,957.0,199.67416,200.1232,196.18161,196.18161,8610496.0,196.18161,192.53107,192.23253,194.4074,196.25728,-0.32872283,0.0121396305,-0.017491253,0.0022488602,-0.017491253,12.0
954.0,195.40826,195.70763,191.71614,192.36475,10792518.0,191.15733,190.85963,192.76764,195.47113,196.66391,-0.39855367,0.026202045,-0.015575146,0.0015319957,-0.018894406,12.0,955.0,198.12746,199.3249,194.23575,195.40825,13843576.0,192.64415,191.36688,192.4109,195.25858,196.52504,-0.35404176,0.013915443,-0.013724533,0.006043802,-0.019642454,12.0,956.0,197.27927,199.07544,196.83023,198.5765,7886928.0,194.09605,191.93733,192.11029,194.74467,196.36705,-0.36792624,-0.0042810338,0.006575635,0.009104719,-0.0022761605,12.0,957.0,199.67416,200.1232,196.18161,196.18161,8610496.0,196.18161,192.53107,192.23253,194.4074,196.25728,-0.32872283,0.0121396305,-0.017491253,0.0022488602,-0.017491253,12.0,958.0,199.89868,200.87161,199.59932,200.87161,5440248.0,198.07756,193.15141,192.45206,194.19984,196.13754,-0.32504758,0.001124421,0.0048671216,0.0048671216,-0.0014975817,12.0
955.0,198.12746,199.3249,194.23575,195.40825,13843576.0,192.64415,191.36688,192.4109,195.25858,196.52504,-0.35404176,0.013915443,-0.013724533,0.006043802,-0.019642454,12.0,956.0,197.27927,199.07544,196.83023,198.5765,7886928.0,194.09605,191.93733,192.11029,194.74467,196.36705,-0.36792624,-0.0042810338,0.006575635,0.009104719,-0.0022761605,12.0,957.0,199.67416,200.1232,196.18161,196.18161,8610496.0,196.18161,192.53107,192.23253,194.4074,196.25728,-0.32872283,0.0121396305,-0.017491253,0.0022488602,-0.017491253,12.0,958.0,199.89868,200.87161,199.59932,200.87161,5440248.0,198.07756,193.15141,192.45206,194.19984,196.13754,-0.32504758,0.001124421,0.0048671216,0.0048671216,-0.0014975817,12.0,959.0,199.69911,200.87161,199.12534,200.82172,5318582.0,198.93573,193.76509,192.87866,194.00127,196.04855,-0.32831445,-0.0009983543,0.0056214863,0.0058713458,-0.002873189,12.0
956.0,197.27927,199.07544,196.83023,198.5765,7886928.0,194.09605,191.93733,192.11029,194.74467,196.36705,-0.36792624,-0.0042810338,0.006575635,0.009104719,-0.0022761605,12.0,957.0,199.67416,200.1232,196.18161,196.18161,8610496.0,196.18161,192.53107,192.23253,194.4074,196.25728,-0.32872283,0.0121396305,-0.017491253,0.0022488602,-0.017491253,12.0,958.0,199.89868,200.87161,199.59932,200.87161,5440248.0,198.07756,193.15141,192.45206,194.19984,196.13754,-0.32504758,0.001124421,0.0048671216,0.0048671216,-0.0014975817,12.0,959.0,199.69911,200.87161,199.12534,200.82172,5318582.0,198.93573,193.76509,192.87866,194.00127,196.04855,-0.32831445,-0.0009983543,0.0056214863,0.0058713458,-0.002873189,12.0,960.0,200.82172,202.06906,199.82384,199.82384,9677360.0,199.4746,194.4819,193.3938,193.82364,195.96124,-0.30993792,0.005621479,-0.004968944,0.0062111802,-0.004968944,12.0
957.0,199.67416,200.1232,196.18161,196.18161,8610496.0,196.18161,192.53107,192.23253,194.4074,196.25728,-0.32872283,0.0121396305,-0.017491253,0.0022488602,-0.017491253,12.0,958.0,199.89868,200.87161,199.59932,200.87161,5440248.0,198.07756,193.15141,192.45206,194.19984,196.13754,-0.32504758,0.001124421,0.0048671216,0.0048671216,-0.0014975817,12.0,959.0,199.69911,200.87161,199.12534,200.82172,5318582.0,198.93573,193.76509,192.87866,194.00127,196.04855,-0.32831445,-0.0009983543,0.0056214863,0.0058713458,-0.002873189,12.0,960.0,200.82172,202.06906,199.82384,199.82384,9677360.0,199.4746,194.4819,193.3938,193.82364,195.96124,-0.30993792,0.005621479,-0.004968944,0.0062111802,-0.004968944,12.0,961.0,197.57863,201.32065,197.3541,200.82172,6250566.0,199.53445,194.8927,193.83661,193.59512,195.54297,-0.3630258,-0.016149089,0.016414141,0.018939395,-0.0011363945,12.0
958.0,199.89868,200.87161,199.59932,200.87161,5440248.0,198.07756,193.15141,192.45206,194.19984,196.13754,-0.32504758,0.001124421,0.0048671216,0.0048671216,-0.0014975817,12.0,959.0,199.69911,200.87161,199.12534,200.82172,5318582.0,198.93573,193.76509,192.87866,194.00127,196.04855,-0.32831445,-0.0009983543,0.0056214863,0.0058713458,-0.002873189,12.0,960.0,200.82172,202.06906,199.82384,199.82384,9677360.0,199.4746,194.4819,193.3938,193.82364,195.96124,-0.30993792,0.005621479,-0.004968944,0.0062111802,-0.004968944,12.0,961.0,197.57863,201.32065,197.3541,200.82172,6250566.0,199.53445,194.8927,193.83661,193.59512,195.54297,-0.3630258,-0.016149089,0.016414141,0.018939395,-0.0011363945,12.0,962.0,198.00273,198.95071,196.13173,198.07758,8145314.0,199.20018,195.33508,194.19833,193.62607,195.20619,-0.35608345,0.0021465013,0.00037796117,0.0047876877,-0.009449414,12.0
959.0,199.69911,200.87161,199.12534,200.82172,5318582.0,198.93573,193.76509,192.87866,194.00127,196.04855,-0.32831445,-0.0009983543,0.0056214863,0.0058713458,-0.002873189,12.0,960.0,200.82172,202.06906,199.82384,199.82384,9677360.0,199.4746,194.4819,193.3938,193.82364,195.96124,-0.30993792,0.005621479,-0.004968944,0.0062111802,-0.004968944,12.0,961.0,197.57863,201.32065,197.3541,200.82172,6250566.0,199.53445,194.8927,193.83661,193.59512,195.54297,-0.3630258,-0.016149089,0.016414141,0.018939395,-0.0011363945,12.0,962.0,198.00273,198.95071,196.13173,198.07758,8145314.0,199.20018,195.33508,194.19833,193.62607,195.20619,-0.35608345,0.0021465013,0.00037796117,0.0047876877,-0.009449414,12.0,963.0,202.69272,203.84027,198.57649,198.57649,15544086.0,199.75899,196.05356,194.8033,193.91345,195.12636,-0.2793105,0.023686478,-0.020307692,0.0056615085,-0.020307692,12.0
960.0,200.82172,202.06906,199.82384,199.82384,9677360.0,199.4746,194.4819,193.3938,193.82364,195.96124,-0.30993792,0.005621479,-0.004968944,0.0062111802,-0.004968944,12.0,961.0,197.57863,201.32065,197.3541,200.82172,6250566.0,199.53445,194.8927,193.83661,193.59512,195.54297,-0.3630258,-0.016149089,0.016414141,0.018939395,-0.0011363945,12.0,962.0,198.00273,198.95071,196.13173,198.07758,8145314.0,199.20018,195.33508,194.19833,193.62607,195.20619,-0.35608345,0.0021465013,0.00037796117,0.0047876877,-0.009449414,12.0,963.0,202.69272,203.84027,198.57649,198.57649,15544086.0,199.75899,196.05356,194.8033,193.91345,195.12636,-0.2793105,0.023686478,-0.020307692,0.0056615085,-0.020307692,12.0,964.0,206.08548,206.80894,201.59506,203.04198,19825958.0,201.03625,197.0431,195.58289,194.51018,195.17375,-0.22377253,0.016738446,-0.014768129,0.0035105005,-0.02178913,12.0
961.0,197.57863,201.32065,197.3541,200.82172,6250566.0,199.53445,194.8927,193.83661,193.59512,195.54297,-0.3630258,-0.016149089,0.016414141,0.018939395,-0.0011363945,12.0,962.0,198.00273,198.95071,196.13173,198.07758,8145314.0,199.20018,195.33508,194.19833,193.62607,195.20619,-0.35608345,0.0021465013,0.00037796117,0.0047876877,-0.009449414,12.0,963.0,202.69272,203.84027,198.57649,198.57649,15544086.0,199.75899,196.05356,194.8033,193.91345,195.12636,-0.2793105,0.023686478,-0.020307692,0.0056615085,-0.020307692,12.0,964.0,206.08548,206.80894,201.59506,203.04198,19825958.0,201.03625,197.0431,195.58289,194.51018,195.17375,-0.22377253,0.016738446,-0.014768129,0.0035105005,-0.02178913,12.0,965.0,203.39124,206.43475,202.81746,206.43475,9830426.0,201.55016,197.88963,196.24896,195.02507,195.11139,-0.2678761,-0.013073431,0.014963832,0.014963832,-0.0028210324,12.0
962.0,198.00273,198.95071,196.13173,198.07758,8145314.0,199.20018,195.33508,194.19833,193.62607,195.20619,-0.35608345,0.0021465013,0.00037796117,0.0047876877,-0.009449414,12.0,963.0,202.69272,203.84027,198.57649,198.57649,15544086.0,199.75899,196.05356,194.8033,193.91345,195.12636,-0.2793105,0.023686478,-0.020307692,0.0056615085,-0.020307692,12.0,964.0,206.08548,206.80894,201.59506,203.04198,19825958.0,201.03625,197.0431,195.58289,194.51018,195.17375,-0.22377253,0.016738446,-0.014768129,0.0035105005,-0.02178913,12.0,965.0,203.39124,206.43475,202.81746,206.43475,9830426.0,201.55016,197.88963,196.24896,195.02507,195.11139,-0.2678761,-0.013073431,0.014963832,0.014963832,-0.0028210324,12.0,966.0,203.29146,206.06055,202.9422,205.91087,10662472.0,202.69272,198.77441,196.8427,195.60783,195.11139,-0.26950938,-0.00049056794,0.012885016,0.0136212725,-0.0017180322,12.0
963.0,202.69272,203.84027,198.57649,198.57649,15544086.0,199.75899,196.05356,194.8033,193.91345,195.12636,-0.2793105,0.023686478,-0.020307692,0.0056615085,-0.020307692,12.0,964.0,206.08548,206.80894,201.59506,203.04198,19825958.0,201.03625,197.0431,195.58289,194.51018,195.17375,-0.22377253,0.016738446,-0.014768129,0.0035105005,-0.02178913,12.0,965.0,203.39124,206.43475,202.81746,206.43475,9830426.0,201.55016,197.88963,196.24896,195.02507,195.11139,-0.2678761,-0.013073431,0.014963832,0.014963832,-0.0028210324,12.0,966.0,203.29146,206.06055,202.9422,205.91087,10662472.0,202.69272,198.77441,196.8427,195.60783,195.11139,-0.26950938,-0.00049056794,0.012885016,0.0136212725,-0.0017180322,12.0,967.0,201.74475,204.0648,200.62215,203.2665,11165368.0,203.44113,199.60764,197.3616,196.04689,195.2619,-0.29482827,-0.0076083234,0.00754294,0.011499923,-0.005564486,12.0
964.0,206.08548,206.80894,201.59506,203.04198,19825958.0,201.03625,197.0431,195.58289,194.51018,195.17375,-0.22377253,0.016738446,-0.014768129,0.0035105005,-0.02178913,12.0,965.0,203.39124,206.43475,202.81746,206.43475,9830426.0,201.55016,197.88963,196.24896,195.02507,195.11139,-0.2678761,-0.013073431,0.014963832,0.014963832,-0.0028210324,12.0,966.0,203.29146,206.06055,202.9422,205.91087,10662472.0,202.69272,198.77441,196.8427,195.60783,195.11139,-0.26950938,-0.00049056794,0.012885016,0.0136212725,-0.0017180322,12.0,967.0,201.74475,204.0648,200.62215,203.2665,11165368.0,203.44113,199.60764,197.3616,196.04689,195.2619,-0.29482827,-0.0076083234,0.00754294,0.011499923,-0.005564486,12.0,968.0,208.92943,209.75267,202.54306,202.9422,22082070.0,204.68848,200.84167,198.21228,196.78033,195.70929,-0.17721839,0.03561271,-0.028656716,0.003940284,-0.030567136,12.0
965.0,203.39124,206.43475,202.81746,206.43475,9830426.0,201.55016,197.88963,196.24896,195.02507,195.11139,-0.2678761,-0.013073431,0.014963832,0.014963832,-0.0028210324,12.0,966.0,203.29146,206.06055,202.9422,205.91087,10662472.0,202.69272,198.77441,196.8427,195.60783,195.11139,-0.26950938,-0.00049056794,0.012885016,0.0136212725,-0.0017180322,12.0,967.0,201.74475,204.0648,200.62215,203.2665,11165368.0,203.44113,199.60764,197.3616,196.04689,195.2619,-0.29482827,-0.0076083234,0.00754294,0.011499923,-0.005564486,12.0,968.0,208.92943,209.75267,202.54306,202.9422,22082070.0,204.68848,200.84167,198.21228,196.78033,195.70929,-0.17721839,0.03561271,-0.028656716,0.003940284,-0.030567136,12.0,969.0,208.67996,210.3015,207.88167,209.5531,11250552.0,205.20737,201.72646,199.08417,197.50778,196.29305,-0.18130203,-0.0011940202,0.0041841003,0.007770472,-0.0038254778,12.0
966.0,203.29146,206.06055,202.9422,205.91087,10662472.0,202.69272,198.77441,196.8427,195.60783,195.11139,-0.26950938,-0.00049056794,0.012885016,0.0136212725,-0.0017180322,12.0,967.0,201.74475,204.0648,200.62215,203.2665,11165368.0,203.44113,199.60764,197.3616,196.04689,195.2619,-0.29482827,-0.0076083234,0.00754294,0.011499923,-0.005564486,12.0,968.0,208.92943,209.75267,202.54306,202.9422,22082070.0,204.68848,200.84167,198.21228,196.78033,195.70929,-0.17721839,0.03561271,-0.028656716,0.003940284,-0.030567136,12.0,969.0,208.67996,210.3015,207.88167,209.5531,11250552.0,205.20737,201.72646,199.08417,197.50778,196.29305,-0.18130203,-0.0011940202,0.0041841003,0.007770472,-0.0038254778,12.0,970.0,210.85033,211.79831,207.05841,208.95436,15479122.0,206.69919,202.57465,200.09203,198.339,196.97076,-0.14577416,0.010400444,-0.008991998,0.004495963,-0.017983923,12.0
967.0,201.74475,204.0648,200.62215,203.2665,11165368.0,203.44113,199.60764,197.3616,196.04689,195.2619,-0.29482827,-0.0076083234,0.00754294,0.011499923,-0.005564486,12.0,968.0,208.92943,209.75267,202.54306,202.9422,22082070.0,204.68848,200.84167,198.21228,196.78033,195.70929,-0.17721839,0.03561271,-0.028656716,0.003940284,-0.030567136,12.0,969.0,208.67996,210.3015,207.88167,209.5531,11250552.0,205.20737,201.72646,199.08417,197.50778,196.29305,-0.18130203,-0.0011940202,0.0041841003,0.007770472,-0.0038254778,12.0,970.0,210.85033,211.79831,207.05841,208.95436,15479122.0,206.69919,202.57465,200.09203,198.339,196.97076,-0.14577416,0.010400444,-0.008991998,0.004495963,-0.017983923,12.0,971.0,209.85246,210.65076,208.18103,209.5531,10084242.0,208.01138,203.41286,201.08366,199.07643,197.6751,-0.16210873,-0.004732569,-0.001426548,0.003804104,-0.007964826,12.0
968.0,208.92943,209.75267,202.54306,202.9422,22082070.0,204.68848,200.84167,198.21228,196.78033,195.70929,-0.17721839,0.03561271,-0.028656716,0.003940284,-0.030567136,12.0,969.0,208.67996,210.3015,207.88167,209.5531,11250552.0,205.20737,201.72646,199.08417,197.50778,196.29305,-0.18130203,-0.0011940202,0.0041841003,0.007770472,-0.0038254778,12.0,970.0,210.85033,211.79831,207.05841,208.95436,15479122.0,206.69919,202.57465,200.09203,198.339,196.97076,-0.14577416,0.010400444,-0.008991998,0.004495963,-0.017983923,12.0,971.0,209.85246,210.65076,208.18103,209.5531,10084242.0,208.01138,203.41286,201.08366,199.07643,197.6751,-0.16210873,-0.004732569,-0.001426548,0.003804104,-0.007964826,12.0,972.0,210.65076,213.49469,209.62793,209.90236,11903364.0,209.79259,204.14462,202.15387,199.8478,198.33784,-0.14904103,0.003804073,-0.0035528184,0.013500667,-0.004855562,12.0
969.0,208.67996,210.3015,207.88167,209.5531,11250552.0,205.20737,201.72646,199.08417,197.50778,196.29305,-0.18130203,-0.0011940202,0.0041841003,0.007770472,-0.0038254778,12.0,970.0,210.85033,211.79831,207.05841,208.95436,15479122.0,206.69919,202.57465,200.09203,198.339,196.97076,-0.14577416,0.010400444,-0.008991998,0.004495963,-0.017983923,12.0,971.0,209.85246,210.65076,208.18103,209.5531,10084242.0,208.01138,203.41286,201.08366,199.07643,197.6751,-0.16210873,-0.004732569,-0.001426548,0.003804104,-0.007964826,12.0,972.0,210.65076,213.49469,209.62793,209.90236,11903364.0,209.79259,204.14462,202.15387,199.8478,198.33784,-0.14904103,0.003804073,-0.0035528184,0.013500667,-0.004855562,12.0,973.0,209.37846,211.69852,207.05841,211.32431,9696816.0,209.8824,204.77661,203.10185,200.54631,198.964,-0.16986787,-0.006039822,0.009293444,0.011080648,-0.011080648,12.0
970.0,210.85033,211.79831,207.05841,208.95436,15479122.0,206.69919,202.57465,200.09203,198.339,196.97076,-0.14577416,0.010400444,-0.008991998,0.004495963,-0.017983923,12.0,971.0,209.85246,210.65076,208.18103,209.5531,10084242.0,208.01138,203.41286,201.08366,199.07643,197.6751,-0.16210873,-0.004732569,-0.001426548,0.003804104,-0.007964826,12.0,972.0,210.65076,213.49469,209.62793,209.90236,11903364.0,209.79259,204.14462,202.15387,199.8478,198.33784,-0.14904103,0.003804073,-0.0035528184,0.013500667,-0.004855562,12.0,973.0,209.37846,211.69852,207.05841,211.32431,9696816.0,209.8824,204.77661,203.10185,200.54631,198.964,-0.16986787,-0.006039822,0.009293444,0.011080648,-0.011080648,12.0,974.0,216.73776,217.53606,211.17464,211.29936,24681376.0,211.49396,205.91252,204.16833,201.56613,199.8388,-0.04939951,0.035148308,-0.025092067,0.0036832553,-0.025667574,12.0
971.0,209.85246,210.65076,208.18103,209.5531,10084242.0,208.01138,203.41286,201.08366,199.07643,197.6751,-0.16210873,-0.004732569,-0.001426548,0.003804104,-0.007964826,12.0,972.0,210.65076,213.49469,209.62793,209.90236,11903364.0,209.79259,204.14462,202.15387,199.8478,198.33784,-0.14904103,0.003804073,-0.0035528184,0.013500667,-0.004855562,12.0,973.0,209.37846,211.69852,207.05841,211.32431,9696816.0,209.8824,204.77661,203.10185,200.54631,198.964,-0.16986787,-0.006039822,0.009293444,0.011080648,-0.011080648,12.0,974.0,216.73776,217.53606,211.17464,211.29936,24681376.0,211.49396,205.91252,204.16833,201.56613,199.8388,-0.04939951,0.035148308,-0.025092067,0.0036832553,-0.025667574,12.0,975.0,222.79984,224.2717,216.28873,217.561,41567230.0,213.88385,207.37773,205.40195,202.85039,200.92982,0.04983386,0.02796962,-0.023513606,0.0066062305,-0.029224025,12.0
972.0,210.65076,213.49469,209.62793,209.90236,11903364.0,209.79259,204.14462,202.15387,199.8478,198.33784,-0.14904103,0.003804073,-0.0035528184,0.013500667,-0.004855562,12.0,973.0,209.37846,211.69852,207.05841,211.32431,9696816.0,209.8824,204.77661,203.10185,200.54631,198.964,-0.16986787,-0.006039822,0.009293444,0.011080648,-0.011080648,12.0,974.0,216.73776,217.53606,211.17464,211.29936,24681376.0,211.49396,205.91252,204.16833,201.56613,199.8388,-0.04939951,0.035148308,-0.025092067,0.0036832553,-0.025667574,12.0,975.0,222.79984,224.2717,216.28873,217.561,41567230.0,213.88385,207.37773,205.40195,202.85039,200.92982,0.04983386,0.02796962,-0.023513606,0.0066062305,-0.029224025,12.0,976.0,222.15123,226.26746,220.5297,222.52544,20182072.0,216.34361,209.0159,206.64554,204.13565,201.9543,0.03921649,-0.0029111572,0.0016844469,0.018528916,-0.00729927,12.0
973.0,209.37846,211.69852,207.05841,211.32431,9696816.0,209.8824,204.77661,203.10185,200.54631,198.964,-0.16986787,-0.006039822,0.009293444,0.011080648,-0.011080648,12.0,974.0,216.73776,217.53606,211.17464,211.29936,24681376.0,211.49396,205.91252,204.16833,201.56613,199.8388,-0.04939951,0.035148308,-0.025092067,0.0036832553,-0.025667574,12.0,975.0,222.79984,224.2717,216.28873,217.561,41567230.0,213.88385,207.37773,205.40195,202.85039,200.92982,0.04983386,0.02796962,-0.023513606,0.0066062305,-0.029224025,12.0,976.0,222.15123,226.26746,220.5297,222.52544,20182072.0,216.34361,209.0159,206.64554,204.13565,201.9543,0.03921649,-0.0029111572,0.0016844469,0.018528916,-0.00729927,12.0,977.0,218.88321,223.199,217.03714,222.32587,16064694.0,217.9901,210.40794,207.606,205.32112,202.8715,-0.014279522,-0.014710792,0.015728274,0.019717332,-0.008434037,12.0
974.0,216.73776,217.53606,211.17464,211.29936,24681376.0,211.49396,205.91252,204.16833,201.56613,199.8388,-0.04939951,0.035148308,-0.025092067,0.0036832553,-0.025667574,12.0,975.0,222.79984,224.2717,216.28873,217.561,41567230.0,213.88385,207.37773,205.40195,202.85039,200.92982,0.04983386,0.02796962,-0.023513606,0.0066062305,-0.029224025,12.0,976.0,222.15123,226.26746,220.5297,222.52544,20182072.0,216.34361,209.0159,206.64554,204.13565,201.9543,0.03921649,-0.0029111572,0.0016844469,0.018528916,-0.00729927,12.0,977.0,218.88321,223.199,217.03714,222.32587,16064694.0,217.9901,210.40794,207.606,205.32112,202.8715,-0.014279522,-0.014710792,0.015728274,0.019717332,-0.008434037,12.0,978.0,215.51538,224.2717,214.21814,220.52968,26449942.0,219.21748,211.26279,208.38683,206.32498,203.65817,-0.06940934,-0.0153864175,0.023266552,0.040629674,-0.006019229,12.0
975.0,222.79984,224.2717,216.28873,217.561,41567230.0,213.88385,207.37773,205.40195,202.85039,200.92982,0.04983386,0.02796962,-0.023513606,0.0066062305,-0.029224025,12.0,976.0,222.15123,226.26746,220.5297,222.52544,20182072.0,216.34361,209.0159,206.64554,204.13565,201.9543,0.03921649,-0.0029111572,0.0016844469,0.018528916,-0.00729927,12.0,977.0,218.88321,223.199,217.03714,222.32587,16064694.0,217.9901,210.40794,207.606,205.32112,202.8715,-0.014279522,-0.014710792,0.015728274,0.019717332,-0.008434037,12.0,978.0,215.51538,224.2717,214.21814,220.52968,26449942.0,219.21748,211.26279,208.38683,206.32498,203.65817,-0.06940934,-0.0153864175,0.023266552,0.040629674,-0.006019229,12.0,979.0,216.5382,217.78554,213.14543,213.99362,10663008.0,219.17757,211.95963,209.22879,207.17018,204.50137,-0.052666374,0.004745888,-0.011751167,0.005760369,-0.015668174,12.0
976.0,222.15123,226.26746,220.5297,222.52544,20182072.0,216.34361,209.0159,206.64554,204.13565,201.9543,0.03921649,-0.0029111572,0.0016844469,0.018528916,-0.00729927,12.0,977.0,218.88321,223.199,217.03714,222.32587,16064694.0,217.9901,210.40794,207.606,205.32112,202.8715,-0.014279522,-0.014710792,0.015728274,0.019717332,-0.008434037,12.0,978.0,215.51538,224.2717,214.21814,220.52968,26449942.0,219.21748,211.26279,208.38683,206.32498,203.65817,-0.06940934,-0.0153864175,0.023266552,0.040629674,-0.006019229,12.0,979.0,216.5382,217.78554,213.14543,213.99362,10663008.0,219.17757,211.95963,209.22879,207.17018,204.50137,-0.052666374,0.004745888,-0.011751167,0.005760369,-0.015668174,12.0,980.0,230.8327,232.65381,216.5382,217.1868,46080816.0,220.78415,213.78906,210.72934,208.4784,205.83936,0.18132824,0.066013806,-0.059115976,0.00788932,-0.06192585,12.0
977.0,218.88321,223.199,217.03714,222.32587,16064694.0,217.9901,210.40794,207.606,205.32112,202.8715,-0.014279522,-0.014710792,0.015728274,0.019717332,-0.008434037,12.0,978.0,215.51538,224.2717,214.21814,220.52968,26449942.0,219.21748,211.26279,208.38683,206.32498,203.65817,-0.06940934,-0.0153864175,0.023266552,0.040629674,-0.006019229,12.0,979.0,216.5382,217.78554,213.14543,213.99362,10663008.0,219.17757,211.95963,209.22879,207.17018,204.50137,-0.052666374,0.004745888,-0.011751167,0.005760369,-0.015668174,12.0,980.0,230.8327,232.65381,216.5382,217.1868,46080816.0,220.78415,213.78906,210.72934,208.4784,205.83936,0.18132824,0.066013806,-0.059115976,0.00788932,-0.06192585,12.0,981.0,234.54979,237.39372,223.69794,226.51692,54628644.0,223.26385,215.87296,212.5779,209.96921,207.32368,0.24217527,0.016102947,-0.034248047,0.01212504,-0.04626675,12.0
978.0,215.51538,224.2717,214.21814,220.52968,26449942.0,219.21748,211.26279,208.38683,206.32498,203.65817,-0.06940934,-0.0153864175,0.023266552,0.040629674,-0.006019229,12.0,979.0,216.5382,217.78554,213.14543,213.99362,10663008.0,219.17757,211.95963,209.22879,207.17018,204.50137,-0.052666374,0.004745888,-0.011751167,0.005760369,-0.015668174,12.0,980.0,230.8327,232.65381,216.5382,217.1868,46080816.0,220.78415,213.78906,210.72934,208.4784,205.83936,0.18132824,0.066013806,-0.059115976,0.00788932,-0.06192585,12.0,981.0,234.54979,237.39372,223.69794,226.51692,54628644.0,223.26385,215.87296,212.5779,209.96921,207.32368,0.24217527,0.016102947,-0.034248047,0.01212504,-0.04626675,12.0,982.0,234.97389,237.19415,231.55618,233.7515,25262992.0,226.482,218.08823,214.42645,211.3812,208.84793,0.24911763,0.0018081567,-0.0052022766,0.009448947,-0.014545081,12.0
979.0,216.5382,217.78554,213.14543,213.99362,10663008.0,219.17757,211.95963,209.22879,207.17018,204.50137,-0.052666374,0.004745888,-0.011751167,0.005760369,-0.015668174,12.0,980.0,230.8327,232.65381,216.5382,217.1868,46080816.0,220.78415,213.78906,210.72934,208.4784,205.83936,0.18132824,0.066013806,-0.059115976,0.00788932,-0.06192585,12.0,981.0,234.54979,237.39372,223.69794,226.51692,54628644.0,223.26385,215.87296,212.5779,209.96921,207.32368,0.24217527,0.016102947,-0.034248047,0.01212504,-0.04626675,12.0,982.0,234.97389,237.19415,231.55618,233.7515,25262992.0,226.482,218.08823,214.42645,211.3812,208.84793,0.24911763,0.0018081567,-0.0052022766,0.009448947,-0.014545081,12.0,983.0,234.22548,238.19202,233.3274,235.77217,16839956.0,230.22401,219.77463,216.0031,212.75427,210.30815,0.23686644,-0.0031850904,0.00660342,0.01693467,-0.003834313,12.0
980.0,230.8327,232.65381,216.5382,217.1868,46080816.0,220.78415,213.78906,210.72934,208.4784,205.83936,0.18132824,0.066013806,-0.059115976,0.00788932,-0.06192585,12.0,981.0,234.54979,237.39372,223.69794,226.51692,54628644.0,223.26385,215.87296,212.5779,209.96921,207.32368,0.24217527,0.016102947,-0.034248047,0.01212504,-0.04626675,12.0,982.0,234.97389,237.19415,231.55618,233.7515,25262992.0,226.482,218.08823,214.42645,211.3812,208.84793,0.24911763,0.0018081567,-0.0052022766,0.009448947,-0.014545081,12.0,983.0,234.22548,238.19202,233.3274,235.77217,16839956.0,230.22401,219.77463,216.0031,212.75427,210.30815,0.23686644,-0.0031850904,0.00660342,0.01693467,-0.003834313,12.0,984.0,235.1485,237.1692,232.55405,234.97388,15961140.0,233.94608,221.5392,217.45624,214.17224,211.63283,0.25197586,0.0039407304,-0.000742575,0.008593292,-0.011033273,12.0
981.0,234.54979,237.39372,223.69794,226.51692,54628644.0,223.26385,215.87296,212.5779,209.96921,207.32368,0.24217527,0.016102947,-0.034248047,0.01212504,-0.04626675,12.0,982.0,234.97389,237.19415,231.55618,233.7515,25262992.0,226.482,218.08823,214.42645,211.3812,208.84793,0.24911763,0.0018081567,-0.0052022766,0.009448947,-0.014545081,12.0,983.0,234.22548,238.19202,233.3274,235.77217,16839956.0,230.22401,219.77463,216.0031,212.75427,210.30815,0.23686644,-0.0031850904,0.00660342,0.01693467,-0.003834313,12.0,984.0,235.1485,237.1692,232.55405,234.97388,15961140.0,233.94608,221.5392,217.45624,214.17224,211.63283,0.25197586,0.0039407304,-0.000742575,0.008593292,-0.011033273,12.0,985.0,238.06728,241.23552,233.65169,235.99669,20347278.0,235.39299,223.35367,219.19005,215.66206,212.96416,0.29975492,0.012412486,-0.008697462,0.013308197,-0.01854764,12.0
982.0,234.97389,237.19415,231.55618,233.7515,25262992.0,226.482,218.08823,214.42645,211.3812,208.84793,0.24911763,0.0018081567,-0.0052022766,0.009448947,-0.014545081,12.0,983.0,234.22548,238.19202,233.3274,235.77217,16839956.0,230.22401,219.77463,216.0031,212.75427,210.30815,0.23686644,-0.0031850904,0.00660342,0.01693467,-0.003834313,12.0,984.0,235.1485,237.1692,232.55405,234.97388,15961140.0,233.94608,221.5392,217.45624,214.17224,211.63283,0.25197586,0.0039407304,-0.000742575,0.008593292,-0.011033273,12.0,985.0,238.06728,241.23552,233.65169,235.99669,20347278.0,235.39299,223.35367,219.19005,215.66206,212.96416,0.29975492,0.012412486,-0.008697462,0.013308197,-0.01854764,12.0,986.0,234.10075,238.49138,231.65596,238.49138,14282514.0,235.30318,224.97021,220.73051,217.12296,214.19153,0.23482475,-0.01666135,0.018755302,0.018755302,-0.01044336,12.0
983.0,234.22548,238.19202,233.3274,235.77217,16839956.0,230.22401,219.77463,216.0031,212.75427,210.30815,0.23686644,-0.0031850904,0.00660342,0.01693467,-0.003834313,12.0,984.0,235.1485,237.1692,232.55405,234.97388,15961140.0,233.94608,221.5392,217.45624,214.17224,211.63283,0.25197586,0.0039407304,-0.000742575,0.008593292,-0.011033273,12.0,985.0,238.06728,241.23552,233.65169,235.99669,20347278.0,235.39299,223.35367,219.19005,215.66206,212.96416,0.29975492,0.012412486,-0.008697462,0.013308197,-0.01854764,12.0,986.0,234.10075,238.49138,231.65596,238.49138,14282514.0,235.30318,224.97021,220.73051,217.12296,214.19153,0.23482475,-0.01666135,0.018755302,0.018755302,-0.01044336,12.0,987.0,227.46489,231.45638,227.01585,231.45638,19534364.0,233.80138,226.09116,222.01651,218.30144,215.11789,0.12619868,-0.028346188,0.017547708,0.017547708,-0.0019741037,12.0
984.0,235.1485,237.1692,232.55405,234.97388,15961140.0,233.94608,221.5392,217.45624,214.17224,211.63283,0.25197586,0.0039407304,-0.000742575,0.008593292,-0.011033273,12.0,985.0,238.06728,241.23552,233.65169,235.99669,20347278.0,235.39299,223.35367,219.19005,215.66206,212.96416,0.29975492,0.012412486,-0.008697462,0.013308197,-0.01854764,12.0,986.0,234.10075,238.49138,231.65596,238.49138,14282514.0,235.30318,224.97021,220.73051,217.12296,214.19153,0.23482475,-0.01666135,0.018755302,0.018755302,-0.01044336,12.0,987.0,227.46489,231.45638,227.01585,231.45638,19534364.0,233.80138,226.09116,222.01651,218.30144,215.11789,0.12619868,-0.028346188,0.017547708,0.017547708,-0.0019741037,12.0,988.0,225.71861,229.43568,225.21968,228.01372,15170336.0,232.1,227.1805,222.85597,219.22247,215.97856,0.09761292,-0.007677127,0.010168007,0.016467756,-0.0022104334,12.0
985.0,238.06728,241.23552,233.65169,235.99669,20347278.0,235.39299,223.35367,219.19005,215.66206,212.96416,0.29975492,0.012412486,-0.008697462,0.013308197,-0.01854764,12.0,986.0,234.10075,238.49138,231.65596,238.49138,14282514.0,235.30318,224.97021,220.73051,217.12296,214.19153,0.23482475,-0.01666135,0.018755302,0.018755302,-0.01044336,12.0,987.0,227.46489,231.45638,227.01585,231.45638,19534364.0,233.80138,226.09116,222.01651,218.30144,215.11789,0.12619868,-0.028346188,0.017547708,0.017547708,-0.0019741037,12.0,988.0,225.71861,229.43568,225.21968,228.01372,15170336.0,232.1,227.1805,222.85597,219.22247,215.97856,0.09761292,-0.007677127,0.010168007,0.016467756,-0.0022104334,12.0,989.0,227.81415,231.00734,226.26744,227.04079,16889130.0,230.63313,227.91893,223.81268,220.09161,216.91573,0.13191588,0.009283839,-0.0033946962,0.014016631,-0.0067893257,12.0
986.0,234.10075,238.49138,231.65596,238.49138,14282514.0,235.30318,224.97021,220.73051,217.12296,214.19153,0.23482475,-0.01666135,0.018755302,0.018755302,-0.01044336,12.0,987.0,227.46489,231.45638,227.01585,231.45638,19534364.0,233.80138,226.09116,222.01651,218.30144,215.11789,0.12619868,-0.028346188,0.017547708,0.017547708,-0.0019741037,12.0,988.0,225.71861,229.43568,225.21968,228.01372,15170336.0,232.1,227.1805,222.85597,219.22247,215.97856,0.09761292,-0.007677127,0.010168007,0.016467756,-0.0022104334,12.0,989.0,227.81415,231.00734,226.26744,227.04079,16889130.0,230.63313,227.91893,223.81268,220.09161,216.91573,0.13191588,0.009283839,-0.0033946962,0.014016631,-0.0067893257,12.0,990.0,224.6958,229.51053,224.04718,228.26318,10082886.0,227.95885,228.04532,224.50496,220.9438,217.71153,0.08086996,-0.013688119,0.015876526,0.021427764,-0.0028866844,12.0
987.0,227.46489,231.45638,227.01585,231.45638,19534364.0,233.80138,226.09116,222.01651,218.30144,215.11789,0.12619868,-0.028346188,0.017547708,0.017547708,-0.0019741037,12.0,988.0,225.71861,229.43568,225.21968,228.01372,15170336.0,232.1,227.1805,222.85597,219.22247,215.97856,0.09761292,-0.007677127,0.010168007,0.016467756,-0.0022104334,12.0,989.0,227.81415,231.00734,226.26744,227.04079,16889130.0,230.63313,227.91893,223.81268,220.09161,216.91573,0.13191588,0.009283839,-0.0033946962,0.014016631,-0.0067893257,12.0,990.0,224.6958,229.51053,224.04718,228.26318,10082886.0,227.95885,228.04532,224.50496,220.9438,217.71153,0.08086996,-0.013688119,0.015876526,0.021427764,-0.0028866844,12.0,991.0,224.89537,230.75787,224.49623,228.51265,14465048.0,226.11777,228.22827,225.2571,221.80795,218.62209,0.08413682,0.00088817725,0.016084304,0.026067665,-0.0017747927,12.0
988.0,225.71861,229.43568,225.21968,228.01372,15170336.0,232.1,227.1805,222.85597,219.22247,215.97856,0.09761292,-0.007677127,0.010168007,0.016467756,-0.0022104334,12.0,989.0,227.81415,231.00734,226.26744,227.04079,16889130.0,230.63313,227.91893,223.81268,220.09161,216.91573,0.13191588,0.009283839,-0.0033946962,0.014016631,-0.0067893257,12.0,990.0,224.6958,229.51053,224.04718,228.26318,10082886.0,227.95885,228.04532,224.50496,220.9438,217.71153,0.08086996,-0.013688119,0.015876526,0.021427764,-0.0028866844,12.0,991.0,224.89537,230.75787,224.49623,228.51265,14465048.0,226.11777,228.22827,225.2571,221.80795,218.62209,0.08413682,0.00088817725,0.016084304,0.026067665,-0.0017747927,12.0,992.0,226.31734,227.51479,224.02223,225.24463,8874676.0,225.88826,228.72388,226.04044,222.79086,219.5659,0.10741376,0.006322792,-0.004739845,0.0052909916,-0.010141107,12.0
989.0,227.81415,231.00734,226.26744,227.04079,16889130.0,230.63313,227.91893,223.81268,220.09161,216.91573,0.13191588,0.009283839,-0.0033946962,0.014016631,-0.0067893257,12.0,990.0,224.6958,229.51053,224.04718,228.26318,10082886.0,227.95885,228.04532,224.50496,220.9438,217.71153,0.08086996,-0.013688119,0.015876526,0.021427764,-0.0028866844,12.0,991.0,224.89537,230.75787,224.49623,228.51265,14465048.0,226.11777,228.22827,225.2571,221.80795,218.62209,0.08413682,0.00088817725,0.016084304,0.026067665,-0.0017747927,12.0,992.0,226.31734,227.51479,224.02223,225.24463,8874676.0,225.88826,228.72388,226.04044,222.79086,219.5659,0.10741376,0.006322792,-0.004739845,0.0052909916,-0.010141107,12.0,993.0,223.6231,227.96382,222.8747,226.9909,8638818.0,225.46915,229.26439,226.75266,223.37862,220.26358,0.06331021,-0.011904719,0.01506024,0.019410936,-0.00334672,12.0
990.0,224.6958,229.51053,224.04718,228.26318,10082886.0,227.95885,228.04532,224.50496,220.9438,217.71153,0.08086996,-0.013688119,0.015876526,0.021427764,-0.0028866844,12.0,991.0,224.89537,230.75787,224.49623,228.51265,14465048.0,226.11777,228.22827,225.2571,221.80795,218.62209,0.08413682,0.00088817725,0.016084304,0.026067665,-0.0017747927,12.0,992.0,226.31734,227.51479,224.02223,225.24463,8874676.0,225.88826,228.72388,226.04044,222.79086,219.5659,0.10741376,0.006322792,-0.004739845,0.0052909916,-0.010141107,12.0,993.0,223.6231,227.96382,222.8747,226.9909,8638818.0,225.46915,229.26439,226.75266,223.37862,220.26358,0.06331021,-0.011904719,0.01506024,0.019410936,-0.00334672,12.0,994.0,232.22974,234.00095,227.01585,227.01585,36086736.0,226.35226,230.31049,227.52727,224.3206,221.13506,0.20419705,0.038487274,-0.022451418,0.007627001,-0.022451418,12.0
991.0,224.89537,230.75787,224.49623,228.51265,14465048.0,226.11777,228.22827,225.2571,221.80795,218.62209,0.08413682,0.00088817725,0.016084304,0.026067665,-0.0017747927,12.0,992.0,226.31734,227.51479,224.02223,225.24463,8874676.0,225.88826,228.72388,226.04044,222.79086,219.5659,0.10741376,0.006322792,-0.004739845,0.0052909916,-0.010141107,12.0,993.0,223.6231,227.96382,222.8747,226.9909,8638818.0,225.46915,229.26439,226.75266,223.37862,220.26358,0.06331021,-0.011904719,0.01506024,0.019410936,-0.00334672,12.0,994.0,232.22974,234.00095,227.01585,227.01585,36086736.0,226.35226,230.31049,227.52727,224.3206,221.13506,0.20419705,0.038487274,-0.022451418,0.007627001,-0.022451418,12.0,995.0,246.77371,263.9371,244.0545,255.43025,127844264.0,230.76785,231.37323,228.72595,225.75754,222.58115,0.44227532,0.06262753,0.035078865,0.06955114,-0.01101903,12.0
992.0,226.31734,227.51479,224.02223,225.24463,8874676.0,225.88826,228.72388,226.04044,222.79086,219.5659,0.10741376,0.006322792,-0.004739845,0.0052909916,-0.010141107,12.0,993.0,223.6231,227.96382,222.8747,226.9909,8638818.0,225.46915,229.26439,226.75266,223.37862,220.26358,0.06331021,-0.011904719,0.01506024,0.019410936,-0.00334672,12.0,994.0,232.22974,234.00095,227.01585,227.01585,36086736.0,226.35226,230.31049,227.52727,224.3206,221.13506,0.20419705,0.038487274,-0.022451418,0.007627001,-0.022451418,12.0,995.0,246.77371,263.9371,244.0545,255.43025,127844264.0,230.76785,231.37323,228.72595,225.75754,222.58115,0.44227532,0.06262753,0.035078865,0.06955114,-0.01101903,12.0,996.0,241.98393,246.9733,239.73872,246.9733,25912492.0,234.18556,231.86884,229.71759,227.0428,223.8709,0.3638688,-0.019409603,0.020618556,0.020618556,-0.0092783505,12.0
993.0,223.6231,227.96382,222.8747,226.9909,8638818.0,225.46915,229.26439,226.75266,223.37862,220.26358,0.06331021,-0.011904719,0.01506024,0.019410936,-0.00334672,12.0,994.0,232.22974,234.00095,227.01585,227.01585,36086736.0,226.35226,230.31049,227.52727,224.3206,221.13506,0.20419705,0.038487274,-0.022451418,0.007627001,-0.022451418,12.0,995.0,246.77371,263.9371,244.0545,255.43025,127844264.0,230.76785,231.37323,228.72595,225.75754,222.58115,0.44227532,0.06262753,0.035078865,0.06955114,-0.01101903,12.0,996.0,241.98393,246.9733,239.73872,246.9733,25912492.0,234.18556,231.86884,229.71759,227.0428,223.8709,0.3638688,-0.019409603,0.020618556,0.020618556,-0.0092783505,12.0,997.0,240.68669,245.227,235.49776,237.06941,28668932.0,237.05943,232.2497,230.80777,228.24423,225.16896,0.34263355,-0.0053608567,-0.015029022,0.018864026,-0.02155886,12.0
994.0,232.22974,234.00095,227.01585,227.01585,36086736.0,226.35226,230.31049,227.52727,224.3206,221.13506,0.20419705,0.038487274,-0.022451418,0.007627001,-0.022451418,12.0,995.0,246.77371,263.9371,244.0545,255.43025,127844264.0,230.76785,231.37323,228.72595,225.75754,222.58115,0.44227532,0.06262753,0.035078865,0.06955114,-0.01101903,12.0,996.0,241.98393,246.9733,239.73872,246.9733,25912492.0,234.18556,231.86884,229.71759,227.0428,223.8709,0.3638688,-0.019409603,0.020618556,0.020618556,-0.0092783505,12.0,997.0,240.68669,245.227,235.49776,237.06941,28668932.0,237.05943,232.2497,230.80777,228.24423,225.16896,0.34263355,-0.0053608567,-0.015029022,0.018864026,-0.02155886,12.0,998.0,240.81143,243.97968,233.7016,240.68669,26144924.0,240.4971,232.68875,232.07257,229.50156,226.23169,0.3446755,0.0005182696,-0.0005179737,0.013156544,-0.029524501,12.0
995.0,246.77371,263.9371,244.0545,255.43025,127844264.0,230.76785,231.37323,228.72595,225.75754,222.58115,0.44227532,0.06262753,0.035078865,0.06955114,-0.01101903,12.0,996.0,241.98393,246.9733,239.73872,246.9733,25912492.0,234.18556,231.86884,229.71759,227.0428,223.8709,0.3638688,-0.019409603,0.020618556,0.020618556,-0.0092783505,12.0,997.0,240.68669,245.227,235.49776,237.06941,28668932.0,237.05943,232.2497,230.80777,228.24423,225.16896,0.34263355,-0.0053608567,-0.015029022,0.018864026,-0.02155886,12.0,998.0,240.81143,243.97968,233.7016,240.68669,26144924.0,240.4971,232.68875,232.07257,229.50156,226.23169,0.3446755,0.0005182696,-0.0005179737,0.013156544,-0.029524501,12.0,999.0,242.00887,246.15004,241.28542,243.48073,15498620.0,242.45293,233.1461,233.3461,230.51239,227.34265,0.36427695,0.004972494,0.0060818726,0.017111676,-0.0029893448,12.0
996.0,241.98393,246.9733,239.73872,246.9733,25912492.0,234.18556,231.86884,229.71759,227.0428,223.8709,0.3638688,-0.019409603,0.020618556,0.020618556,-0.0092783505,12.0,997.0,240.68669,245.227,235.49776,237.06941,28668932.0,237.05943,232.2497,230.80777,228.24423,225.16896,0.34263355,-0.0053608567,-0.015029022,0.018864026,-0.02155886,12.0,998.0,240.81143,243.97968,233.7016,240.68669,26144924.0,240.4971,232.68875,232.07257,229.50156,226.23169,0.3446755,0.0005182696,-0.0005179737,0.013156544,-0.029524501,12.0,999.0,242.00887,246.15004,241.28542,243.48073,15498620.0,242.45293,233.1461,233.3461,230.51239,227.34265,0.36427695,0.004972494,0.0060818726,0.017111676,-0.0029893448,12.0,1000.0,234.45,242.48286,233.02803,238.51633,19972336.0,239.98819,232.90495,233.52696,230.9784,228.1293,0.24054171,-0.031233849,0.017344102,0.034262624,-0.0060651335,12.0
997.0,240.68669,245.227,235.49776,237.06941,28668932.0,237.05943,232.2497,230.80777,228.24423,225.16896,0.34263355,-0.0053608567,-0.015029022,0.018864026,-0.02155886,12.0,998.0,240.81143,243.97968,233.7016,240.68669,26144924.0,240.4971,232.68875,232.07257,229.50156,226.23169,0.3446755,0.0005182696,-0.0005179737,0.013156544,-0.029524501,12.0,999.0,242.00887,246.15004,241.28542,243.48073,15498620.0,242.45293,233.1461,233.3461,230.51239,227.34265,0.36427695,0.004972494,0.0060818726,0.017111676,-0.0029893448,12.0,1000.0,234.45,242.48286,233.02803,238.51633,19972336.0,239.98819,232.90495,233.52696,230.9784,228.1293,0.24054171,-0.031233849,0.017344102,0.034262624,-0.0060651335,12.0,1001.0,239.025,239.5,234.025,235.5,11708750.0,239.3964,233.23325,233.75073,231.65335,229.10173,0.3154323,0.019513743,-0.014747386,0.0019872654,-0.020918315,12.0
998.0,240.81143,243.97968,233.7016,240.68669,26144924.0,240.4971,232.68875,232.07257,229.50156,226.23169,0.3446755,0.0005182696,-0.0005179737,0.013156544,-0.029524501,12.0,999.0,242.00887,246.15004,241.28542,243.48073,15498620.0,242.45293,233.1461,233.3461,230.51239,227.34265,0.36427695,0.004972494,0.0060818726,0.017111676,-0.0029893448,12.0,1000.0,234.45,242.48286,233.02803,238.51633,19972336.0,239.98819,232.90495,233.52696,230.9784,228.1293,0.24054171,-0.031233849,0.017344102,0.034262624,-0.0060651335,12.0,1001.0,239.025,239.5,234.025,235.5,11708750.0,239.3964,233.23325,233.75073,231.65335,229.10173,0.3154323,0.019513743,-0.014747386,0.0019872654,-0.020918315,12.0,1002.0,235.0,239.675,234.275,239.025,12852980.0,238.25906,233.73558,233.75203,232.29802,229.91338,0.24954501,-0.016839217,0.017127633,0.01989363,-0.0030851325,12.0
999.0,242.00887,246.15004,241.28542,243.48073,15498620.0,242.45293,233.1461,233.3461,230.51239,227.34265,0.36427695,0.004972494,0.0060818726,0.017111676,-0.0029893448,12.0,1000.0,234.45,242.48286,233.02803,238.51633,19972336.0,239.98819,232.90495,233.52696,230.9784,228.1293,0.24054171,-0.031233849,0.017344102,0.034262624,-0.0060651335,12.0,1001.0,239.025,239.5,234.025,235.5,11708750.0,239.3964,233.23325,233.75073,231.65335,229.10173,0.3154323,0.019513743,-0.014747386,0.0019872654,-0.020918315,12.0,1002.0,235.0,239.675,234.275,239.025,12852980.0,238.25906,233.73558,233.75203,232.29802,229.91338,0.24954501,-0.016839217,0.017127633,0.01989363,-0.0030851325,12.0,1003.0,236.5,238.5,235.0,235.0,10051300.0,237.39677,234.45435,233.86575,233.1374,230.81741,0.27409932,0.0063829785,-0.006342495,0.0084566595,-0.006342495,12.0
1000.0,234.45,242.48286,233.02803,238.51633,19972336.0,239.98819,232.90495,233.52696,230.9784,228.1293,0.24054171,-0.031233849,0.017344102,0.034262624,-0.0060651335,12.0,1001.0,239.025,239.5,234.025,235.5,11708750.0,239.3964,233.23325,233.75073,231.65335,229.10173,0.3154323,0.019513743,-0.014747386,0.0019872654,-0.020918315,12.0,1002.0,235.0,239.675,234.275,239.025,12852980.0,238.25906,233.73558,233.75203,232.29802,229.91338,0.24954501,-0.016839217,0.017127633,0.01989363,-0.0030851325,12.0,1003.0,236.5,238.5,235.0,235.0,10051300.0,237.39677,234.45435,233.86575,233.1374,230.81741,0.27409932,0.0063829785,-0.006342495,0.0084566595,-0.006342495,12.0,1004.0,236.25,241.45,235.75,237.2,11828014.0,236.245,235.01672,233.92084,233.92587,231.46783,0.27000692,-0.0010570824,0.004021151,0.022010569,-0.0021164021,12.0
1001.0,239.025,239.5,234.025,235.5,11708750.0,239.3964,233.23325,233.75073,231.65335,229.10173,0.3154323,0.019513743,-0.014747386,0.0019872654,-0.020918315,12.0,1002.0,235.0,239.675,234.275,239.025,12852980.0,238.25906,233.73558,233.75203,232.29802,229.91338,0.24954501,-0.016839217,0.017127633,0.01989363,-0.0030851325,12.0,1003.0,236.5,238.5,235.0,235.0,10051300.0,237.39677,234.45435,233.86575,233.1374,230.81741,0.27409932,0.0063829785,-0.006342495,0.0084566595,-0.006342495,12.0,1004.0,236.25,241.45,235.75,237.2,11828014.0,236.245,235.01672,233.92084,233.92587,231.46783,0.27000692,-0.0010570824,0.004021151,0.022010569,-0.0021164021,12.0,1005.0,239.075,239.95,234.5,236.25,10584480.0,237.17,235.97534,233.97122,234.25557,232.01033,0.31625086,0.011957659,-0.011816363,0.0036599394,-0.019136243,12.0
1002.0,235.0,239.675,234.275,239.025,12852980.0,238.25906,233.73558,233.75203,232.29802,229.91338,0.24954501,-0.016839217,0.017127633,0.01989363,-0.0030851325,12.0,1003.0,236.5,238.5,235.0,235.0,10051300.0,237.39677,234.45435,233.86575,233.1374,230.81741,0.27409932,0.0063829785,-0.006342495,0.0084566595,-0.006342495,12.0,1004.0,236.25,241.45,235.75,237.2,11828014.0,236.245,235.01672,233.92084,233.92587,231.46783,0.27000692,-0.0010570824,0.004021151,0.022010569,-0.0021164021,12.0,1005.0,239.075,239.95,234.5,236.25,10584480.0,237.17,235.97534,233.97122,234.25557,232.01033,0.31625086,0.011957659,-0.011816363,0.0036599394,-0.019136243,12.0,1006.0,235.675,238.85,235.3,238.775,7828120.0,236.5,236.69398,234.04993,234.30058,232.46112,0.2605945,-0.014221453,0.0131536685,0.013471955,-0.0015911743,12.0
1003.0,236.5,238.5,235.0,235.0,10051300.0,237.39677,234.45435,233.86575,233.1374,230.81741,0.27409932,0.0063829785,-0.006342495,0.0084566595,-0.006342495,12.0,1004.0,236.25,241.45,235.75,237.2,11828014.0,236.245,235.01672,233.92084,233.92587,231.46783,0.27000692,-0.0010570824,0.004021151,0.022010569,-0.0021164021,12.0,1005.0,239.075,239.95,234.5,236.25,10584480.0,237.17,235.97534,233.97122,234.25557,232.01033,0.31625086,0.011957659,-0.011816363,0.0036599394,-0.019136243,12.0,1006.0,235.675,238.85,235.3,238.775,7828120.0,236.5,236.69398,234.04993,234.30058,232.46112,0.2605945,-0.014221453,0.0131536685,0.013471955,-0.0015911743,12.0,1007.0,241.575,243.25,237.5,237.5,16296222.0,237.815,237.71117,234.75543,234.56462,233.21751,0.35717472,0.02503445,-0.016868455,0.006933677,-0.016868455,12.0
1004.0,236.25,241.45,235.75,237.2,11828014.0,236.245,235.01672,233.92084,233.92587,231.46783,0.27000692,-0.0010570824,0.004021151,0.022010569,-0.0021164021,12.0,1005.0,239.075,239.95,234.5,236.25,10584480.0,237.17,235.97534,233.97122,234.25557,232.01033,0.31625086,0.011957659,-0.011816363,0.0036599394,-0.019136243,12.0,1006.0,235.675,238.85,235.3,238.775,7828120.0,236.5,236.69398,234.04993,234.30058,232.46112,0.2605945,-0.014221453,0.0131536685,0.013471955,-0.0015911743,12.0,1007.0,241.575,243.25,237.5,237.5,16296222.0,237.815,237.71117,234.75543,234.56462,233.21751,0.35717472,0.02503445,-0.016868455,0.006933677,-0.016868455,12.0,1008.0,241.175,244.75,239.575,241.5,11566604.0,238.75,238.88129,235.52826,234.8426,234.07285,0.350627,-0.0016557752,0.0013475565,0.014823249,-0.006634212,12.0
1005.0,239.075,239.95,234.5,236.25,10584480.0,237.17,235.97534,233.97122,234.25557,232.01033,0.31625086,0.011957659,-0.011816363,0.0036599394,-0.019136243,12.0,1006.0,235.675,238.85,235.3,238.775,7828120.0,236.5,236.69398,234.04993,234.30058,232.46112,0.2605945,-0.014221453,0.0131536685,0.013471955,-0.0015911743,12.0,1007.0,241.575,243.25,237.5,237.5,16296222.0,237.815,237.71117,234.75543,234.56462,233.21751,0.35717472,0.02503445,-0.016868455,0.006933677,-0.016868455,12.0,1008.0,241.175,244.75,239.575,241.5,11566604.0,238.75,238.88129,235.52826,234.8426,234.07285,0.350627,-0.0016557752,0.0013475565,0.014823249,-0.006634212,12.0,1009.0,249.825,250.9,241.55,242.35,29024038.0,241.465,240.0543,236.6288,235.42967,235.1824,0.49222344,0.03586605,-0.029920908,0.004303,-0.03312316,12.0
1006.0,235.675,238.85,235.3,238.775,7828120.0,236.5,236.69398,234.04993,234.30058,232.46112,0.2605945,-0.014221453,0.0131536685,0.013471955,-0.0015911743,12.0,1007.0,241.575,243.25,237.5,237.5,16296222.0,237.815,237.71117,234.75543,234.56462,233.21751,0.35717472,0.02503445,-0.016868455,0.006933677,-0.016868455,12.0,1008.0,241.175,244.75,239.575,241.5,11566604.0,238.75,238.88129,235.52826,234.8426,234.07285,0.350627,-0.0016557752,0.0013475565,0.014823249,-0.006634212,12.0,1009.0,249.825,250.9,241.55,242.35,29024038.0,241.465,240.0543,236.6288,235.42967,235.1824,0.49222344,0.03586605,-0.029920908,0.004303,-0.03312316,12.0,1010.0,247.6,250.85,246.275,250.475,9103534.0,243.17,240.10939,237.774,235.81097,235.7413,0.45580137,-0.008906198,0.01161147,0.013126009,-0.0053514224,12.0
1007.0,241.575,243.25,237.5,237.5,16296222.0,237.815,237.71117,234.75543,234.56462,233.21751,0.35717472,0.02503445,-0.016868455,0.006933677,-0.016868455,12.0,1008.0,241.175,244.75,239.575,241.5,11566604.0,238.75,238.88129,235.52826,234.8426,234.07285,0.350627,-0.0016557752,0.0013475565,0.014823249,-0.006634212,12.0,1009.0,249.825,250.9,241.55,242.35,29024038.0,241.465,240.0543,236.6288,235.42967,235.1824,0.49222344,0.03586605,-0.029920908,0.004303,-0.03312316,12.0,1010.0,247.6,250.85,246.275,250.475,9103534.0,243.17,240.10939,237.774,235.81097,235.7413,0.45580137,-0.008906198,0.01161147,0.013126009,-0.0053514224,12.0,1011.0,244.425,250.05,242.55,247.95,11303840.0,244.92,240.27213,238.75049,236.22394,236.07048,0.40382802,-0.012823114,0.014421577,0.023013193,-0.0076710647,12.0
1008.0,241.175,244.75,239.575,241.5,11566604.0,238.75,238.88129,235.52826,234.8426,234.07285,0.350627,-0.0016557752,0.0013475565,0.014823249,-0.006634212,12.0,1009.0,249.825,250.9,241.55,242.35,29024038.0,241.465,240.0543,236.6288,235.42967,235.1824,0.49222344,0.03586605,-0.029920908,0.004303,-0.03312316,12.0,1010.0,247.6,250.85,246.275,250.475,9103534.0,243.17,240.10939,237.774,235.81097,235.7413,0.45580137,-0.008906198,0.01161147,0.013126009,-0.0053514224,12.0,1011.0,244.425,250.05,242.55,247.95,11303840.0,244.92,240.27213,238.75049,236.22394,236.07048,0.40382802,-0.012823114,0.014421577,0.023013193,-0.0076710647,12.0,1012.0,245.225,247.375,241.375,245.45,7893788.0,245.65001,240.57469,239.69588,236.93436,236.41219,0.4169237,0.003273,0.00091748737,0.008767433,-0.015699891,12.0
1009.0,249.825,250.9,241.55,242.35,29024038.0,241.465,240.0543,236.6288,235.42967,235.1824,0.49222344,0.03586605,-0.029920908,0.004303,-0.03312316,12.0,1010.0,247.6,250.85,246.275,250.475,9103534.0,243.17,240.10939,237.774,235.81097,235.7413,0.45580137,-0.008906198,0.01161147,0.013126009,-0.0053514224,12.0,1011.0,244.425,250.05,242.55,247.95,11303840.0,244.92,240.27213,238.75049,236.22394,236.07048,0.40382802,-0.012823114,0.014421577,0.023013193,-0.0076710647,12.0,1012.0,245.225,247.375,241.375,245.45,7893788.0,245.65001,240.57469,239.69588,236.93436,236.41219,0.4169237,0.003273,0.00091748737,0.008767433,-0.015699891,12.0,1013.0,250.725,255.4,245.5,245.5,48873500.0,247.56,241.2356,241.05096,237.9346,236.96217,0.5069562,0.022428382,-0.020839589,0.018645877,-0.020839589,12.0
1010.0,247.6,250.85,246.275,250.475,9103534.0,243.17,240.10939,237.774,235.81097,235.7413,0.45580137,-0.008906198,0.01161147,0.013126009,-0.0053514224,12.0,1011.0,244.425,250.05,242.55,247.95,11303840.0,244.92,240.27213,238.75049,236.22394,236.07048,0.40382802,-0.012823114,0.014421577,0.023013193,-0.0076710647,12.0,1012.0,245.225,247.375,241.375,245.45,7893788.0,245.65001,240.57469,239.69588,236.93436,236.41219,0.4169237,0.003273,0.00091748737,0.008767433,-0.015699891,12.0,1013.0,250.725,255.4,245.5,245.5,48873500.0,247.56,241.2356,241.05096,237.9346,236.96217,0.5069562,0.022428382,-0.020839589,0.018645877,-0.020839589,12.0,1014.0,255.8,256.5,245.85,251.55,22373576.0,248.755,242.155,242.22948,239.05405,237.65056,0.59003156,0.020241288,-0.016614543,0.002736501,-0.038897563,12.0
1011.0,244.425,250.05,242.55,247.95,11303840.0,244.92,240.27213,238.75049,236.22394,236.07048,0.40382802,-0.012823114,0.014421577,0.023013193,-0.0076710647,12.0,1012.0,245.225,247.375,241.375,245.45,7893788.0,245.65001,240.57469,239.69588,236.93436,236.41219,0.4169237,0.003273,0.00091748737,0.008767433,-0.015699891,12.0,1013.0,250.725,255.4,245.5,245.5,48873500.0,247.56,241.2356,241.05096,237.9346,236.96217,0.5069562,0.022428382,-0.020839589,0.018645877,-0.020839589,12.0,1014.0,255.8,256.5,245.85,251.55,22373576.0,248.755,242.155,242.22948,239.05405,237.65056,0.59003156,0.020241288,-0.016614543,0.002736501,-0.038897563,12.0,1015.0,257.25,258.5,248.525,251.975,22594656.0,250.685,243.675,242.7533,240.3562,238.28998,0.6137674,0.005668479,-0.020505322,0.0048590866,-0.033916447,12.0
1012.0,245.225,247.375,241.375,245.45,7893788.0,245.65001,240.57469,239.69588,236.93436,236.41219,0.4169237,0.003273,0.00091748737,0.008767433,-0.015699891,12.0,1013.0,250.725,255.4,245.5,245.5,48873500.0,247.56,241.2356,241.05096,237.9346,236.96217,0.5069562,0.022428382,-0.020839589,0.018645877,-0.020839589,12.0,1014.0,255.8,256.5,245.85,251.55,22373576.0,248.755,242.155,242.22948,239.05405,237.65056,0.59003156,0.020241288,-0.016614543,0.002736501,-0.038897563,12.0,1015.0,257.25,258.5,248.525,251.975,22594656.0,250.685,243.675,242.7533,240.3562,238.28998,0.6137674,0.005668479,-0.020505322,0.0048590866,-0.033916447,12.0,1016.0,259.25,261.425,256.525,258.475,14570776.0,253.65001,245.02333,243.61661,241.7304,239.12828,0.6465065,0.0077745384,-0.002989369,0.008389538,-0.010511113,12.0
1013.0,250.725,255.4,245.5,245.5,48873500.0,247.56,241.2356,241.05096,237.9346,236.96217,0.5069562,0.022428382,-0.020839589,0.018645877,-0.020839589,12.0,1014.0,255.8,256.5,245.85,251.55,22373576.0,248.755,242.155,242.22948,239.05405,237.65056,0.59003156,0.020241288,-0.016614543,0.002736501,-0.038897563,12.0,1015.0,257.25,258.5,248.525,251.975,22594656.0,250.685,243.675,242.7533,240.3562,238.28998,0.6137674,0.005668479,-0.020505322,0.0048590866,-0.033916447,12.0,1016.0,259.25,261.425,256.525,258.475,14570776.0,253.65001,245.02333,243.61661,241.7304,239.12828,0.6465065,0.0077745384,-0.002989369,0.008389538,-0.010511113,12.0,1017.0,271.5,272.5,260.475,261.25,34942644.0,258.905,247.45667,245.15727,243.5377,240.59613,0.8470334,0.047251686,-0.037753224,0.0036832413,-0.040607713,12.0
1014.0,255.8,256.5,245.85,251.55,22373576.0,248.755,242.155,242.22948,239.05405,237.65056,0.59003156,0.020241288,-0.016614543,0.002736501,-0.038897563,12.0,1015.0,257.25,258.5,248.525,251.975,22594656.0,250.685,243.675,242.7533,240.3562,238.28998,0.6137674,0.005668479,-0.020505322,0.0048590866,-0.033916447,12.0,1016.0,259.25,261.425,256.525,258.475,14570776.0,253.65001,245.02333,243.61661,241.7304,239.12828,0.6465065,0.0077745384,-0.002989369,0.008389538,-0.010511113,12.0,1017.0,271.5,272.5,260.475,261.25,34942644.0,258.905,247.45667,245.15727,243.5377,240.59613,0.8470334,0.047251686,-0.037753224,0.0036832413,-0.040607713,12.0,1018.0,267.975,272.95,265.675,272.95,18602758.0,262.355,249.55501,246.51544,245.31178,242.00467,0.78933084,-0.012983403,0.018565187,0.018565187,-0.008582958,12.0
1015.0,257.25,258.5,248.525,251.975,22594656.0,250.685,243.675,242.7533,240.3562,238.28998,0.6137674,0.005668479,-0.020505322,0.0048590866,-0.033916447,12.0,1016.0,259.25,261.425,256.525,258.475,14570776.0,253.65001,245.02333,243.61661,241.7304,239.12828,0.6465065,0.0077745384,-0.002989369,0.008389538,-0.010511113,12.0,1017.0,271.5,272.5,260.475,261.25,34942644.0,258.905,247.45667,245.15727,243.5377,240.59613,0.8470334,0.047251686,-0.037753224,0.0036832413,-0.040607713,12.0,1018.0,267.975,272.95,265.675,272.95,18602758.0,262.355,249.55501,246.51544,245.31178,242.00467,0.78933084,-0.012983403,0.018565187,0.018565187,-0.008582958,12.0,1019.0,265.975,269.075,263.125,267.9,10374126.0,264.39,251.53667,247.71375,246.66159,243.2767,0.75659174,-0.0074633826,0.0072374763,0.011655253,-0.010715315,12.0
1016.0,259.25,261.425,256.525,258.475,14570776.0,253.65001,245.02333,243.61661,241.7304,239.12828,0.6465065,0.0077745384,-0.002989369,0.008389538,-0.010511113,12.0,1017.0,271.5,272.5,260.475,261.25,34942644.0,258.905,247.45667,245.15727,243.5377,240.59613,0.8470334,0.047251686,-0.037753224,0.0036832413,-0.040607713,12.0,1018.0,267.975,272.95,265.675,272.95,18602758.0,262.355,249.55501,246.51544,245.31178,242.00467,0.78933084,-0.012983403,0.018565187,0.018565187,-0.008582958,12.0,1019.0,265.975,269.075,263.125,267.9,10374126.0,264.39,251.53667,247.71375,246.66159,243.2767,0.75659174,-0.0074633826,0.0072374763,0.011655253,-0.010715315,12.0,1020.0,260.7,268.15,259.75,267.95,13115574.0,265.08002,252.97833,249.02625,247.21864,244.47684,0.6702425,-0.019832667,0.027809741,0.028576836,-0.003644082,12.0
1017.0,271.5,272.5,260.475,261.25,34942644.0,258.905,247.45667,245.15727,243.5377,240.59613,0.8470334,0.047251686,-0.037753224,0.0036832413,-0.040607713,12.0,1018.0,267.975,272.95,265.675,272.95,18602758.0,262.355,249.55501,246.51544,245.31178,242.00467,0.78933084,-0.012983403,0.018565187,0.018565187,-0.008582958,12.0,1019.0,265.975,269.075,263.125,267.9,10374126.0,264.39,251.53667,247.71375,246.66159,243.2767,0.75659174,-0.0074633826,0.0072374763,0.011655253,-0.010715315,12.0,1020.0,260.7,268.15,259.75,267.95,13115574.0,265.08002,252.97833,249.02625,247.21864,244.47684,0.6702425,-0.019832667,0.027809741,0.028576836,-0.003644082,12.0,1021.0,265.525,266.5,260.725,261.4,14596482.0,266.335,254.96834,250.35126,248.16028,245.83116,0.74922526,0.018507792,-0.015535261,0.0036719937,-0.018077347,12.0
1018.0,267.975,272.95,265.675,272.95,18602758.0,262.355,249.55501,246.51544,245.31178,242.00467,0.78933084,-0.012983403,0.018565187,0.018565187,-0.008582958,12.0,1019.0,265.975,269.075,263.125,267.9,10374126.0,264.39,251.53667,247.71375,246.66159,243.2767,0.75659174,-0.0074633826,0.0072374763,0.011655253,-0.010715315,12.0,1020.0,260.7,268.15,259.75,267.95,13115574.0,265.08002,252.97833,249.02625,247.21864,244.47684,0.6702425,-0.019832667,0.027809741,0.028576836,-0.003644082,12.0,1021.0,265.525,266.5,260.725,261.4,14596482.0,266.335,254.96834,250.35126,248.16028,245.83116,0.74922526,0.018507792,-0.015535261,0.0036719937,-0.018077347,12.0,1022.0,268.075,270.625,266.65,267.5,19860994.0,265.65,256.73502,252.005,249.25581,247.22308,0.7909679,0.009603685,-0.0021449677,0.009512218,-0.005315745,12.0
1019.0,265.975,269.075,263.125,267.9,10374126.0,264.39,251.53667,247.71375,246.66159,243.2767,0.75659174,-0.0074633826,0.0072374763,0.011655253,-0.010715315,12.0,1020.0,260.7,268.15,259.75,267.95,13115574.0,265.08002,252.97833,249.02625,247.21864,244.47684,0.6702425,-0.019832667,0.027809741,0.028576836,-0.003644082,12.0,1021.0,265.525,266.5,260.725,261.4,14596482.0,266.335,254.96834,250.35126,248.16028,245.83116,0.74922526,0.018507792,-0.015535261,0.0036719937,-0.018077347,12.0,1022.0,268.075,270.625,266.65,267.5,19860994.0,265.65,256.73502,252.005,249.25581,247.22308,0.7909679,0.009603685,-0.0021449677,0.009512218,-0.005315745,12.0,1023.0,266.45,268.25,263.025,268.125,8820636.0,265.345,258.42,253.5025,250.28136,248.65065,0.7643674,-0.006061736,0.0062863114,0.006755443,-0.012854262,12.0
1020.0,260.7,268.15,259.75,267.95,13115574.0,265.08002,252.97833,249.02625,247.21864,244.47684,0.6702425,-0.019832667,0.027809741,0.028576836,-0.003644082,12.0,1021.0,265.525,266.5,260.725,261.4,14596482.0,266.335,254.96834,250.35126,248.16028,245.83116,0.74922526,0.018507792,-0.015535261,0.0036719937,-0.018077347,12.0,1022.0,268.075,270.625,266.65,267.5,19860994.0,265.65,256.73502,252.005,249.25581,247.22308,0.7909679,0.009603685,-0.0021449677,0.009512218,-0.005315745,12.0,1023.0,266.45,268.25,263.025,268.125,8820636.0,265.345,258.42,253.5025,250.28136,248.65065,0.7643674,-0.006061736,0.0062863114,0.006755443,-0.012854262,12.0,1024.0,265.725,268.7,263.775,267.0,10399260.0,265.295,259.48,254.97626,251.23,249.76715,0.75249934,-0.0027209835,0.0047981706,0.011195808,-0.0073384596,12.0
1021.0,265.525,266.5,260.725,261.4,14596482.0,266.335,254.96834,250.35126,248.16028,245.83116,0.74922526,0.018507792,-0.015535261,0.0036719937,-0.018077347,12.0,1022.0,268.075,270.625,266.65,267.5,19860994.0,265.65,256.73502,252.005,249.25581,247.22308,0.7909679,0.009603685,-0.0021449677,0.009512218,-0.005315745,12.0,1023.0,266.45,268.25,263.025,268.125,8820636.0,265.345,258.42,253.5025,250.28136,248.65065,0.7643674,-0.006061736,0.0062863114,0.006755443,-0.012854262,12.0,1024.0,265.725,268.7,263.775,267.0,10399260.0,265.295,259.48,254.97626,251.23,249.76715,0.75249934,-0.0027209835,0.0047981706,0.011195808,-0.0073384596,12.0,1025.0,258.85,265.475,257.5,265.0,12789056.0,264.92502,260.23,255.96501,252.20601,250.1697,0.63995874,-0.025872612,0.023758909,0.025593972,-0.005215399,12.0
1022.0,268.075,270.625,266.65,267.5,19860994.0,265.65,256.73502,252.005,249.25581,247.22308,0.7909679,0.009603685,-0.0021449677,0.009512218,-0.005315745,12.0,1023.0,266.45,268.25,263.025,268.125,8820636.0,265.345,258.42,253.5025,250.28136,248.65065,0.7643674,-0.006061736,0.0062863114,0.006755443,-0.012854262,12.0,1024.0,265.725,268.7,263.775,267.0,10399260.0,265.295,259.48,254.97626,251.23,249.76715,0.75249934,-0.0027209835,0.0047981706,0.011195808,-0.0073384596,12.0,1025.0,258.85,265.475,257.5,265.0,12789056.0,264.92502,260.23,255.96501,252.20601,250.1697,0.63995874,-0.025872612,0.023758909,0.025593972,-0.005215399,12.0,1026.0,259.3,262.125,256.6,258.65,14462764.0,263.68,261.22168,257.14624,253.017,250.7469,0.64732474,0.0017383877,-0.0025067255,0.010894764,-0.010412579,12.0
1023.0,266.45,268.25,263.025,268.125,8820636.0,265.345,258.42,253.5025,250.28136,248.65065,0.7643674,-0.006061736,0.0062863114,0.006755443,-0.012854262,12.0,1024.0,265.725,268.7,263.775,267.0,10399260.0,265.295,259.48,254.97626,251.23,249.76715,0.75249934,-0.0027209835,0.0047981706,0.011195808,-0.0073384596,12.0,1025.0,258.85,265.475,257.5,265.0,12789056.0,264.92502,260.23,255.96501,252.20601,250.1697,0.63995874,-0.025872612,0.023758909,0.025593972,-0.005215399,12.0,1026.0,259.3,262.125,256.6,258.65,14462764.0,263.68,261.22168,257.14624,253.017,250.7469,0.64732474,0.0017383877,-0.0025067255,0.010894764,-0.010412579,12.0,1027.0,259.55,262.6,258.775,261.2,9420630.0,261.975,262.17667,258.045,253.99901,251.37567,0.65141714,0.00096413423,0.006357251,0.011751179,-0.0029859138,12.0
1024.0,265.725,268.7,263.775,267.0,10399260.0,265.295,259.48,254.97626,251.23,249.76715,0.75249934,-0.0027209835,0.0047981706,0.011195808,-0.0073384596,12.0,1025.0,258.85,265.475,257.5,265.0,12789056.0,264.92502,260.23,255.96501,252.20601,250.1697,0.63995874,-0.025872612,0.023758909,0.025593972,-0.005215399,12.0,1026.0,259.3,262.125,256.6,258.65,14462764.0,263.68,261.22168,257.14624,253.017,250.7469,0.64732474,0.0017383877,-0.0025067255,0.010894764,-0.010412579,12.0,1027.0,259.55,262.6,258.775,261.2,9420630.0,261.975,262.17667,258.045,253.99901,251.37567,0.65141714,0.00096413423,0.006357251,0.011751179,-0.0029859138,12.0,1028.0,260.25,263.2,259.275,261.475,5662370.0,260.735,262.81168,258.99875,254.949,252.02364,0.662876,0.0026970226,0.004707036,0.011335301,-0.003746421,12.0
1025.0,258.85,265.475,257.5,265.0,12789056.0,264.92502,260.23,255.96501,252.20601,250.1697,0.63995874,-0.025872612,0.023758909,0.025593972,-0.005215399,12.0,1026.0,259.3,262.125,256.6,258.65,14462764.0,263.68,261.22168,257.14624,253.017,250.7469,0.64732474,0.0017383877,-0.0025067255,0.010894764,-0.010412579,12.0,1027.0,259.55,262.6,258.775,261.2,9420630.0,261.975,262.17667,258.045,253.99901,251.37567,0.65141714,0.00096413423,0.006357251,0.011751179,-0.0029859138,12.0,1028.0,260.25,263.2,259.275,261.475,5662370.0,260.735,262.81168,258.99875,254.949,252.02364,0.662876,0.0026970226,0.004707036,0.011335301,-0.003746421,12.0,1029.0,256.65,260.25,255.325,258.875,10521548.0,258.91998,262.86835,259.34,255.765,252.51167,0.60394555,-0.013832876,0.008669418,0.014026909,-0.005162661,12.0
1026.0,259.3,262.125,256.6,258.65,14462764.0,263.68,261.22168,257.14624,253.017,250.7469,0.64732474,0.0017383877,-0.0025067255,0.010894764,-0.010412579,12.0,1027.0,259.55,262.6,258.775,261.2,9420630.0,261.975,262.17667,258.045,253.99901,251.37567,0.65141714,0.00096413423,0.006357251,0.011751179,-0.0029859138,12.0,1028.0,260.25,263.2,259.275,261.475,5662370.0,260.735,262.81168,258.99875,254.949,252.02364,0.662876,0.0026970226,0.004707036,0.011335301,-0.003746421,12.0,1029.0,256.65,260.25,255.325,258.875,10521548.0,258.91998,262.86835,259.34,255.765,252.51167,0.60394555,-0.013832876,0.008669418,0.014026909,-0.005162661,12.0,1030.0,256.575,257.425,250.0,256.85,11091922.0,258.465,262.82333,259.78876,256.465,253.24918,0.6027181,-0.00029215543,0.0010717876,0.003312776,-0.025626082,12.0
1027.0,259.55,262.6,258.775,261.2,9420630.0,261.975,262.17667,258.045,253.99901,251.37567,0.65141714,0.00096413423,0.006357251,0.011751179,-0.0029859138,12.0,1028.0,260.25,263.2,259.275,261.475,5662370.0,260.735,262.81168,258.99875,254.949,252.02364,0.662876,0.0026970226,0.004707036,0.011335301,-0.003746421,12.0,1029.0,256.65,260.25,255.325,258.875,10521548.0,258.91998,262.86835,259.34,255.765,252.51167,0.60394555,-0.013832876,0.008669418,0.014026909,-0.005162661,12.0,1030.0,256.575,257.425,250.0,256.85,11091922.0,258.465,262.82333,259.78876,256.465,253.24918,0.6027181,-0.00029215543,0.0010717876,0.003312776,-0.025626082,12.0,1031.0,257.75,260.2,255.25,256.875,9707982.0,258.155,262.72333,260.45502,257.348,253.87334,0.6219521,0.0045795096,-0.0033947623,0.009505382,-0.009699321,12.0
1028.0,260.25,263.2,259.275,261.475,5662370.0,260.735,262.81168,258.99875,254.949,252.02364,0.662876,0.0026970226,0.004707036,0.011335301,-0.003746421,12.0,1029.0,256.65,260.25,255.325,258.875,10521548.0,258.91998,262.86835,259.34,255.765,252.51167,0.60394555,-0.013832876,0.008669418,0.014026909,-0.005162661,12.0,1030.0,256.575,257.425,250.0,256.85,11091922.0,258.465,262.82333,259.78876,256.465,253.24918,0.6027181,-0.00029215543,0.0010717876,0.003312776,-0.025626082,12.0,1031.0,257.75,260.2,255.25,256.875,9707982.0,258.155,262.72333,260.45502,257.348,253.87334,0.6219521,0.0045795096,-0.0033947623,0.009505382,-0.009699321,12.0,1032.0,257.275,259.475,256.15,258.7,11131512.0,257.7,261.775,261.0575,257.976,254.61583,0.6141765,-0.0018428947,0.0055388915,0.008551209,-0.004372753,12.0
1029.0,256.65,260.25,255.325,258.875,10521548.0,258.91998,262.86835,259.34,255.765,252.51167,0.60394555,-0.013832876,0.008669418,0.014026909,-0.005162661,12.0,1030.0,256.575,257.425,250.0,256.85,11091922.0,258.465,262.82333,259.78876,256.465,253.24918,0.6027181,-0.00029215543,0.0010717876,0.003312776,-0.025626082,12.0,1031.0,257.75,260.2,255.25,256.875,9707982.0,258.155,262.72333,260.45502,257.348,253.87334,0.6219521,0.0045795096,-0.0033947623,0.009505382,-0.009699321,12.0,1032.0,257.275,259.475,256.15,258.7,11131512.0,257.7,261.775,261.0575,257.976,254.61583,0.6141765,-0.0018428947,0.0055388915,0.008551209,-0.004372753,12.0,1033.0,255.425,261.25,253.875,256.375,11652760.0,256.73502,260.93832,261.2925,258.546,255.24667,0.583893,-0.0071907137,0.0037192793,0.022805117,-0.0060683293,12.0
1030.0,256.575,257.425,250.0,256.85,11091922.0,258.465,262.82333,259.78876,256.465,253.24918,0.6027181,-0.00029215543,0.0010717876,0.003312776,-0.025626082,12.0,1031.0,257.75,260.2,255.25,256.875,9707982.0,258.155,262.72333,260.45502,257.348,253.87334,0.6219521,0.0045795096,-0.0033947623,0.009505382,-0.009699321,12.0,1032.0,257.275,259.475,256.15,258.7,11131512.0,257.7,261.775,261.0575,257.976,254.61583,0.6141765,-0.0018428947,0.0055388915,0.008551209,-0.004372753,12.0,1033.0,255.425,261.25,253.875,256.375,11652760.0,256.73502,260.93832,261.2925,258.546,255.24667,0.583893,-0.0071907137,0.0037192793,0.022805117,-0.0060683293,12.0,1034.0,252.2,259.35,248.4,256.9,13580480.0,255.845,260.02,261.1125,258.641,255.77834,0.5311011,-0.012626039,0.018635992,0.028350553,-0.015067419,12.0
1031.0,257.75,260.2,255.25,256.875,9707982.0,258.155,262.72333,260.45502,257.348,253.87334,0.6219521,0.0045795096,-0.0033947623,0.009505382,-0.009699321,12.0,1032.0,257.275,259.475,256.15,258.7,11131512.0,257.7,261.775,261.0575,257.976,254.61583,0.6141765,-0.0018428947,0.0055388915,0.008551209,-0.004372753,12.0,1033.0,255.425,261.25,253.875,256.375,11652760.0,256.73502,260.93832,261.2925,258.546,255.24667,0.583893,-0.0071907137,0.0037192793,0.022805117,-0.0060683293,12.0,1034.0,252.2,259.35,248.4,256.9,13580480.0,255.845,260.02,261.1125,258.641,255.77834,0.5311011,-0.012626039,0.018635992,0.028350553,-0.015067419,12.0,1035.0,258.975,259.45,247.575,250.575,12825472.0,256.325,259.905,261.19876,259.096,256.44168,0.64200497,0.026863636,-0.0324356,0.0018341774,-0.04401973,12.0
1032.0,257.275,259.475,256.15,258.7,11131512.0,257.7,261.775,261.0575,257.976,254.61583,0.6141765,-0.0018428947,0.0055388915,0.008551209,-0.004372753,12.0,1033.0,255.425,261.25,253.875,256.375,11652760.0,256.73502,260.93832,261.2925,258.546,255.24667,0.583893,-0.0071907137,0.0037192793,0.022805117,-0.0060683293,12.0,1034.0,252.2,259.35,248.4,256.9,13580480.0,255.845,260.02,261.1125,258.641,255.77834,0.5311011,-0.012626039,0.018635992,0.028350553,-0.015067419,12.0,1035.0,258.975,259.45,247.575,250.575,12825472.0,256.325,259.905,261.19876,259.096,256.44168,0.64200497,0.026863636,-0.0324356,0.0018341774,-0.04401973,12.0,1036.0,258.5,259.125,253.2,257.375,13649086.0,256.475,259.43668,261.16125,259.659,257.2025,0.6342293,-0.0018341774,-0.004352031,0.002417795,-0.020502914,12.0
1033.0,255.425,261.25,253.875,256.375,11652760.0,256.73502,260.93832,261.2925,258.546,255.24667,0.583893,-0.0071907137,0.0037192793,0.022805117,-0.0060683293,12.0,1034.0,252.2,259.35,248.4,256.9,13580480.0,255.845,260.02,261.1125,258.641,255.77834,0.5311011,-0.012626039,0.018635992,0.028350553,-0.015067419,12.0,1035.0,258.975,259.45,247.575,250.575,12825472.0,256.325,259.905,261.19876,259.096,256.44168,0.64200497,0.026863636,-0.0324356,0.0018341774,-0.04401973,12.0,1036.0,258.5,259.125,253.2,257.375,13649086.0,256.475,259.43668,261.16125,259.659,257.2025,0.6342293,-0.0018341774,-0.004352031,0.002417795,-0.020502914,12.0,1037.0,255.1,259.275,254.5,259.0,6393960.0,256.04,258.57166,260.34125,260.05402,257.65332,0.5785729,-0.013152781,0.015288098,0.016366083,-0.0023520426,12.0
1034.0,252.2,259.35,248.4,256.9,13580480.0,255.845,260.02,261.1125,258.641,255.77834,0.5311011,-0.012626039,0.018635992,0.028350553,-0.015067419,12.0,1035.0,258.975,259.45,247.575,250.575,12825472.0,256.325,259.905,261.19876,259.096,256.44168,0.64200497,0.026863636,-0.0324356,0.0018341774,-0.04401973,12.0,1036.0,258.5,259.125,253.2,257.375,13649086.0,256.475,259.43668,261.16125,259.659,257.2025,0.6342293,-0.0018341774,-0.004352031,0.002417795,-0.020502914,12.0,1037.0,255.1,259.275,254.5,259.0,6393960.0,256.04,258.57166,260.34125,260.05402,257.65332,0.5785729,-0.013152781,0.015288098,0.016366083,-0.0023520426,12.0,1038.0,247.425,254.5,246.575,254.5,9617386.0,254.44,257.30334,259.31375,259.922,257.86166,0.45293665,-0.030086253,0.02859451,0.02859451,-0.0034354092,12.0
1035.0,258.975,259.45,247.575,250.575,12825472.0,256.325,259.905,261.19876,259.096,256.44168,0.64200497,0.026863636,-0.0324356,0.0018341774,-0.04401973,12.0,1036.0,258.5,259.125,253.2,257.375,13649086.0,256.475,259.43668,261.16125,259.659,257.2025,0.6342293,-0.0018341774,-0.004352031,0.002417795,-0.020502914,12.0,1037.0,255.1,259.275,254.5,259.0,6393960.0,256.04,258.57166,260.34125,260.05402,257.65332,0.5785729,-0.013152781,0.015288098,0.016366083,-0.0023520426,12.0,1038.0,247.425,254.5,246.575,254.5,9617386.0,254.44,257.30334,259.31375,259.922,257.86166,0.45293665,-0.030086253,0.02859451,0.02859451,-0.0034354092,12.0,1039.0,246.75,250.625,244.6,248.025,8385344.0,253.35,256.03833,258.3525,259.56,257.75916,0.44188714,-0.0027281118,0.0051671485,0.015704153,-0.008713248,12.0
1036.0,258.5,259.125,253.2,257.375,13649086.0,256.475,259.43668,261.16125,259.659,257.2025,0.6342293,-0.0018341774,-0.004352031,0.002417795,-0.020502914,12.0,1037.0,255.1,259.275,254.5,259.0,6393960.0,256.04,258.57166,260.34125,260.05402,257.65332,0.5785729,-0.013152781,0.015288098,0.016366083,-0.0023520426,12.0,1038.0,247.425,254.5,246.575,254.5,9617386.0,254.44,257.30334,259.31375,259.922,257.86166,0.45293665,-0.030086253,0.02859451,0.02859451,-0.0034354092,12.0,1039.0,246.75,250.625,244.6,248.025,8385344.0,253.35,256.03833,258.3525,259.56,257.75916,0.44188714,-0.0027281118,0.0051671485,0.015704153,-0.008713248,12.0,1040.0,250.225,252.65,249.225,249.825,11644580.0,251.6,255.46333,257.82877,259.279,257.84668,0.49877143,0.014083105,-0.0015985979,0.009691229,-0.003996403,12.0
1037.0,255.1,259.275,254.5,259.0,6393960.0,256.04,258.57166,260.34125,260.05402,257.65332,0.5785729,-0.013152781,0.015288098,0.016366083,-0.0023520426,12.0,1038.0,247.425,254.5,246.575,254.5,9617386.0,254.44,257.30334,259.31375,259.922,257.86166,0.45293665,-0.030086253,0.02859451,0.02859451,-0.0034354092,12.0,1039.0,246.75,250.625,244.6,248.025,8385344.0,253.35,256.03833,258.3525,259.56,257.75916,0.44188714,-0.0027281118,0.0051671485,0.015704153,-0.008713248,12.0,1040.0,250.225,252.65,249.225,249.825,11644580.0,251.6,255.46333,257.82877,259.279,257.84668,0.49877143,0.014083105,-0.0015985979,0.009691229,-0.003996403,12.0,1041.0,243.55,245.375,239.775,244.625,28646502.0,248.61,254.41333,256.73,258.651,257.8175,0.38950467,-0.026676003,0.0044138655,0.0074933153,-0.015499935,12.0
1038.0,247.425,254.5,246.575,254.5,9617386.0,254.44,257.30334,259.31375,259.922,257.86166,0.45293665,-0.030086253,0.02859451,0.02859451,-0.0034354092,12.0,1039.0,246.75,250.625,244.6,248.025,8385344.0,253.35,256.03833,258.3525,259.56,257.75916,0.44188714,-0.0027281118,0.0051671485,0.015704153,-0.008713248,12.0,1040.0,250.225,252.65,249.225,249.825,11644580.0,251.6,255.46333,257.82877,259.279,257.84668,0.49877143,0.014083105,-0.0015985979,0.009691229,-0.003996403,12.0,1041.0,243.55,245.375,239.775,244.625,28646502.0,248.61,254.41333,256.73,258.651,257.8175,0.38950467,-0.026676003,0.0044138655,0.0074933153,-0.015499935,12.0,1042.0,239.925,245.475,239.525,243.0,18273346.0,245.575,253.105,255.3225,257.388,257.64084,0.33016506,-0.014884007,0.0128164925,0.02313224,-0.0016672258,12.0
1039.0,246.75,250.625,244.6,248.025,8385344.0,253.35,256.03833,258.3525,259.56,257.75916,0.44188714,-0.0027281118,0.0051671485,0.015704153,-0.008713248,12.0,1040.0,250.225,252.65,249.225,249.825,11644580.0,251.6,255.46333,257.82877,259.279,257.84668,0.49877143,0.014083105,-0.0015985979,0.009691229,-0.003996403,12.0,1041.0,243.55,245.375,239.775,244.625,28646502.0,248.61,254.41333,256.73,258.651,257.8175,0.38950467,-0.026676003,0.0044138655,0.0074933153,-0.015499935,12.0,1042.0,239.925,245.475,239.525,243.0,18273346.0,245.575,253.105,255.3225,257.388,257.64084,0.33016506,-0.014884007,0.0128164925,0.02313224,-0.0016672258,12.0,1043.0,236.15,240.475,235.625,239.85,14320668.0,243.32,251.49834,253.8075,256.115,257.155,0.26836988,-0.015734121,0.01566806,0.018314682,-0.0022231375,12.0
1040.0,250.225,252.65,249.225,249.825,11644580.0,251.6,255.46333,257.82877,259.279,257.84668,0.49877143,0.014083105,-0.0015985979,0.009691229,-0.003996403,12.0,1041.0,243.55,245.375,239.775,244.625,28646502.0,248.61,254.41333,256.73,258.651,257.8175,0.38950467,-0.026676003,0.0044138655,0.0074933153,-0.015499935,12.0,1042.0,239.925,245.475,239.525,243.0,18273346.0,245.575,253.105,255.3225,257.388,257.64084,0.33016506,-0.014884007,0.0128164925,0.02313224,-0.0016672258,12.0,1043.0,236.15,240.475,235.625,239.85,14320668.0,243.32,251.49834,253.8075,256.115,257.155,0.26836988,-0.015734121,0.01566806,0.018314682,-0.0022231375,12.0,1044.0,240.05,241.525,237.65,238.35,15455150.0,241.98,250.39166,252.52374,255.078,256.63,0.33221126,0.016514966,-0.0070818453,0.006144515,-0.0099979555,12.0
1041.0,243.55,245.375,239.775,244.625,28646502.0,248.61,254.41333,256.73,258.651,257.8175,0.38950467,-0.026676003,0.0044138655,0.0074933153,-0.015499935,12.0,1042.0,239.925,245.475,239.525,243.0,18273346.0,245.575,253.105,255.3225,257.388,257.64084,0.33016506,-0.014884007,0.0128164925,0.02313224,-0.0016672258,12.0,1043.0,236.15,240.475,235.625,239.85,14320668.0,243.32,251.49834,253.8075,256.115,257.155,0.26836988,-0.015734121,0.01566806,0.018314682,-0.0022231375,12.0,1044.0,240.05,241.525,237.65,238.35,15455150.0,241.98,250.39166,252.52374,255.078,256.63,0.33221126,0.016514966,-0.0070818453,0.006144515,-0.0099979555,12.0,1045.0,242.475,243.2,240.775,241.85,6041008.0,240.43001,249.45168,251.705,254.349,256.1375,0.37190744,0.010102075,-0.0025775852,0.002989961,-0.007011082,12.0
1042.0,239.925,245.475,239.525,243.0,18273346.0,245.575,253.105,255.3225,257.388,257.64084,0.33016506,-0.014884007,0.0128164925,0.02313224,-0.0016672258,12.0,1043.0,236.15,240.475,235.625,239.85,14320668.0,243.32,251.49834,253.8075,256.115,257.155,0.26836988,-0.015734121,0.01566806,0.018314682,-0.0022231375,12.0,1044.0,240.05,241.525,237.65,238.35,15455150.0,241.98,250.39166,252.52374,255.078,256.63,0.33221126,0.016514966,-0.0070818453,0.006144515,-0.0099979555,12.0,1045.0,242.475,243.2,240.775,241.85,6041008.0,240.43001,249.45168,251.705,254.349,256.1375,0.37190744,0.010102075,-0.0025775852,0.002989961,-0.007011082,12.0,1046.0,240.6,241.35,239.8,240.975,6932654.0,239.84,248.30833,250.77,253.352,255.51584,0.34121457,-0.007732756,0.0015586035,0.003117207,-0.0033250335,12.0
1043.0,236.15,240.475,235.625,239.85,14320668.0,243.32,251.49834,253.8075,256.115,257.155,0.26836988,-0.015734121,0.01566806,0.018314682,-0.0022231375,12.0,1044.0,240.05,241.525,237.65,238.35,15455150.0,241.98,250.39166,252.52374,255.078,256.63,0.33221126,0.016514966,-0.0070818453,0.006144515,-0.0099979555,12.0,1045.0,242.475,243.2,240.775,241.85,6041008.0,240.43001,249.45168,251.705,254.349,256.1375,0.37190744,0.010102075,-0.0025775852,0.002989961,-0.007011082,12.0,1046.0,240.6,241.35,239.8,240.975,6932654.0,239.84,248.30833,250.77,253.352,255.51584,0.34121457,-0.007732756,0.0015586035,0.003117207,-0.0033250335,12.0,1047.0,241.6,243.85,237.975,240.0,13794516.0,240.175,247.26334,249.8725,252.293,254.51917,0.3575841,0.0041562757,-0.0066225417,0.009312914,-0.015004138,12.0
1044.0,240.05,241.525,237.65,238.35,15455150.0,241.98,250.39166,252.52374,255.078,256.63,0.33221126,0.016514966,-0.0070818453,0.006144515,-0.0099979555,12.0,1045.0,242.475,243.2,240.775,241.85,6041008.0,240.43001,249.45168,251.705,254.349,256.1375,0.37190744,0.010102075,-0.0025775852,0.002989961,-0.007011082,12.0,1046.0,240.6,241.35,239.8,240.975,6932654.0,239.84,248.30833,250.77,253.352,255.51584,0.34121457,-0.007732756,0.0015586035,0.003117207,-0.0033250335,12.0,1047.0,241.6,243.85,237.975,240.0,13794516.0,240.175,247.26334,249.8725,252.293,254.51917,0.3575841,0.0041562757,-0.0066225417,0.009312914,-0.015004138,12.0,1048.0,243.7,245.975,239.8,242.9,16004046.0,241.685,246.48167,249.045,251.383,253.71,0.39196,0.008692015,-0.0032827372,0.009335286,-0.016003259,12.0
1045.0,242.475,243.2,240.775,241.85,6041008.0,240.43001,249.45168,251.705,254.349,256.1375,0.37190744,0.010102075,-0.0025775852,0.002989961,-0.007011082,12.0,1046.0,240.6,241.35,239.8,240.975,6932654.0,239.84,248.30833,250.77,253.352,255.51584,0.34121457,-0.007732756,0.0015586035,0.003117207,-0.0033250335,12.0,1047.0,241.6,243.85,237.975,240.0,13794516.0,240.175,247.26334,249.8725,252.293,254.51917,0.3575841,0.0041562757,-0.0066225417,0.009312914,-0.015004138,12.0,1048.0,243.7,245.975,239.8,242.9,16004046.0,241.685,246.48167,249.045,251.383,253.71,0.39196,0.008692015,-0.0032827372,0.009335286,-0.016003259,12.0,1049.0,242.525,243.575,241.275,243.25,6414344.0,242.18001,245.83667,248.33875,250.455,252.92833,0.37272573,-0.0048215142,0.0029894079,0.0043294635,-0.005154108,12.0
1046.0,240.6,241.35,239.8,240.975,6932654.0,239.84,248.30833,250.77,253.352,255.51584,0.34121457,-0.007732756,0.0015586035,0.003117207,-0.0033250335,12.0,1047.0,241.6,243.85,237.975,240.0,13794516.0,240.175,247.26334,249.8725,252.293,254.51917,0.3575841,0.0041562757,-0.0066225417,0.009312914,-0.015004138,12.0,1048.0,243.7,245.975,239.8,242.9,16004046.0,241.685,246.48167,249.045,251.383,253.71,0.39196,0.008692015,-0.0032827372,0.009335286,-0.016003259,12.0,1049.0,242.525,243.575,241.275,243.25,6414344.0,242.18001,245.83667,248.33875,250.455,252.92833,0.37272573,-0.0048215142,0.0029894079,0.0043294635,-0.005154108,12.0,1050.0,239.95,245.8,239.1,245.0,26640770.0,241.675,244.56833,247.5075,249.699,252.23666,0.3305742,-0.01061745,0.021046065,0.024380105,-0.0035423667,12.0
1047.0,241.6,243.85,237.975,240.0,13794516.0,240.175,247.26334,249.8725,252.293,254.51917,0.3575841,0.0041562757,-0.0066225417,0.009312914,-0.015004138,12.0,1048.0,243.7,245.975,239.8,242.9,16004046.0,241.685,246.48167,249.045,251.383,253.71,0.39196,0.008692015,-0.0032827372,0.009335286,-0.016003259,12.0,1049.0,242.525,243.575,241.275,243.25,6414344.0,242.18001,245.83667,248.33875,250.455,252.92833,0.37272573,-0.0048215142,0.0029894079,0.0043294635,-0.005154108,12.0,1050.0,239.95,245.8,239.1,245.0,26640770.0,241.675,244.56833,247.5075,249.699,252.23666,0.3305742,-0.01061745,0.021046065,0.024380105,-0.0035423667,12.0,1051.0,237.9,242.625,237.6,241.975,15801250.0,241.135,243.195,246.515,248.843,251.31584,0.2970166,-0.00854346,0.017129097,0.019861313,-0.0012609828,12.0
1048.0,243.7,245.975,239.8,242.9,16004046.0,241.685,246.48167,249.045,251.383,253.71,0.39196,0.008692015,-0.0032827372,0.009335286,-0.016003259,12.0,1049.0,242.525,243.575,241.275,243.25,6414344.0,242.18001,245.83667,248.33875,250.455,252.92833,0.37272573,-0.0048215142,0.0029894079,0.0043294635,-0.005154108,12.0,1050.0,239.95,245.8,239.1,245.0,26640770.0,241.675,244.56833,247.5075,249.699,252.23666,0.3305742,-0.01061745,0.021046065,0.024380105,-0.0035423667,12.0,1051.0,237.9,242.625,237.6,241.975,15801250.0,241.135,243.195,246.515,248.843,251.31584,0.2970166,-0.00854346,0.017129097,0.019861313,-0.0012609828,12.0,1052.0,238.65,239.725,236.55,238.75,10771534.0,240.545,242.09833,245.58376,248.007,250.335,0.30929375,0.0031525851,0.00041904926,0.004504556,-0.008799459,12.0
1049.0,242.525,243.575,241.275,243.25,6414344.0,242.18001,245.83667,248.33875,250.455,252.92833,0.37272573,-0.0048215142,0.0029894079,0.0043294635,-0.005154108,12.0,1050.0,239.95,245.8,239.1,245.0,26640770.0,241.675,244.56833,247.5075,249.699,252.23666,0.3305742,-0.01061745,0.021046065,0.024380105,-0.0035423667,12.0,1051.0,237.9,242.625,237.6,241.975,15801250.0,241.135,243.195,246.515,248.843,251.31584,0.2970166,-0.00854346,0.017129097,0.019861313,-0.0012609828,12.0,1052.0,238.65,239.725,236.55,238.75,10771534.0,240.545,242.09833,245.58376,248.007,250.335,0.30929375,0.0031525851,0.00041904926,0.004504556,-0.008799459,12.0,1053.0,235.375,240.0,235.0,237.5,13170046.0,238.87999,241.295,244.58125,247.012,249.29916,0.25568357,-0.013723,0.009028147,0.019649496,-0.0015932024,12.0
1050.0,239.95,245.8,239.1,245.0,26640770.0,241.675,244.56833,247.5075,249.699,252.23666,0.3305742,-0.01061745,0.021046065,0.024380105,-0.0035423667,12.0,1051.0,237.9,242.625,237.6,241.975,15801250.0,241.135,243.195,246.515,248.843,251.31584,0.2970166,-0.00854346,0.017129097,0.019861313,-0.0012609828,12.0,1052.0,238.65,239.725,236.55,238.75,10771534.0,240.545,242.09833,245.58376,248.007,250.335,0.30929375,0.0031525851,0.00041904926,0.004504556,-0.008799459,12.0,1053.0,235.375,240.0,235.0,237.5,13170046.0,238.87999,241.295,244.58125,247.012,249.29916,0.25568357,-0.013723,0.009028147,0.019649496,-0.0015932024,12.0,1054.0,229.675,234.175,229.1,233.225,12176472.0,236.31,240.15666,243.455,245.933,248.0975,0.16237722,-0.024216663,0.015456636,0.019592904,-0.0025035243,12.0
1051.0,237.9,242.625,237.6,241.975,15801250.0,241.135,243.195,246.515,248.843,251.31584,0.2970166,-0.00854346,0.017129097,0.019861313,-0.0012609828,12.0,1052.0,238.65,239.725,236.55,238.75,10771534.0,240.545,242.09833,245.58376,248.007,250.335,0.30929375,0.0031525851,0.00041904926,0.004504556,-0.008799459,12.0,1053.0,235.375,240.0,235.0,237.5,13170046.0,238.87999,241.295,244.58125,247.012,249.29916,0.25568357,-0.013723,0.009028147,0.019649496,-0.0015932024,12.0,1054.0,229.675,234.175,229.1,233.225,12176472.0,236.31,240.15666,243.455,245.933,248.0975,0.16237722,-0.024216663,0.015456636,0.019592904,-0.0025035243,12.0,1055.0,224.175,229.25,222.4,226.525,21439424.0,233.155,238.42,241.715,244.637,246.94167,0.072344735,-0.023946881,0.01048284,0.02263855,-0.007917962,12.0
1052.0,238.65,239.725,236.55,238.75,10771534.0,240.545,242.09833,245.58376,248.007,250.335,0.30929375,0.0031525851,0.00041904926,0.004504556,-0.008799459,12.0,1053.0,235.375,240.0,235.0,237.5,13170046.0,238.87999,241.295,244.58125,247.012,249.29916,0.25568357,-0.013723,0.009028147,0.019649496,-0.0015932024,12.0,1054.0,229.675,234.175,229.1,233.225,12176472.0,236.31,240.15666,243.455,245.933,248.0975,0.16237722,-0.024216663,0.015456636,0.019592904,-0.0025035243,12.0,1055.0,224.175,229.25,222.4,226.525,21439424.0,233.155,238.42,241.715,244.637,246.94167,0.072344735,-0.023946881,0.01048284,0.02263855,-0.007917962,12.0,1056.0,222.175,227.725,221.425,226.25,21986258.0,230.01,236.995,239.89876,243.214,245.70416,0.039605644,-0.008921601,0.018341383,0.024980322,-0.0033757172,12.0
1053.0,235.375,240.0,235.0,237.5,13170046.0,238.87999,241.295,244.58125,247.012,249.29916,0.25568357,-0.013723,0.009028147,0.019649496,-0.0015932024,12.0,1054.0,229.675,234.175,229.1,233.225,12176472.0,236.31,240.15666,243.455,245.933,248.0975,0.16237722,-0.024216663,0.015456636,0.019592904,-0.0025035243,12.0,1055.0,224.175,229.25,222.4,226.525,21439424.0,233.155,238.42,241.715,244.637,246.94167,0.072344735,-0.023946881,0.01048284,0.02263855,-0.007917962,12.0,1056.0,222.175,227.725,221.425,226.25,21986258.0,230.01,236.995,239.89876,243.214,245.70416,0.039605644,-0.008921601,0.018341383,0.024980322,-0.0033757172,12.0,1057.0,226.375,226.95,218.5,220.0,20470106.0,227.55501,236.09166,238.4625,241.978,244.59833,0.10835768,0.018904002,-0.028161237,0.0025400196,-0.03478741,12.0
1054.0,229.675,234.175,229.1,233.225,12176472.0,236.31,240.15666,243.455,245.933,248.0975,0.16237722,-0.024216663,0.015456636,0.019592904,-0.0025035243,12.0,1055.0,224.175,229.25,222.4,226.525,21439424.0,233.155,238.42,241.715,244.637,246.94167,0.072344735,-0.023946881,0.01048284,0.02263855,-0.007917962,12.0,1056.0,222.175,227.725,221.425,226.25,21986258.0,230.01,236.995,239.89876,243.214,245.70416,0.039605644,-0.008921601,0.018341383,0.024980322,-0.0033757172,12.0,1057.0,226.375,226.95,218.5,220.0,20470106.0,227.55501,236.09166,238.4625,241.978,244.59833,0.10835768,0.018904002,-0.028161237,0.0025400196,-0.03478741,12.0,1058.0,231.0,233.075,225.0,226.375,18881740.0,226.68001,235.74834,237.64125,241.001,243.62334,0.18406683,0.0204307,-0.020021645,0.0089826705,-0.025974026,12.0
1055.0,224.175,229.25,222.4,226.525,21439424.0,233.155,238.42,241.715,244.637,246.94167,0.072344735,-0.023946881,0.01048284,0.02263855,-0.007917962,12.0,1056.0,222.175,227.725,221.425,226.25,21986258.0,230.01,236.995,239.89876,243.214,245.70416,0.039605644,-0.008921601,0.018341383,0.024980322,-0.0033757172,12.0,1057.0,226.375,226.95,218.5,220.0,20470106.0,227.55501,236.09166,238.4625,241.978,244.59833,0.10835768,0.018904002,-0.028161237,0.0025400196,-0.03478741,12.0,1058.0,231.0,233.075,225.0,226.375,18881740.0,226.68001,235.74834,237.64125,241.001,243.62334,0.18406683,0.0204307,-0.020021645,0.0089826705,-0.025974026,12.0,1059.0,231.05,233.4,230.1,233.4,10322712.0,226.955,235.14833,236.85625,240.155,242.77,0.18488535,0.00021646342,0.010170919,0.010170919,-0.004111651,12.0
1056.0,222.175,227.725,221.425,226.25,21986258.0,230.01,236.995,239.89876,243.214,245.70416,0.039605644,-0.008921601,0.018341383,0.024980322,-0.0033757172,12.0,1057.0,226.375,226.95,218.5,220.0,20470106.0,227.55501,236.09166,238.4625,241.978,244.59833,0.10835768,0.018904002,-0.028161237,0.0025400196,-0.03478741,12.0,1058.0,231.0,233.075,225.0,226.375,18881740.0,226.68001,235.74834,237.64125,241.001,243.62334,0.18406683,0.0204307,-0.020021645,0.0089826705,-0.025974026,12.0,1059.0,231.05,233.4,230.1,233.4,10322712.0,226.955,235.14833,236.85625,240.155,242.77,0.18488535,0.00021646342,0.010170919,0.010170919,-0.004111651,12.0,1060.0,229.95,232.325,229.3,231.95,5915168.0,228.11,234.31334,235.8425,238.994,241.8825,0.16687876,-0.0047609005,0.008697543,0.010328332,-0.0028266748,12.0
1057.0,226.375,226.95,218.5,220.0,20470106.0,227.55501,236.09166,238.4625,241.978,244.59833,0.10835768,0.018904002,-0.028161237,0.0025400196,-0.03478741,12.0,1058.0,231.0,233.075,225.0,226.375,18881740.0,226.68001,235.74834,237.64125,241.001,243.62334,0.18406683,0.0204307,-0.020021645,0.0089826705,-0.025974026,12.0,1059.0,231.05,233.4,230.1,233.4,10322712.0,226.955,235.14833,236.85625,240.155,242.77,0.18488535,0.00021646342,0.010170919,0.010170919,-0.004111651,12.0,1060.0,229.95,232.325,229.3,231.95,5915168.0,228.11,234.31334,235.8425,238.994,241.8825,0.16687876,-0.0047609005,0.008697543,0.010328332,-0.0028266748,12.0,1061.0,230.5,231.275,227.9,229.45,11805090.0,229.775,233.64,235.19,237.87401,240.97417,0.17588206,0.0023918375,-0.004555328,0.0033622296,-0.011279853,12.0
1058.0,231.0,233.075,225.0,226.375,18881740.0,226.68001,235.74834,237.64125,241.001,243.62334,0.18406683,0.0204307,-0.020021645,0.0089826705,-0.025974026,12.0,1059.0,231.05,233.4,230.1,233.4,10322712.0,226.955,235.14833,236.85625,240.155,242.77,0.18488535,0.00021646342,0.010170919,0.010170919,-0.004111651,12.0,1060.0,229.95,232.325,229.3,231.95,5915168.0,228.11,234.31334,235.8425,238.994,241.8825,0.16687876,-0.0047609005,0.008697543,0.010328332,-0.0028266748,12.0,1061.0,230.5,231.275,227.9,229.45,11805090.0,229.775,233.64,235.19,237.87401,240.97417,0.17588206,0.0023918375,-0.004555328,0.0033622296,-0.011279853,12.0,1062.0,232.3,237.9,230.8,230.95,21478294.0,230.96,233.02,234.80875,236.962,240.14166,0.20534728,0.007809124,-0.005811477,0.024106719,-0.006457167,12.0
1059.0,231.05,233.4,230.1,233.4,10322712.0,226.955,235.14833,236.85625,240.155,242.77,0.18488535,0.00021646342,0.010170919,0.010170919,-0.004111651,12.0,1060.0,229.95,232.325,229.3,231.95,5915168.0,228.11,234.31334,235.8425,238.994,241.8825,0.16687876,-0.0047609005,0.008697543,0.010328332,-0.0028266748,12.0,1061.0,230.5,231.275,227.9,229.45,11805090.0,229.775,233.64,235.19,237.87401,240.97417,0.17588206,0.0023918375,-0.004555328,0.0033622296,-0.011279853,12.0,1062.0,232.3,237.9,230.8,230.95,21478294.0,230.96,233.02,234.80875,236.962,240.14166,0.20534728,0.007809124,-0.005811477,0.024106719,-0.006457167,12.0,1063.0,231.475,234.0,230.8,233.825,7249940.0,231.05501,232.205,234.575,236.324,239.34334,0.19184245,-0.003551429,0.010152244,0.010908279,-0.0029160948,12.0
1060.0,229.95,232.325,229.3,231.95,5915168.0,228.11,234.31334,235.8425,238.994,241.8825,0.16687876,-0.0047609005,0.008697543,0.010328332,-0.0028266748,12.0,1061.0,230.5,231.275,227.9,229.45,11805090.0,229.775,233.64,235.19,237.87401,240.97417,0.17588206,0.0023918375,-0.004555328,0.0033622296,-0.011279853,12.0,1062.0,232.3,237.9,230.8,230.95,21478294.0,230.96,233.02,234.80875,236.962,240.14166,0.20534728,0.007809124,-0.005811477,0.024106719,-0.006457167,12.0,1063.0,231.475,234.0,230.8,233.825,7249940.0,231.05501,232.205,234.575,236.324,239.34334,0.19184245,-0.003551429,0.010152244,0.010908279,-0.0029160948,12.0,1064.0,231.2,233.375,230.75,231.5,8902956.0,231.085,231.45,234.1325,235.702,238.64334,0.18734069,-0.0011880728,0.001297591,0.009407452,-0.0019463536,12.0
1061.0,230.5,231.275,227.9,229.45,11805090.0,229.775,233.64,235.19,237.87401,240.97417,0.17588206,0.0023918375,-0.004555328,0.0033622296,-0.011279853,12.0,1062.0,232.3,237.9,230.8,230.95,21478294.0,230.96,233.02,234.80875,236.962,240.14166,0.20534728,0.007809124,-0.005811477,0.024106719,-0.006457167,12.0,1063.0,231.475,234.0,230.8,233.825,7249940.0,231.05501,232.205,234.575,236.324,239.34334,0.19184245,-0.003551429,0.010152244,0.010908279,-0.0029160948,12.0,1064.0,231.2,233.375,230.75,231.5,8902956.0,231.085,231.45,234.1325,235.702,238.64334,0.18734069,-0.0011880728,0.001297591,0.009407452,-0.0019463536,12.0,1065.0,228.7,231.5,227.725,231.2,14937276.0,230.835,230.7,233.44376,234.841,237.63417,0.14641683,-0.010813149,0.010931351,0.0122431265,-0.004263187,12.0
1062.0,232.3,237.9,230.8,230.95,21478294.0,230.96,233.02,234.80875,236.962,240.14166,0.20534728,0.007809124,-0.005811477,0.024106719,-0.006457167,12.0,1063.0,231.475,234.0,230.8,233.825,7249940.0,231.05501,232.205,234.575,236.324,239.34334,0.19184245,-0.003551429,0.010152244,0.010908279,-0.0029160948,12.0,1064.0,231.2,233.375,230.75,231.5,8902956.0,231.085,231.45,234.1325,235.702,238.64334,0.18734069,-0.0011880728,0.001297591,0.009407452,-0.0019463536,12.0,1065.0,228.7,231.5,227.725,231.2,14937276.0,230.835,230.7,233.44376,234.841,237.63417,0.14641683,-0.010813149,0.010931351,0.0122431265,-0.004263187,12.0,1066.0,228.675,231.0,226.6,230.2,9730626.0,230.47,230.085,232.8475,234.246,236.64,0.14600769,-0.000109286826,0.0066688266,0.010167254,-0.009074,12.0
1063.0,231.475,234.0,230.8,233.825,7249940.0,231.05501,232.205,234.575,236.324,239.34334,0.19184245,-0.003551429,0.010152244,0.010908279,-0.0029160948,12.0,1064.0,231.2,233.375,230.75,231.5,8902956.0,231.085,231.45,234.1325,235.702,238.64334,0.18734069,-0.0011880728,0.001297591,0.009407452,-0.0019463536,12.0,1065.0,228.7,231.5,227.725,231.2,14937276.0,230.835,230.7,233.44376,234.841,237.63417,0.14641683,-0.010813149,0.010931351,0.0122431265,-0.004263187,12.0,1066.0,228.675,231.0,226.6,230.2,9730626.0,230.47,230.085,232.8475,234.246,236.64,0.14600769,-0.000109286826,0.0066688266,0.010167254,-0.009074,12.0,1067.0,229.325,231.3,228.0,229.4,6918126.0,229.875,229.46333,232.23375,233.822,235.78084,0.15664779,0.0028424354,0.00032703346,0.008612258,-0.005777813,12.0
1064.0,231.2,233.375,230.75,231.5,8902956.0,231.085,231.45,234.1325,235.702,238.64334,0.18734069,-0.0011880728,0.001297591,0.009407452,-0.0019463536,12.0,1065.0,228.7,231.5,227.725,231.2,14937276.0,230.835,230.7,233.44376,234.841,237.63417,0.14641683,-0.010813149,0.010931351,0.0122431265,-0.004263187,12.0,1066.0,228.675,231.0,226.6,230.2,9730626.0,230.47,230.085,232.8475,234.246,236.64,0.14600769,-0.000109286826,0.0066688266,0.010167254,-0.009074,12.0,1067.0,229.325,231.3,228.0,229.4,6918126.0,229.875,229.46333,232.23375,233.822,235.78084,0.15664779,0.0028424354,0.00032703346,0.008612258,-0.005777813,12.0,1068.0,231.95,232.675,227.0,230.9,9278528.0,229.97,229.235,231.64626,233.654,235.265,0.19961785,0.011446637,-0.004526851,0.0031257,-0.021340793,12.0
1065.0,228.7,231.5,227.725,231.2,14937276.0,230.835,230.7,233.44376,234.841,237.63417,0.14641683,-0.010813149,0.010931351,0.0122431265,-0.004263187,12.0,1066.0,228.675,231.0,226.6,230.2,9730626.0,230.47,230.085,232.8475,234.246,236.64,0.14600769,-0.000109286826,0.0066688266,0.010167254,-0.009074,12.0,1067.0,229.325,231.3,228.0,229.4,6918126.0,229.875,229.46333,232.23375,233.822,235.78084,0.15664779,0.0028424354,0.00032703346,0.008612258,-0.005777813,12.0,1068.0,231.95,232.675,227.0,230.9,9278528.0,229.97,229.235,231.64626,233.654,235.265,0.19961785,0.011446637,-0.004526851,0.0031257,-0.021340793,12.0,1069.0,231.6,233.2,230.65,232.5,8205680.0,230.05,229.36333,231.1,233.316,234.76,0.19388865,-0.0015089065,0.003885984,0.0069084233,-0.0041019525,12.0
1066.0,228.675,231.0,226.6,230.2,9730626.0,230.47,230.085,232.8475,234.246,236.64,0.14600769,-0.000109286826,0.0066688266,0.010167254,-0.009074,12.0,1067.0,229.325,231.3,228.0,229.4,6918126.0,229.875,229.46333,232.23375,233.822,235.78084,0.15664779,0.0028424354,0.00032703346,0.008612258,-0.005777813,12.0,1068.0,231.95,232.675,227.0,230.9,9278528.0,229.97,229.235,231.64626,233.654,235.265,0.19961785,0.011446637,-0.004526851,0.0031257,-0.021340793,12.0,1069.0,231.6,233.2,230.65,232.5,8205680.0,230.05,229.36333,231.1,233.316,234.76,0.19388865,-0.0015089065,0.003885984,0.0069084233,-0.0041019525,12.0,1070.0,227.95,232.2,227.025,230.875,9233484.0,229.9,229.615,230.5,232.735,234.0175,0.13413966,-0.01575997,0.012831775,0.018644439,-0.004057921,12.0
1067.0,229.325,231.3,228.0,229.4,6918126.0,229.875,229.46333,232.23375,233.822,235.78084,0.15664779,0.0028424354,0.00032703346,0.008612258,-0.005777813,12.0,1068.0,231.95,232.675,227.0,230.9,9278528.0,229.97,229.235,231.64626,233.654,235.265,0.19961785,0.011446637,-0.004526851,0.0031257,-0.021340793,12.0,1069.0,231.6,233.2,230.65,232.5,8205680.0,230.05,229.36333,231.1,233.316,234.76,0.19388865,-0.0015089065,0.003885984,0.0069084233,-0.0041019525,12.0,1070.0,227.95,232.2,227.025,230.875,9233484.0,229.9,229.615,230.5,232.735,234.0175,0.13413966,-0.01575997,0.012831775,0.018644439,-0.004057921,12.0,1071.0,225.925,228.75,225.15,228.025,6654714.0,229.35,229.865,229.90125,232.148,233.43,0.100991435,-0.0088835005,0.00929508,0.012504136,-0.0034303823,12.0
1068.0,231.95,232.675,227.0,230.9,9278528.0,229.97,229.235,231.64626,233.654,235.265,0.19961785,0.011446637,-0.004526851,0.0031257,-0.021340793,12.0,1069.0,231.6,233.2,230.65,232.5,8205680.0,230.05,229.36333,231.1,233.316,234.76,0.19388865,-0.0015089065,0.003885984,0.0069084233,-0.0041019525,12.0,1070.0,227.95,232.2,227.025,230.875,9233484.0,229.9,229.615,230.5,232.735,234.0175,0.13413966,-0.01575997,0.012831775,0.018644439,-0.004057921,12.0,1071.0,225.925,228.75,225.15,228.025,6654714.0,229.35,229.865,229.90125,232.148,233.43,0.100991435,-0.0088835005,0.00929508,0.012504136,-0.0034303823,12.0,1072.0,225.975,226.625,222.5,225.925,7111608.0,228.68001,229.83833,229.2675,231.523,232.965,0.10180996,0.00022132588,-0.00022127692,0.0028763972,-0.0153778335,12.0
1069.0,231.6,233.2,230.65,232.5,8205680.0,230.05,229.36333,231.1,233.316,234.76,0.19388865,-0.0015089065,0.003885984,0.0069084233,-0.0041019525,12.0,1070.0,227.95,232.2,227.025,230.875,9233484.0,229.9,229.615,230.5,232.735,234.0175,0.13413966,-0.01575997,0.012831775,0.018644439,-0.004057921,12.0,1071.0,225.925,228.75,225.15,228.025,6654714.0,229.35,229.865,229.90125,232.148,233.43,0.100991435,-0.0088835005,0.00929508,0.012504136,-0.0034303823,12.0,1072.0,225.975,226.625,222.5,225.925,7111608.0,228.68001,229.83833,229.2675,231.523,232.965,0.10180996,0.00022132588,-0.00022127692,0.0028763972,-0.0153778335,12.0,1073.0,228.175,229.95,226.1,226.35,4909420.0,227.925,229.65,228.9075,230.902,232.69917,0.13782291,0.009735577,-0.007998234,0.00777909,-0.009093883,12.0
1070.0,227.95,232.2,227.025,230.875,9233484.0,229.9,229.615,230.5,232.735,234.0175,0.13413966,-0.01575997,0.012831775,0.018644439,-0.004057921,12.0,1071.0,225.925,228.75,225.15,228.025,6654714.0,229.35,229.865,229.90125,232.148,233.43,0.100991435,-0.0088835005,0.00929508,0.012504136,-0.0034303823,12.0,1072.0,225.975,226.625,222.5,225.925,7111608.0,228.68001,229.83833,229.2675,231.523,232.965,0.10180996,0.00022132588,-0.00022127692,0.0028763972,-0.0153778335,12.0,1073.0,228.175,229.95,226.1,226.35,4909420.0,227.925,229.65,228.9075,230.902,232.69917,0.13782291,0.009735577,-0.007998234,0.00777909,-0.009093883,12.0,1074.0,229.15,229.875,227.325,228.175,4793424.0,227.435,229.52333,228.88126,230.367,232.33583,0.15378307,0.004272996,-0.004254815,0.0031638932,-0.007964202,12.0
1071.0,225.925,228.75,225.15,228.025,6654714.0,229.35,229.865,229.90125,232.148,233.43,0.100991435,-0.0088835005,0.00929508,0.012504136,-0.0034303823,12.0,1072.0,225.975,226.625,222.5,225.925,7111608.0,228.68001,229.83833,229.2675,231.523,232.965,0.10180996,0.00022132588,-0.00022127692,0.0028763972,-0.0153778335,12.0,1073.0,228.175,229.95,226.1,226.35,4909420.0,227.925,229.65,228.9075,230.902,232.69917,0.13782291,0.009735577,-0.007998234,0.00777909,-0.009093883,12.0,1074.0,229.15,229.875,227.325,228.175,4793424.0,227.435,229.52333,228.88126,230.367,232.33583,0.15378307,0.004272996,-0.004254815,0.0031638932,-0.007964202,12.0,1075.0,232.225,233.75,228.05,231.0,14621472.0,228.29001,229.675,229.28375,230.058,231.99417,0.20411962,0.013419212,-0.005275083,0.0065668807,-0.017978266,12.0
1072.0,225.975,226.625,222.5,225.925,7111608.0,228.68001,229.83833,229.2675,231.523,232.965,0.10180996,0.00022132588,-0.00022127692,0.0028763972,-0.0153778335,12.0,1073.0,228.175,229.95,226.1,226.35,4909420.0,227.925,229.65,228.9075,230.902,232.69917,0.13782291,0.009735577,-0.007998234,0.00777909,-0.009093883,12.0,1074.0,229.15,229.875,227.325,228.175,4793424.0,227.435,229.52333,228.88126,230.367,232.33583,0.15378307,0.004272996,-0.004254815,0.0031638932,-0.007964202,12.0,1075.0,232.225,233.75,228.05,231.0,14621472.0,228.29001,229.675,229.28375,230.058,231.99417,0.20411962,0.013419212,-0.005275083,0.0065668807,-0.017978266,12.0,1076.0,230.5,232.2,230.025,232.2,6876820.0,229.205,229.675,229.7,229.762,231.6575,0.17588206,-0.007428167,0.007375258,0.007375258,-0.002060764,12.0
1073.0,228.175,229.95,226.1,226.35,4909420.0,227.925,229.65,228.9075,230.902,232.69917,0.13782291,0.009735577,-0.007998234,0.00777909,-0.009093883,12.0,1074.0,229.15,229.875,227.325,228.175,4793424.0,227.435,229.52333,228.88126,230.367,232.33583,0.15378307,0.004272996,-0.004254815,0.0031638932,-0.007964202,12.0,1075.0,232.225,233.75,228.05,231.0,14621472.0,228.29001,229.675,229.28375,230.058,231.99417,0.20411962,0.013419212,-0.005275083,0.0065668807,-0.017978266,12.0,1076.0,230.5,232.2,230.025,232.2,6876820.0,229.205,229.675,229.7,229.762,231.6575,0.17588206,-0.007428167,0.007375258,0.007375258,-0.002060764,12.0,1077.0,230.45,232.4,229.85,231.5,8467448.0,230.1,229.55167,229.90375,229.434,231.28583,0.17506352,-0.00021693298,0.0045563164,0.008461692,-0.0026035619,12.0
1074.0,229.15,229.875,227.325,228.175,4793424.0,227.435,229.52333,228.88126,230.367,232.33583,0.15378307,0.004272996,-0.004254815,0.0031638932,-0.007964202,12.0,1075.0,232.225,233.75,228.05,231.0,14621472.0,228.29001,229.675,229.28375,230.058,231.99417,0.20411962,0.013419212,-0.005275083,0.0065668807,-0.017978266,12.0,1076.0,230.5,232.2,230.025,232.2,6876820.0,229.205,229.675,229.7,229.762,231.6575,0.17588206,-0.007428167,0.007375258,0.007375258,-0.002060764,12.0,1077.0,230.45,232.4,229.85,231.5,8467448.0,230.1,229.55167,229.90375,229.434,231.28583,0.17506352,-0.00021693298,0.0045563164,0.008461692,-0.0026035619,12.0,1078.0,230.65,231.725,229.425,231.45,7765884.0,230.595,229.49667,229.88625,229.245,230.85083,0.17833738,0.000867854,0.003468472,0.0046607945,-0.005311038,12.0
1075.0,232.225,233.75,228.05,231.0,14621472.0,228.29001,229.675,229.28375,230.058,231.99417,0.20411962,0.013419212,-0.005275083,0.0065668807,-0.017978266,12.0,1076.0,230.5,232.2,230.025,232.2,6876820.0,229.205,229.675,229.7,229.762,231.6575,0.17588206,-0.007428167,0.007375258,0.007375258,-0.002060764,12.0,1077.0,230.45,232.4,229.85,231.5,8467448.0,230.1,229.55167,229.90375,229.434,231.28583,0.17506352,-0.00021693298,0.0045563164,0.008461692,-0.0026035619,12.0,1078.0,230.65,231.725,229.425,231.45,7765884.0,230.595,229.49667,229.88625,229.245,230.85083,0.17833738,0.000867854,0.003468472,0.0046607945,-0.005311038,12.0,1079.0,232.9,234.0,230.875,231.25,13171332.0,231.345,229.61,229.97874,229.374,230.53,0.21516886,0.0097550405,-0.0070845596,0.004723083,-0.0086946925,12.0
1076.0,230.5,232.2,230.025,232.2,6876820.0,229.205,229.675,229.7,229.762,231.6575,0.17588206,-0.007428167,0.007375258,0.007375258,-0.002060764,12.0,1077.0,230.45,232.4,229.85,231.5,8467448.0,230.1,229.55167,229.90375,229.434,231.28583,0.17506352,-0.00021693298,0.0045563164,0.008461692,-0.0026035619,12.0,1078.0,230.65,231.725,229.425,231.45,7765884.0,230.595,229.49667,229.88625,229.245,230.85083,0.17833738,0.000867854,0.003468472,0.0046607945,-0.005311038,12.0,1079.0,232.9,234.0,230.875,231.25,13171332.0,231.345,229.61,229.97874,229.374,230.53,0.21516886,0.0097550405,-0.0070845596,0.004723083,-0.0086946925,12.0,1080.0,231.825,235.25,231.0,233.5,8205526.0,231.265,229.81833,230.0725,229.68,230.25917,0.19757165,-0.0046157017,0.007225291,0.014774089,-0.0035587058,12.0
1077.0,230.45,232.4,229.85,231.5,8467448.0,230.1,229.55167,229.90375,229.434,231.28583,0.17506352,-0.00021693298,0.0045563164,0.008461692,-0.0026035619,12.0,1078.0,230.65,231.725,229.425,231.45,7765884.0,230.595,229.49667,229.88625,229.245,230.85083,0.17833738,0.000867854,0.003468472,0.0046607945,-0.005311038,12.0,1079.0,232.9,234.0,230.875,231.25,13171332.0,231.345,229.61,229.97874,229.374,230.53,0.21516886,0.0097550405,-0.0070845596,0.004723083,-0.0086946925,12.0,1080.0,231.825,235.25,231.0,233.5,8205526.0,231.265,229.81833,230.0725,229.68,230.25917,0.19757165,-0.0046157017,0.007225291,0.014774089,-0.0035587058,12.0,1081.0,226.225,231.075,225.8,231.0,40983760.0,230.41,229.655,229.85875,229.842,229.87,0.10590235,-0.024156112,0.021107277,0.021438792,-0.001878674,12.0
1078.0,230.65,231.725,229.425,231.45,7765884.0,230.595,229.49667,229.88625,229.245,230.85083,0.17833738,0.000867854,0.003468472,0.0046607945,-0.005311038,12.0,1079.0,232.9,234.0,230.875,231.25,13171332.0,231.345,229.61,229.97874,229.374,230.53,0.21516886,0.0097550405,-0.0070845596,0.004723083,-0.0086946925,12.0,1080.0,231.825,235.25,231.0,233.5,8205526.0,231.265,229.81833,230.0725,229.68,230.25917,0.19757165,-0.0046157017,0.007225291,0.014774089,-0.0035587058,12.0,1081.0,226.225,231.075,225.8,231.0,40983760.0,230.41,229.655,229.85875,229.842,229.87,0.10590235,-0.024156112,0.021107277,0.021438792,-0.001878674,12.0,1082.0,228.025,228.625,226.55,227.0,15778126.0,229.925,229.56833,229.645,229.908,229.51584,0.13536733,0.007956626,-0.0044950945,0.0026313174,-0.006468549,12.0
1079.0,232.9,234.0,230.875,231.25,13171332.0,231.345,229.61,229.97874,229.374,230.53,0.21516886,0.0097550405,-0.0070845596,0.004723083,-0.0086946925,12.0,1080.0,231.825,235.25,231.0,233.5,8205526.0,231.265,229.81833,230.0725,229.68,230.25917,0.19757165,-0.0046157017,0.007225291,0.014774089,-0.0035587058,12.0,1081.0,226.225,231.075,225.8,231.0,40983760.0,230.41,229.655,229.85875,229.842,229.87,0.10590235,-0.024156112,0.021107277,0.021438792,-0.001878674,12.0,1082.0,228.025,228.625,226.55,227.0,15778126.0,229.925,229.56833,229.645,229.908,229.51584,0.13536733,0.007956626,-0.0044950945,0.0026313174,-0.006468549,12.0,1083.0,225.4,227.75,224.75,227.0,9756036.0,228.875,229.13167,229.34125,229.684,229.18333,0.09239727,-0.011511896,0.007098519,0.010425936,-0.002883735,12.0
1080.0,231.825,235.25,231.0,233.5,8205526.0,231.265,229.81833,230.0725,229.68,230.25917,0.19757165,-0.0046157017,0.007225291,0.014774089,-0.0035587058,12.0,1081.0,226.225,231.075,225.8,231.0,40983760.0,230.41,229.655,229.85875,229.842,229.87,0.10590235,-0.024156112,0.021107277,0.021438792,-0.001878674,12.0,1082.0,228.025,228.625,226.55,227.0,15778126.0,229.925,229.56833,229.645,229.908,229.51584,0.13536733,0.007956626,-0.0044950945,0.0026313174,-0.006468549,12.0,1083.0,225.4,227.75,224.75,227.0,9756036.0,228.875,229.13167,229.34125,229.684,229.18333,0.09239727,-0.011511896,0.007098519,0.010425936,-0.002883735,12.0,1084.0,218.475,224.75,217.55,224.5,20724568.0,225.99,228.25667,228.705,229.181,228.81,-0.020961622,-0.030723106,0.027577497,0.028721793,-0.004233908,12.0
1081.0,226.225,231.075,225.8,231.0,40983760.0,230.41,229.655,229.85875,229.842,229.87,0.10590235,-0.024156112,0.021107277,0.021438792,-0.001878674,12.0,1082.0,228.025,228.625,226.55,227.0,15778126.0,229.925,229.56833,229.645,229.908,229.51584,0.13536733,0.007956626,-0.0044950945,0.0026313174,-0.006468549,12.0,1083.0,225.4,227.75,224.75,227.0,9756036.0,228.875,229.13167,229.34125,229.684,229.18333,0.09239727,-0.011511896,0.007098519,0.010425936,-0.002883735,12.0,1084.0,218.475,224.75,217.55,224.5,20724568.0,225.99,228.25667,228.705,229.181,228.81,-0.020961622,-0.030723106,0.027577497,0.028721793,-0.004233908,12.0,1085.0,219.1,221.075,217.75,218.775,21438004.0,223.445,227.66667,228.225,228.747,228.64084,-0.010730656,0.0028607391,-0.0014833966,0.009014106,-0.0061615976,12.0
1082.0,228.025,228.625,226.55,227.0,15778126.0,229.925,229.56833,229.645,229.908,229.51584,0.13536733,0.007956626,-0.0044950945,0.0026313174,-0.006468549,12.0,1083.0,225.4,227.75,224.75,227.0,9756036.0,228.875,229.13167,229.34125,229.684,229.18333,0.09239727,-0.011511896,0.007098519,0.010425936,-0.002883735,12.0,1084.0,218.475,224.75,217.55,224.5,20724568.0,225.99,228.25667,228.705,229.181,228.81,-0.020961622,-0.030723106,0.027577497,0.028721793,-0.004233908,12.0,1085.0,219.1,221.075,217.75,218.775,21438004.0,223.445,227.66667,228.225,228.747,228.64084,-0.010730656,0.0028607391,-0.0014833966,0.009014106,-0.0061615976,12.0,1086.0,222.05,225.275,220.775,225.1,8964424.0,222.61,227.40834,227.89375,228.409,228.63667,0.03755945,0.0134641575,0.0137356585,0.014523715,-0.005741991,12.0
1083.0,225.4,227.75,224.75,227.0,9756036.0,228.875,229.13167,229.34125,229.684,229.18333,0.09239727,-0.011511896,0.007098519,0.010425936,-0.002883735,12.0,1084.0,218.475,224.75,217.55,224.5,20724568.0,225.99,228.25667,228.705,229.181,228.81,-0.020961622,-0.030723106,0.027577497,0.028721793,-0.004233908,12.0,1085.0,219.1,221.075,217.75,218.775,21438004.0,223.445,227.66667,228.225,228.747,228.64084,-0.010730656,0.0028607391,-0.0014833966,0.009014106,-0.0061615976,12.0,1086.0,222.05,225.275,220.775,225.1,8964424.0,222.61,227.40834,227.89375,228.409,228.63667,0.03755945,0.0134641575,0.0137356585,0.014523715,-0.005741991,12.0,1087.0,219.075,222.95,208.5,222.95,17730732.0,220.82,226.94833,227.38126,227.88,228.39334,-0.011140045,-0.013397911,0.017688006,0.017688006,-0.048271127,12.0
1084.0,218.475,224.75,217.55,224.5,20724568.0,225.99,228.25667,228.705,229.181,228.81,-0.020961622,-0.030723106,0.027577497,0.028721793,-0.004233908,12.0,1085.0,219.1,221.075,217.75,218.775,21438004.0,223.445,227.66667,228.225,228.747,228.64084,-0.010730656,0.0028607391,-0.0014833966,0.009014106,-0.0061615976,12.0,1086.0,222.05,225.275,220.775,225.1,8964424.0,222.61,227.40834,227.89375,228.409,228.63667,0.03755945,0.0134641575,0.0137356585,0.014523715,-0.005741991,12.0,1087.0,219.075,222.95,208.5,222.95,17730732.0,220.82,226.94833,227.38126,227.88,228.39334,-0.011140045,-0.013397911,0.017688006,0.017688006,-0.048271127,12.0,1088.0,225.75,227.5,219.525,219.85,12267428.0,220.89,226.78667,227.07124,227.651,228.21834,0.09812672,0.030469032,-0.026135078,0.007751938,-0.027574778,12.0
1085.0,219.1,221.075,217.75,218.775,21438004.0,223.445,227.66667,228.225,228.747,228.64084,-0.010730656,0.0028607391,-0.0014833966,0.009014106,-0.0061615976,12.0,1086.0,222.05,225.275,220.775,225.1,8964424.0,222.61,227.40834,227.89375,228.409,228.63667,0.03755945,0.0134641575,0.0137356585,0.014523715,-0.005741991,12.0,1087.0,219.075,222.95,208.5,222.95,17730732.0,220.82,226.94833,227.38126,227.88,228.39334,-0.011140045,-0.013397911,0.017688006,0.017688006,-0.048271127,12.0,1088.0,225.75,227.5,219.525,219.85,12267428.0,220.89,226.78667,227.07124,227.651,228.21834,0.09812672,0.030469032,-0.026135078,0.007751938,-0.027574778,12.0,1089.0,230.5,231.0,226.3,227.475,15425568.0,223.295,226.87666,227.01625,227.623,228.2,0.17588206,0.021040974,-0.0131236175,0.0021691974,-0.018221244,12.0
1086.0,222.05,225.275,220.775,225.1,8964424.0,222.61,227.40834,227.89375,228.409,228.63667,0.03755945,0.0134641575,0.0137356585,0.014523715,-0.005741991,12.0,1087.0,219.075,222.95,208.5,222.95,17730732.0,220.82,226.94833,227.38126,227.88,228.39334,-0.011140045,-0.013397911,0.017688006,0.017688006,-0.048271127,12.0,1088.0,225.75,227.5,219.525,219.85,12267428.0,220.89,226.78667,227.07124,227.651,228.21834,0.09812672,0.030469032,-0.026135078,0.007751938,-0.027574778,12.0,1089.0,230.5,231.0,226.3,227.475,15425568.0,223.295,226.87666,227.01625,227.623,228.2,0.17588206,0.021040974,-0.0131236175,0.0021691974,-0.018221244,12.0,1090.0,242.275,243.2,234.15,235.0,72672440.0,227.93,227.54666,227.7325,228.166,228.61084,0.36863333,0.05108457,-0.030027837,0.003817988,-0.03353627,12.0
1087.0,219.075,222.95,208.5,222.95,17730732.0,220.82,226.94833,227.38126,227.88,228.39334,-0.011140045,-0.013397911,0.017688006,0.017688006,-0.048271127,12.0,1088.0,225.75,227.5,219.525,219.85,12267428.0,220.89,226.78667,227.07124,227.651,228.21834,0.09812672,0.030469032,-0.026135078,0.007751938,-0.027574778,12.0,1089.0,230.5,231.0,226.3,227.475,15425568.0,223.295,226.87666,227.01625,227.623,228.2,0.17588206,0.021040974,-0.0131236175,0.0021691974,-0.018221244,12.0,1090.0,242.275,243.2,234.15,235.0,72672440.0,227.93,227.54666,227.7325,228.166,228.61084,0.36863333,0.05108457,-0.030027837,0.003817988,-0.03353627,12.0,1091.0,237.625,244.2,236.675,244.2,18311752.0,231.045,228.02167,228.3175,228.524,228.84833,0.29251507,-0.01919304,0.027669635,0.027669635,-0.003997883,12.0
1088.0,225.75,227.5,219.525,219.85,12267428.0,220.89,226.78667,227.07124,227.651,228.21834,0.09812672,0.030469032,-0.026135078,0.007751938,-0.027574778,12.0,1089.0,230.5,231.0,226.3,227.475,15425568.0,223.295,226.87666,227.01625,227.623,228.2,0.17588206,0.021040974,-0.0131236175,0.0021691974,-0.018221244,12.0,1090.0,242.275,243.2,234.15,235.0,72672440.0,227.93,227.54666,227.7325,228.166,228.61084,0.36863333,0.05108457,-0.030027837,0.003817988,-0.03353627,12.0,1091.0,237.625,244.2,236.675,244.2,18311752.0,231.045,228.02167,228.3175,228.524,228.84833,0.29251507,-0.01919304,0.027669635,0.027669635,-0.003997883,12.0,1092.0,238.025,239.6,237.175,239.6,9371714.0,234.83499,228.52667,228.92,228.872,229.03917,0.2990628,0.0016832988,0.0066170036,0.0066170036,-0.003571015,12.0
1089.0,230.5,231.0,226.3,227.475,15425568.0,223.295,226.87666,227.01625,227.623,228.2,0.17588206,0.021040974,-0.0131236175,0.0021691974,-0.018221244,12.0,1090.0,242.275,243.2,234.15,235.0,72672440.0,227.93,227.54666,227.7325,228.166,228.61084,0.36863333,0.05108457,-0.030027837,0.003817988,-0.03353627,12.0,1091.0,237.625,244.2,236.675,244.2,18311752.0,231.045,228.02167,228.3175,228.524,228.84833,0.29251507,-0.01919304,0.027669635,0.027669635,-0.003997883,12.0,1092.0,238.025,239.6,237.175,239.6,9371714.0,234.83499,228.52667,228.92,228.872,229.03917,0.2990628,0.0016832988,0.0066170036,0.0066170036,-0.003571015,12.0,1093.0,238.45,242.2,237.775,239.0,13875116.0,237.375,229.04666,229.43375,229.132,229.27167,0.30601987,0.0017855396,0.0023065761,0.015726568,-0.002830795,12.0
1090.0,242.275,243.2,234.15,235.0,72672440.0,227.93,227.54666,227.7325,228.166,228.61084,0.36863333,0.05108457,-0.030027837,0.003817988,-0.03353627,12.0,1091.0,237.625,244.2,236.675,244.2,18311752.0,231.045,228.02167,228.3175,228.524,228.84833,0.29251507,-0.01919304,0.027669635,0.027669635,-0.003997883,12.0,1092.0,238.025,239.6,237.175,239.6,9371714.0,234.83499,228.52667,228.92,228.872,229.03917,0.2990628,0.0016832988,0.0066170036,0.0066170036,-0.003571015,12.0,1093.0,238.45,242.2,237.775,239.0,13875116.0,237.375,229.04666,229.43375,229.132,229.27167,0.30601987,0.0017855396,0.0023065761,0.015726568,-0.002830795,12.0,1094.0,241.3,242.675,239.075,240.0,12995932.0,239.535,229.60666,230.04124,229.52,229.60834,0.35267317,0.011952217,-0.005387497,0.005698301,-0.009220912,12.0
1091.0,237.625,244.2,236.675,244.2,18311752.0,231.045,228.02167,228.3175,228.524,228.84833,0.29251507,-0.01919304,0.027669635,0.027669635,-0.003997883,12.0,1092.0,238.025,239.6,237.175,239.6,9371714.0,234.83499,228.52667,228.92,228.872,229.03917,0.2990628,0.0016832988,0.0066170036,0.0066170036,-0.003571015,12.0,1093.0,238.45,242.2,237.775,239.0,13875116.0,237.375,229.04666,229.43375,229.132,229.27167,0.30601987,0.0017855396,0.0023065761,0.015726568,-0.002830795,12.0,1094.0,241.3,242.675,239.075,240.0,12995932.0,239.535,229.60666,230.04124,229.52,229.60834,0.35267317,0.011952217,-0.005387497,0.005698301,-0.009220912,12.0,1095.0,238.75,242.8,238.1,242.5,11322596.0,238.83,230.06833,230.3675,229.952,229.94333,0.3109308,-0.01056777,0.015706806,0.016963363,-0.0027224876,12.0
1092.0,238.025,239.6,237.175,239.6,9371714.0,234.83499,228.52667,228.92,228.872,229.03917,0.2990628,0.0016832988,0.0066170036,0.0066170036,-0.003571015,12.0,1093.0,238.45,242.2,237.775,239.0,13875116.0,237.375,229.04666,229.43375,229.132,229.27167,0.30601987,0.0017855396,0.0023065761,0.015726568,-0.002830795,12.0,1094.0,241.3,242.675,239.075,240.0,12995932.0,239.535,229.60666,230.04124,229.52,229.60834,0.35267317,0.011952217,-0.005387497,0.005698301,-0.009220912,12.0,1095.0,238.75,242.8,238.1,242.5,11322596.0,238.83,230.06833,230.3675,229.952,229.94333,0.3109308,-0.01056777,0.015706806,0.016963363,-0.0027224876,12.0,1096.0,245.925,246.5,240.025,240.5,31870984.0,240.49,231.38167,231.13875,230.752,230.51833,0.42838234,0.03005237,-0.022059584,0.0023380988,-0.023991091,12.0
1093.0,238.45,242.2,237.775,239.0,13875116.0,237.375,229.04666,229.43375,229.132,229.27167,0.30601987,0.0017855396,0.0023065761,0.015726568,-0.002830795,12.0,1094.0,241.3,242.675,239.075,240.0,12995932.0,239.535,229.60666,230.04124,229.52,229.60834,0.35267317,0.011952217,-0.005387497,0.005698301,-0.009220912,12.0,1095.0,238.75,242.8,238.1,242.5,11322596.0,238.83,230.06833,230.3675,229.952,229.94333,0.3109308,-0.01056777,0.015706806,0.016963363,-0.0027224876,12.0,1096.0,245.925,246.5,240.025,240.5,31870984.0,240.49,231.38167,231.13875,230.752,230.51833,0.42838234,0.03005237,-0.022059584,0.0023380988,-0.023991091,12.0,1097.0,247.875,248.575,243.375,246.125,20880284.0,242.46,232.705,232.01,231.628,231.13667,0.4603029,0.007929234,-0.00706001,0.0028239917,-0.018154312,12.0
1094.0,241.3,242.675,239.075,240.0,12995932.0,239.535,229.60666,230.04124,229.52,229.60834,0.35267317,0.011952217,-0.005387497,0.005698301,-0.009220912,12.0,1095.0,238.75,242.8,238.1,242.5,11322596.0,238.83,230.06833,230.3675,229.952,229.94333,0.3109308,-0.01056777,0.015706806,0.016963363,-0.0027224876,12.0,1096.0,245.925,246.5,240.025,240.5,31870984.0,240.49,231.38167,231.13875,230.752,230.51833,0.42838234,0.03005237,-0.022059584,0.0023380988,-0.023991091,12.0,1097.0,247.875,248.575,243.375,246.125,20880284.0,242.46,232.705,232.01,231.628,231.13667,0.4603029,0.007929234,-0.00706001,0.0028239917,-0.018154312,12.0,1098.0,245.2,248.75,244.125,248.75,12571126.0,243.81,234.025,232.7375,232.309,231.57834,0.4165143,-0.010791742,0.01447799,0.01447799,-0.0043841638,12.0
1095.0,238.75,242.8,238.1,242.5,11322596.0,238.83,230.06833,230.3675,229.952,229.94333,0.3109308,-0.01056777,0.015706806,0.016963363,-0.0027224876,12.0,1096.0,245.925,246.5,240.025,240.5,31870984.0,240.49,231.38167,231.13875,230.752,230.51833,0.42838234,0.03005237,-0.022059584,0.0023380988,-0.023991091,12.0,1097.0,247.875,248.575,243.375,246.125,20880284.0,242.46,232.705,232.01,231.628,231.13667,0.4603029,0.007929234,-0.00706001,0.0028239917,-0.018154312,12.0,1098.0,245.2,248.75,244.125,248.75,12571126.0,243.81,234.025,232.7375,232.309,231.57834,0.4165143,-0.010791742,0.01447799,0.01447799,-0.0043841638,12.0,1099.0,245.275,250.475,244.55,248.975,95171176.0,244.605,235.81166,233.35625,232.954,232.03416,0.41774198,0.0003058603,0.015085159,0.021200743,-0.0029558286,12.0
1096.0,245.925,246.5,240.025,240.5,31870984.0,240.49,231.38167,231.13875,230.752,230.51833,0.42838234,0.03005237,-0.022059584,0.0023380988,-0.023991091,12.0,1097.0,247.875,248.575,243.375,246.125,20880284.0,242.46,232.705,232.01,231.628,231.13667,0.4603029,0.007929234,-0.00706001,0.0028239917,-0.018154312,12.0,1098.0,245.2,248.75,244.125,248.75,12571126.0,243.81,234.025,232.7375,232.309,231.57834,0.4165143,-0.010791742,0.01447799,0.01447799,-0.0043841638,12.0,1099.0,245.275,250.475,244.55,248.975,95171176.0,244.605,235.81166,233.35625,232.954,232.03416,0.41774198,0.0003058603,0.015085159,0.021200743,-0.0029558286,12.0,1100.0,245.275,247.45,244.725,245.05,9934518.0,245.91,237.55667,234.02875,233.476,232.61166,0.41774198,0.0,-0.0009173004,0.00886761,-0.0022423314,12.0
1097.0,247.875,248.575,243.375,246.125,20880284.0,242.46,232.705,232.01,231.628,231.13667,0.4603029,0.007929234,-0.00706001,0.0028239917,-0.018154312,12.0,1098.0,245.2,248.75,244.125,248.75,12571126.0,243.81,234.025,232.7375,232.309,231.57834,0.4165143,-0.010791742,0.01447799,0.01447799,-0.0043841638,12.0,1099.0,245.275,250.475,244.55,248.975,95171176.0,244.605,235.81166,233.35625,232.954,232.03416,0.41774198,0.0003058603,0.015085159,0.021200743,-0.0029558286,12.0,1100.0,245.275,247.45,244.725,245.05,9934518.0,245.91,237.55667,234.02875,233.476,232.61166,0.41774198,0.0,-0.0009173004,0.00886761,-0.0022423314,12.0,1101.0,248.425,249.0,244.65,245.275,9258210.0,246.41,239.315,235.13875,234.193,233.36166,0.4693062,0.012842765,-0.01267992,0.0023145697,-0.01519577,12.0
1098.0,245.2,248.75,244.125,248.75,12571126.0,243.81,234.025,232.7375,232.309,231.57834,0.4165143,-0.010791742,0.01447799,0.01447799,-0.0043841638,12.0,1099.0,245.275,250.475,244.55,248.975,95171176.0,244.605,235.81166,233.35625,232.954,232.03416,0.41774198,0.0003058603,0.015085159,0.021200743,-0.0029558286,12.0,1100.0,245.275,247.45,244.725,245.05,9934518.0,245.91,237.55667,234.02875,233.476,232.61166,0.41774198,0.0,-0.0009173004,0.00886761,-0.0022423314,12.0,1101.0,248.425,249.0,244.65,245.275,9258210.0,246.41,239.315,235.13875,234.193,233.36166,0.4693062,0.012842765,-0.01267992,0.0023145697,-0.01519577,12.0,1102.0,247.6,249.95,246.9,248.425,12812090.0,246.355,241.21666,236.1175,234.879,234.0825,0.45580137,-0.0033209096,0.0033319746,0.009491078,-0.0028271899,12.0
1099.0,245.275,250.475,244.55,248.975,95171176.0,244.605,235.81166,233.35625,232.954,232.03416,0.41774198,0.0003058603,0.015085159,0.021200743,-0.0029558286,12.0,1100.0,245.275,247.45,244.725,245.05,9934518.0,245.91,237.55667,234.02875,233.476,232.61166,0.41774198,0.0,-0.0009173004,0.00886761,-0.0022423314,12.0,1101.0,248.425,249.0,244.65,245.275,9258210.0,246.41,239.315,235.13875,234.193,233.36166,0.4693062,0.012842765,-0.01267992,0.0023145697,-0.01519577,12.0,1102.0,247.6,249.95,246.9,248.425,12812090.0,246.355,241.21666,236.1175,234.879,234.0825,0.45580137,-0.0033209096,0.0033319746,0.009491078,-0.0028271899,12.0,1103.0,255.4,255.975,244.6,246.075,42137136.0,248.395,243.19333,237.6175,235.869,234.99,0.58348364,0.031502374,-0.036511343,0.0022514183,-0.042286564,12.0
1100.0,245.275,247.45,244.725,245.05,9934518.0,245.91,237.55667,234.02875,233.476,232.61166,0.41774198,0.0,-0.0009173004,0.00886761,-0.0022423314,12.0,1101.0,248.425,249.0,244.65,245.275,9258210.0,246.41,239.315,235.13875,234.193,233.36166,0.4693062,0.012842765,-0.01267992,0.0023145697,-0.01519577,12.0,1102.0,247.6,249.95,246.9,248.425,12812090.0,246.355,241.21666,236.1175,234.879,234.0825,0.45580137,-0.0033209096,0.0033319746,0.009491078,-0.0028271899,12.0,1103.0,255.4,255.975,244.6,246.075,42137136.0,248.395,243.19333,237.6175,235.869,234.99,0.58348364,0.031502374,-0.036511343,0.0022514183,-0.042286564,12.0,1104.0,257.425,258.15,252.925,256.0,16405832.0,250.825,244.98833,239.565,236.85,235.9325,0.61663187,0.007928715,-0.0055355458,0.0028163781,-0.01748076,12.0
1101.0,248.425,249.0,244.65,245.275,9258210.0,246.41,239.315,235.13875,234.193,233.36166,0.4693062,0.012842765,-0.01267992,0.0023145697,-0.01519577,12.0,1102.0,247.6,249.95,246.9,248.425,12812090.0,246.355,241.21666,236.1175,234.879,234.0825,0.45580137,-0.0033209096,0.0033319746,0.009491078,-0.0028271899,12.0,1103.0,255.4,255.975,244.6,246.075,42137136.0,248.395,243.19333,237.6175,235.869,234.99,0.58348364,0.031502374,-0.036511343,0.0022514183,-0.042286564,12.0,1104.0,257.425,258.15,252.925,256.0,16405832.0,250.825,244.98833,239.565,236.85,235.9325,0.61663187,0.007928715,-0.0055355458,0.0028163781,-0.01748076,12.0,1105.0,263.675,267.9,257.05,258.95,30757528.0,254.50499,246.415,241.79375,238.124,236.98083,0.7189415,0.024278916,-0.017919695,0.016023537,-0.02512563,12.0
1102.0,247.6,249.95,246.9,248.425,12812090.0,246.355,241.21666,236.1175,234.879,234.0825,0.45580137,-0.0033209096,0.0033319746,0.009491078,-0.0028271899,12.0,1103.0,255.4,255.975,244.6,246.075,42137136.0,248.395,243.19333,237.6175,235.869,234.99,0.58348364,0.031502374,-0.036511343,0.0022514183,-0.042286564,12.0,1104.0,257.425,258.15,252.925,256.0,16405832.0,250.825,244.98833,239.565,236.85,235.9325,0.61663187,0.007928715,-0.0055355458,0.0028163781,-0.01748076,12.0,1105.0,263.675,267.9,257.05,258.95,30757528.0,254.50499,246.415,241.79375,238.124,236.98083,0.7189415,0.024278916,-0.017919695,0.016023537,-0.02512563,12.0,1106.0,269.1,272.5,264.15,264.65,36276970.0,258.63998,248.51334,244.14626,239.839,238.2675,0.8077466,0.02057464,-0.01653665,0.012634685,-0.018394694,12.0
1103.0,255.4,255.975,244.6,246.075,42137136.0,248.395,243.19333,237.6175,235.869,234.99,0.58348364,0.031502374,-0.036511343,0.0022514183,-0.042286564,12.0,1104.0,257.425,258.15,252.925,256.0,16405832.0,250.825,244.98833,239.565,236.85,235.9325,0.61663187,0.007928715,-0.0055355458,0.0028163781,-0.01748076,12.0,1105.0,263.675,267.9,257.05,258.95,30757528.0,254.50499,246.415,241.79375,238.124,236.98083,0.7189415,0.024278916,-0.017919695,0.016023537,-0.02512563,12.0,1106.0,269.1,272.5,264.15,264.65,36276970.0,258.63998,248.51334,244.14626,239.839,238.2675,0.8077466,0.02057464,-0.01653665,0.012634685,-0.018394694,12.0,1107.0,269.5,272.725,267.75,270.95,16049384.0,263.02,250.61166,246.6675,241.498,239.56917,0.8142943,0.0014864135,0.005380379,0.011966627,-0.0064935065,12.0
1104.0,257.425,258.15,252.925,256.0,16405832.0,250.825,244.98833,239.565,236.85,235.9325,0.61663187,0.007928715,-0.0055355458,0.0028163781,-0.01748076,12.0,1105.0,263.675,267.9,257.05,258.95,30757528.0,254.50499,246.415,241.79375,238.124,236.98083,0.7189415,0.024278916,-0.017919695,0.016023537,-0.02512563,12.0,1106.0,269.1,272.5,264.15,264.65,36276970.0,258.63998,248.51334,244.14626,239.839,238.2675,0.8077466,0.02057464,-0.01653665,0.012634685,-0.018394694,12.0,1107.0,269.5,272.725,267.75,270.95,16049384.0,263.02,250.61166,246.6675,241.498,239.56917,0.8142943,0.0014864135,0.005380379,0.011966627,-0.0064935065,12.0,1108.0,265.35,274.4,264.55,270.7,19524632.0,265.01,252.405,248.64749,243.096,240.72583,0.7463608,-0.015398865,0.020162072,0.034105852,-0.003014955,12.0
1105.0,263.675,267.9,257.05,258.95,30757528.0,254.50499,246.415,241.79375,238.124,236.98083,0.7189415,0.024278916,-0.017919695,0.016023537,-0.02512563,12.0,1106.0,269.1,272.5,264.15,264.65,36276970.0,258.63998,248.51334,244.14626,239.839,238.2675,0.8077466,0.02057464,-0.01653665,0.012634685,-0.018394694,12.0,1107.0,269.5,272.725,267.75,270.95,16049384.0,263.02,250.61166,246.6675,241.498,239.56917,0.8142943,0.0014864135,0.005380379,0.011966627,-0.0064935065,12.0,1108.0,265.35,274.4,264.55,270.7,19524632.0,265.01,252.405,248.64749,243.096,240.72583,0.7463608,-0.015398865,0.020162072,0.034105852,-0.003014955,12.0,1109.0,267.55,268.25,264.725,265.675,10376090.0,267.035,254.155,250.5,245.059,241.88083,0.7823735,0.008290867,-0.007008036,0.0026163792,-0.010558706,12.0
1106.0,269.1,272.5,264.15,264.65,36276970.0,258.63998,248.51334,244.14626,239.839,238.2675,0.8077466,0.02057464,-0.01653665,0.012634685,-0.018394694,12.0,1107.0,269.5,272.725,267.75,270.95,16049384.0,263.02,250.61166,246.6675,241.498,239.56917,0.8142943,0.0014864135,0.005380379,0.011966627,-0.0064935065,12.0,1108.0,265.35,274.4,264.55,270.7,19524632.0,265.01,252.405,248.64749,243.096,240.72583,0.7463608,-0.015398865,0.020162072,0.034105852,-0.003014955,12.0,1109.0,267.55,268.25,264.725,265.675,10376090.0,267.035,254.155,250.5,245.059,241.88083,0.7823735,0.008290867,-0.007008036,0.0026163792,-0.010558706,12.0,1110.0,270.6,271.5,267.5,267.975,12176360.0,268.42,256.27832,251.91624,247.119,243.17334,0.8323009,0.011399807,-0.009700665,0.0033259196,-0.011456046,12.0
1107.0,269.5,272.725,267.75,270.95,16049384.0,263.02,250.61166,246.6675,241.498,239.56917,0.8142943,0.0014864135,0.005380379,0.011966627,-0.0064935065,12.0,1108.0,265.35,274.4,264.55,270.7,19524632.0,265.01,252.405,248.64749,243.096,240.72583,0.7463608,-0.015398865,0.020162072,0.034105852,-0.003014955,12.0,1109.0,267.55,268.25,264.725,265.675,10376090.0,267.035,254.155,250.5,245.059,241.88083,0.7823735,0.008290867,-0.007008036,0.0026163792,-0.010558706,12.0,1110.0,270.6,271.5,267.5,267.975,12176360.0,268.42,256.27832,251.91624,247.119,243.17334,0.8323009,0.011399807,-0.009700665,0.0033259196,-0.011456046,12.0,1111.0,270.5,272.475,268.8,272.0,8681444.0,268.7,257.91666,253.56,249.05699,244.64917,0.83066386,-0.0003695717,0.0055452865,0.0073013166,-0.006284703,12.0
1108.0,265.35,274.4,264.55,270.7,19524632.0,265.01,252.405,248.64749,243.096,240.72583,0.7463608,-0.015398865,0.020162072,0.034105852,-0.003014955,12.0,1109.0,267.55,268.25,264.725,265.675,10376090.0,267.035,254.155,250.5,245.059,241.88083,0.7823735,0.008290867,-0.007008036,0.0026163792,-0.010558706,12.0,1110.0,270.6,271.5,267.5,267.975,12176360.0,268.42,256.27832,251.91624,247.119,243.17334,0.8323009,0.011399807,-0.009700665,0.0033259196,-0.011456046,12.0,1111.0,270.5,272.475,268.8,272.0,8681444.0,268.7,257.91666,253.56,249.05699,244.64917,0.83066386,-0.0003695717,0.0055452865,0.0073013166,-0.006284703,12.0,1112.0,267.775,271.675,265.875,270.5,9233748.0,268.355,259.24332,255.0475,251.005,245.97417,0.78605676,-0.01007396,0.010176477,0.014564444,-0.007095487,12.0
1109.0,267.55,268.25,264.725,265.675,10376090.0,267.035,254.155,250.5,245.059,241.88083,0.7823735,0.008290867,-0.007008036,0.0026163792,-0.010558706,12.0,1110.0,270.6,271.5,267.5,267.975,12176360.0,268.42,256.27832,251.91624,247.119,243.17334,0.8323009,0.011399807,-0.009700665,0.0033259196,-0.011456046,12.0,1111.0,270.5,272.475,268.8,272.0,8681444.0,268.7,257.91666,253.56,249.05699,244.64917,0.83066386,-0.0003695717,0.0055452865,0.0073013166,-0.006284703,12.0,1112.0,267.775,271.675,265.875,270.5,9233748.0,268.355,259.24332,255.0475,251.005,245.97417,0.78605676,-0.01007396,0.010176477,0.014564444,-0.007095487,12.0,1113.0,267.05,269.775,265.0,268.35,8807618.0,268.695,260.7,256.4775,252.657,247.3625,0.7741887,-0.0027075198,0.004868071,0.010204105,-0.00767642,12.0
1110.0,270.6,271.5,267.5,267.975,12176360.0,268.42,256.27832,251.91624,247.119,243.17334,0.8323009,0.011399807,-0.009700665,0.0033259196,-0.011456046,12.0,1111.0,270.5,272.475,268.8,272.0,8681444.0,268.7,257.91666,253.56,249.05699,244.64917,0.83066386,-0.0003695717,0.0055452865,0.0073013166,-0.006284703,12.0,1112.0,267.775,271.675,265.875,270.5,9233748.0,268.355,259.24332,255.0475,251.005,245.97417,0.78605676,-0.01007396,0.010176477,0.014564444,-0.007095487,12.0,1113.0,267.05,269.775,265.0,268.35,8807618.0,268.695,260.7,256.4775,252.657,247.3625,0.7741887,-0.0027075198,0.004868071,0.010204105,-0.00767642,12.0,1114.0,280.075,282.4,270.775,272.5,54186040.0,271.2,263.02,258.41626,254.64,249.41583,0.98740244,0.048773732,-0.02704637,0.008301282,-0.033205457,12.0
1111.0,270.5,272.475,268.8,272.0,8681444.0,268.7,257.91666,253.56,249.05699,244.64917,0.83066386,-0.0003695717,0.0055452865,0.0073013166,-0.006284703,12.0,1112.0,267.775,271.675,265.875,270.5,9233748.0,268.355,259.24332,255.0475,251.005,245.97417,0.78605676,-0.01007396,0.010176477,0.014564444,-0.007095487,12.0,1113.0,267.05,269.775,265.0,268.35,8807618.0,268.695,260.7,256.4775,252.657,247.3625,0.7741887,-0.0027075198,0.004868071,0.010204105,-0.00767642,12.0,1114.0,280.075,282.4,270.775,272.5,54186040.0,271.2,263.02,258.41626,254.64,249.41583,0.98740244,0.048773732,-0.02704637,0.008301282,-0.033205457,12.0,1115.0,279.85,283.45,278.075,283.45,16099478.0,273.05,265.325,260.47125,256.143,251.44083,0.98371917,-0.000803378,0.012864056,0.012864056,-0.0063426616,12.0
1112.0,267.775,271.675,265.875,270.5,9233748.0,268.355,259.24332,255.0475,251.005,245.97417,0.78605676,-0.01007396,0.010176477,0.014564444,-0.007095487,12.0,1113.0,267.05,269.775,265.0,268.35,8807618.0,268.695,260.7,256.4775,252.657,247.3625,0.7741887,-0.0027075198,0.004868071,0.010204105,-0.00767642,12.0,1114.0,280.075,282.4,270.775,272.5,54186040.0,271.2,263.02,258.41626,254.64,249.41583,0.98740244,0.048773732,-0.02704637,0.008301282,-0.033205457,12.0,1115.0,279.85,283.45,278.075,283.45,16099478.0,273.05,265.325,260.47125,256.143,251.44083,0.98371917,-0.000803378,0.012864056,0.012864056,-0.0063426616,12.0,1116.0,279.85,281.3,278.2,280.925,11239032.0,274.92,267.42,262.1675,257.832,253.3675,0.98371917,0.0,0.0038412781,0.005181282,-0.0058959937,12.0
1113.0,267.05,269.775,265.0,268.35,8807618.0,268.695,260.7,256.4775,252.657,247.3625,0.7741887,-0.0027075198,0.004868071,0.010204105,-0.00767642,12.0,1114.0,280.075,282.4,270.775,272.5,54186040.0,271.2,263.02,258.41626,254.64,249.41583,0.98740244,0.048773732,-0.02704637,0.008301282,-0.033205457,12.0,1115.0,279.85,283.45,278.075,283.45,16099478.0,273.05,265.325,260.47125,256.143,251.44083,0.98371917,-0.000803378,0.012864056,0.012864056,-0.0063426616,12.0,1116.0,279.85,281.3,278.2,280.925,11239032.0,274.92,267.42,262.1675,257.832,253.3675,0.98371917,0.0,0.0038412781,0.005181282,-0.0058959937,12.0,1117.0,286.6,287.2,278.175,278.275,25019786.0,278.685,270.02,264.10376,259.775,255.61833,1.0942136,0.024120064,-0.029047495,0.0020935314,-0.029396435,12.0
1114.0,280.075,282.4,270.775,272.5,54186040.0,271.2,263.02,258.41626,254.64,249.41583,0.98740244,0.048773732,-0.02704637,0.008301282,-0.033205457,12.0,1115.0,279.85,283.45,278.075,283.45,16099478.0,273.05,265.325,260.47125,256.143,251.44083,0.98371917,-0.000803378,0.012864056,0.012864056,-0.0063426616,12.0,1116.0,279.85,281.3,278.2,280.925,11239032.0,274.92,267.42,262.1675,257.832,253.3675,0.98371917,0.0,0.0038412781,0.005181282,-0.0058959937,12.0,1117.0,286.6,287.2,278.175,278.275,25019786.0,278.685,270.02,264.10376,259.775,255.61833,1.0942136,0.024120064,-0.029047495,0.0020935314,-0.029396435,12.0,1118.0,278.6,289.95,277.35,289.95,26523490.0,280.995,271.56668,265.77374,261.381,257.38,0.96325725,-0.027913468,0.040739432,0.040739432,-0.004486719,12.0
1115.0,279.85,283.45,278.075,283.45,16099478.0,273.05,265.325,260.47125,256.143,251.44083,0.98371917,-0.000803378,0.012864056,0.012864056,-0.0063426616,12.0,1116.0,279.85,281.3,278.2,280.925,11239032.0,274.92,267.42,262.1675,257.832,253.3675,0.98371917,0.0,0.0038412781,0.005181282,-0.0058959937,12.0,1117.0,286.6,287.2,278.175,278.275,25019786.0,278.685,270.02,264.10376,259.775,255.61833,1.0942136,0.024120064,-0.029047495,0.0020935314,-0.029396435,12.0,1118.0,278.6,289.95,277.35,289.95,26523490.0,280.995,271.56668,265.77374,261.381,257.38,0.96325725,-0.027913468,0.040739432,0.040739432,-0.004486719,12.0,1119.0,252.9,263.375,250.775,260.5,76014570.0,275.56,271.265,266.155,261.845,258.12668,0.54255974,-0.092246994,0.030051429,0.04141956,-0.008402531,12.0
1116.0,279.85,281.3,278.2,280.925,11239032.0,274.92,267.42,262.1675,257.832,253.3675,0.98371917,0.0,0.0038412781,0.005181282,-0.0058959937,12.0,1117.0,286.6,287.2,278.175,278.275,25019786.0,278.685,270.02,264.10376,259.775,255.61833,1.0942136,0.024120064,-0.029047495,0.0020935314,-0.029396435,12.0,1118.0,278.6,289.95,277.35,289.95,26523490.0,280.995,271.56668,265.77374,261.381,257.38,0.96325725,-0.027913468,0.040739432,0.040739432,-0.004486719,12.0,1119.0,252.9,263.375,250.775,260.5,76014570.0,275.56,271.265,266.155,261.845,258.12668,0.54255974,-0.092246994,0.030051429,0.04141956,-0.008402531,12.0,1120.0,250.275,254.0,243.175,254.0,25847632.0,269.645,270.37167,266.405,262.306,258.39334,0.4995897,-0.010379597,0.014883652,0.014883652,-0.028368758,12.0
1117.0,286.6,287.2,278.175,278.275,25019786.0,278.685,270.02,264.10376,259.775,255.61833,1.0942136,0.024120064,-0.029047495,0.0020935314,-0.029396435,12.0,1118.0,278.6,289.95,277.35,289.95,26523490.0,280.995,271.56668,265.77374,261.381,257.38,0.96325725,-0.027913468,0.040739432,0.040739432,-0.004486719,12.0,1119.0,252.9,263.375,250.775,260.5,76014570.0,275.56,271.265,266.155,261.845,258.12668,0.54255974,-0.092246994,0.030051429,0.04141956,-0.008402531,12.0,1120.0,250.275,254.0,243.175,254.0,25847632.0,269.645,270.37167,266.405,262.306,258.39334,0.4995897,-0.010379597,0.014883652,0.014883652,-0.028368758,12.0,1121.0,250.05,253.175,249.925,251.25,12240276.0,263.685,269.10165,266.48624,262.471,258.8075,0.4959067,-0.00089897454,0.004799028,0.0124975005,-0.0004999,12.0
1118.0,278.6,289.95,277.35,289.95,26523490.0,280.995,271.56668,265.77374,261.381,257.38,0.96325725,-0.027913468,0.040739432,0.040739432,-0.004486719,12.0,1119.0,252.9,263.375,250.775,260.5,76014570.0,275.56,271.265,266.155,261.845,258.12668,0.54255974,-0.092246994,0.030051429,0.04141956,-0.008402531,12.0,1120.0,250.275,254.0,243.175,254.0,25847632.0,269.645,270.37167,266.405,262.306,258.39334,0.4995897,-0.010379597,0.014883652,0.014883652,-0.028368758,12.0,1121.0,250.05,253.175,249.925,251.25,12240276.0,263.685,269.10165,266.48624,262.471,258.8075,0.4959067,-0.00089897454,0.004799028,0.0124975005,-0.0004999,12.0,1122.0,253.425,253.75,246.65,248.0,21887890.0,257.05,268.03,266.7775,262.693,259.32083,0.5511539,0.0134973,-0.02140674,0.0012824186,-0.026733784,12.0
1119.0,252.9,263.375,250.775,260.5,76014570.0,275.56,271.265,266.155,261.845,258.12668,0.54255974,-0.092246994,0.030051429,0.04141956,-0.008402531,12.0,1120.0,250.275,254.0,243.175,254.0,25847632.0,269.645,270.37167,266.405,262.306,258.39334,0.4995897,-0.010379597,0.014883652,0.014883652,-0.028368758,12.0,1121.0,250.05,253.175,249.925,251.25,12240276.0,263.685,269.10165,266.48624,262.471,258.8075,0.4959067,-0.00089897454,0.004799028,0.0124975005,-0.0004999,12.0,1122.0,253.425,253.75,246.65,248.0,21887890.0,257.05,268.03,266.7775,262.693,259.32083,0.5511539,0.0134973,-0.02140674,0.0012824186,-0.026733784,12.0,1123.0,262.4,264.275,254.25,255.0,26153996.0,253.81,267.83334,267.1275,263.381,260.11917,0.6980704,0.03541478,-0.028201196,0.0071455794,-0.031059429,12.0
1120.0,250.275,254.0,243.175,254.0,25847632.0,269.645,270.37167,266.405,262.306,258.39334,0.4995897,-0.010379597,0.014883652,0.014883652,-0.028368758,12.0,1121.0,250.05,253.175,249.925,251.25,12240276.0,263.685,269.10165,266.48624,262.471,258.8075,0.4959067,-0.00089897454,0.004799028,0.0124975005,-0.0004999,12.0,1122.0,253.425,253.75,246.65,248.0,21887890.0,257.05,268.03,266.7775,262.693,259.32083,0.5511539,0.0134973,-0.02140674,0.0012824186,-0.026733784,12.0,1123.0,262.4,264.275,254.25,255.0,26153996.0,253.81,267.83334,267.1275,263.381,260.11917,0.6980704,0.03541478,-0.028201196,0.0071455794,-0.031059429,12.0,1124.0,262.2,265.275,261.425,264.0,12011554.0,255.67,267.47665,267.36624,264.058,260.81583,0.6947968,-0.00076212536,0.0068649417,0.011727618,-0.0029558518,12.0
1121.0,250.05,253.175,249.925,251.25,12240276.0,263.685,269.10165,266.48624,262.471,258.8075,0.4959067,-0.00089897454,0.004799028,0.0124975005,-0.0004999,12.0,1122.0,253.425,253.75,246.65,248.0,21887890.0,257.05,268.03,266.7775,262.693,259.32083,0.5511539,0.0134973,-0.02140674,0.0012824186,-0.026733784,12.0,1123.0,262.4,264.275,254.25,255.0,26153996.0,253.81,267.83334,267.1275,263.381,260.11917,0.6980704,0.03541478,-0.028201196,0.0071455794,-0.031059429,12.0,1124.0,262.2,265.275,261.425,264.0,12011554.0,255.67,267.47665,267.36624,264.058,260.81583,0.6947968,-0.00076212536,0.0068649417,0.011727618,-0.0029558518,12.0,1125.0,260.75,263.475,259.875,262.2,10816526.0,257.765,266.82,267.22,264.677,261.54916,0.6710608,-0.0055301758,0.005560929,0.010450646,-0.0033557047,12.0
1122.0,253.425,253.75,246.65,248.0,21887890.0,257.05,268.03,266.7775,262.693,259.32083,0.5511539,0.0134973,-0.02140674,0.0012824186,-0.026733784,12.0,1123.0,262.4,264.275,254.25,255.0,26153996.0,253.81,267.83334,267.1275,263.381,260.11917,0.6980704,0.03541478,-0.028201196,0.0071455794,-0.031059429,12.0,1124.0,262.2,265.275,261.425,264.0,12011554.0,255.67,267.47665,267.36624,264.058,260.81583,0.6947968,-0.00076212536,0.0068649417,0.011727618,-0.0029558518,12.0,1125.0,260.75,263.475,259.875,262.2,10816526.0,257.765,266.82,267.22,264.677,261.54916,0.6710608,-0.0055301758,0.005560929,0.010450646,-0.0033557047,12.0,1126.0,261.0,262.45,259.725,260.9,7758508.0,259.95502,266.18668,266.815,265.18,262.05167,0.67515314,0.0009587728,-0.00038316514,0.0055556023,-0.004885034,12.0
1123.0,262.4,264.275,254.25,255.0,26153996.0,253.81,267.83334,267.1275,263.381,260.11917,0.6980704,0.03541478,-0.028201196,0.0071455794,-0.031059429,12.0,1124.0,262.2,265.275,261.425,264.0,12011554.0,255.67,267.47665,267.36624,264.058,260.81583,0.6947968,-0.00076212536,0.0068649417,0.011727618,-0.0029558518,12.0,1125.0,260.75,263.475,259.875,262.2,10816526.0,257.765,266.82,267.22,264.677,261.54916,0.6710608,-0.0055301758,0.005560929,0.010450646,-0.0033557047,12.0,1126.0,261.0,262.45,259.725,260.9,7758508.0,259.95502,266.18668,266.815,265.18,262.05167,0.67515314,0.0009587728,-0.00038316514,0.0055556023,-0.004885034,12.0,1127.0,260.775,263.4,258.75,261.5,10759752.0,261.425,265.72,266.37875,265.707,262.48166,0.6714699,-0.00086209236,0.002780198,0.010066149,-0.0077652917,12.0
1124.0,262.2,265.275,261.425,264.0,12011554.0,255.67,267.47665,267.36624,264.058,260.81583,0.6947968,-0.00076212536,0.0068649417,0.011727618,-0.0029558518,12.0,1125.0,260.75,263.475,259.875,262.2,10816526.0,257.765,266.82,267.22,264.677,261.54916,0.6710608,-0.0055301758,0.005560929,0.010450646,-0.0033557047,12.0,1126.0,261.0,262.45,259.725,260.9,7758508.0,259.95502,266.18668,266.815,265.18,262.05167,0.67515314,0.0009587728,-0.00038316514,0.0055556023,-0.004885034,12.0,1127.0,260.775,263.4,258.75,261.5,10759752.0,261.425,265.72,266.37875,265.707,262.48166,0.6714699,-0.00086209236,0.002780198,0.010066149,-0.0077652917,12.0,1128.0,251.075,259.625,250.5,257.5,15652228.0,259.16,264.655,265.665,265.534,262.6775,0.51268536,-0.037196808,0.025589976,0.034053583,-0.0022901401,12.0
1125.0,260.75,263.475,259.875,262.2,10816526.0,257.765,266.82,267.22,264.677,261.54916,0.6710608,-0.0055301758,0.005560929,0.010450646,-0.0033557047,12.0,1126.0,261.0,262.45,259.725,260.9,7758508.0,259.95502,266.18668,266.815,265.18,262.05167,0.67515314,0.0009587728,-0.00038316514,0.0055556023,-0.004885034,12.0,1127.0,260.775,263.4,258.75,261.5,10759752.0,261.425,265.72,266.37875,265.707,262.48166,0.6714699,-0.00086209236,0.002780198,0.010066149,-0.0077652917,12.0,1128.0,251.075,259.625,250.5,257.5,15652228.0,259.16,264.655,265.665,265.534,262.6775,0.51268536,-0.037196808,0.025589976,0.034053583,-0.0022901401,12.0,1129.0,242.5,247.925,240.125,245.0,21938080.0,255.22,262.15,264.4125,264.937,262.585,0.3723166,-0.03415313,0.010309278,0.022371147,-0.009793814,12.0
1126.0,261.0,262.45,259.725,260.9,7758508.0,259.95502,266.18668,266.815,265.18,262.05167,0.67515314,0.0009587728,-0.00038316514,0.0055556023,-0.004885034,12.0,1127.0,260.775,263.4,258.75,261.5,10759752.0,261.425,265.72,266.37875,265.707,262.48166,0.6714699,-0.00086209236,0.002780198,0.010066149,-0.0077652917,12.0,1128.0,251.075,259.625,250.5,257.5,15652228.0,259.16,264.655,265.665,265.534,262.6775,0.51268536,-0.037196808,0.025589976,0.034053583,-0.0022901401,12.0,1129.0,242.5,247.925,240.125,245.0,21938080.0,255.22,262.15,264.4125,264.937,262.585,0.3723166,-0.03415313,0.010309278,0.022371147,-0.009793814,12.0,1130.0,244.75,249.675,243.3,244.875,11271584.0,252.02,259.81,263.12,264.18,262.5675,0.40914807,0.0092783505,0.00051072525,0.020122586,-0.0059244004,12.0
1127.0,260.775,263.4,258.75,261.5,10759752.0,261.425,265.72,266.37875,265.707,262.48166,0.6714699,-0.00086209236,0.002780198,0.010066149,-0.0077652917,12.0,1128.0,251.075,259.625,250.5,257.5,15652228.0,259.16,264.655,265.665,265.534,262.6775,0.51268536,-0.037196808,0.025589976,0.034053583,-0.0022901401,12.0,1129.0,242.5,247.925,240.125,245.0,21938080.0,255.22,262.15,264.4125,264.937,262.585,0.3723166,-0.03415313,0.010309278,0.022371147,-0.009793814,12.0,1130.0,244.75,249.675,243.3,244.875,11271584.0,252.02,259.81,263.12,264.18,262.5675,0.40914807,0.0092783505,0.00051072525,0.020122586,-0.0059244004,12.0,1131.0,248.7,250.05,246.325,249.35,7079826.0,249.56,257.73334,262.03,263.364,262.57666,0.47380772,0.016138906,0.0026136276,0.0054282513,-0.009549659,12.0
1128.0,251.075,259.625,250.5,257.5,15652228.0,259.16,264.655,265.665,265.534,262.6775,0.51268536,-0.037196808,0.025589976,0.034053583,-0.0022901401,12.0,1129.0,242.5,247.925,240.125,245.0,21938080.0,255.22,262.15,264.4125,264.937,262.585,0.3723166,-0.03415313,0.010309278,0.022371147,-0.009793814,12.0,1130.0,244.75,249.675,243.3,244.875,11271584.0,252.02,259.81,263.12,264.18,262.5675,0.40914807,0.0092783505,0.00051072525,0.020122586,-0.0059244004,12.0,1131.0,248.7,250.05,246.325,249.35,7079826.0,249.56,257.73334,262.03,263.364,262.57666,0.47380772,0.016138906,0.0026136276,0.0054282513,-0.009549659,12.0,1132.0,243.65,247.0,243.175,247.0,13160570.0,246.135,254.87,260.82376,262.33,262.445,0.39114147,-0.020305602,0.013749256,0.013749256,-0.0019494803,12.0
1129.0,242.5,247.925,240.125,245.0,21938080.0,255.22,262.15,264.4125,264.937,262.585,0.3723166,-0.03415313,0.010309278,0.022371147,-0.009793814,12.0,1130.0,244.75,249.675,243.3,244.875,11271584.0,252.02,259.81,263.12,264.18,262.5675,0.40914807,0.0092783505,0.00051072525,0.020122586,-0.0059244004,12.0,1131.0,248.7,250.05,246.325,249.35,7079826.0,249.56,257.73334,262.03,263.364,262.57666,0.47380772,0.016138906,0.0026136276,0.0054282513,-0.009549659,12.0,1132.0,243.65,247.0,243.175,247.0,13160570.0,246.135,254.87,260.82376,262.33,262.445,0.39114147,-0.020305602,0.013749256,0.013749256,-0.0019494803,12.0,1133.0,245.65,248.225,244.825,247.675,6065948.0,245.05,252.67332,259.75375,261.542,262.12,0.42388055,0.008208496,0.008243473,0.0104824435,-0.0033584244,12.0
1130.0,244.75,249.675,243.3,244.875,11271584.0,252.02,259.81,263.12,264.18,262.5675,0.40914807,0.0092783505,0.00051072525,0.020122586,-0.0059244004,12.0,1131.0,248.7,250.05,246.325,249.35,7079826.0,249.56,257.73334,262.03,263.364,262.57666,0.47380772,0.016138906,0.0026136276,0.0054282513,-0.009549659,12.0,1132.0,243.65,247.0,243.175,247.0,13160570.0,246.135,254.87,260.82376,262.33,262.445,0.39114147,-0.020305602,0.013749256,0.013749256,-0.0019494803,12.0,1133.0,245.65,248.225,244.825,247.675,6065948.0,245.05,252.67332,259.75375,261.542,262.12,0.42388055,0.008208496,0.008243473,0.0104824435,-0.0033584244,12.0,1134.0,244.525,247.0,243.7,245.775,7338468.0,245.455,252.115,257.97626,260.621,261.69,0.40546483,-0.0045796866,0.005111952,0.01012169,-0.0033738757,12.0
1131.0,248.7,250.05,246.325,249.35,7079826.0,249.56,257.73334,262.03,263.364,262.57666,0.47380772,0.016138906,0.0026136276,0.0054282513,-0.009549659,12.0,1132.0,243.65,247.0,243.175,247.0,13160570.0,246.135,254.87,260.82376,262.33,262.445,0.39114147,-0.020305602,0.013749256,0.013749256,-0.0019494803,12.0,1133.0,245.65,248.225,244.825,247.675,6065948.0,245.05,252.67332,259.75375,261.542,262.12,0.42388055,0.008208496,0.008243473,0.0104824435,-0.0033584244,12.0,1134.0,244.525,247.0,243.7,245.775,7338468.0,245.455,252.115,257.97626,260.621,261.69,0.40546483,-0.0045796866,0.005111952,0.01012169,-0.0033738757,12.0,1135.0,245.25,246.35,243.575,244.525,6289418.0,245.555,251.78,256.24625,259.607,261.07584,0.41733283,0.0029649572,-0.002956192,0.004485244,-0.006829778,12.0
1132.0,243.65,247.0,243.175,247.0,13160570.0,246.135,254.87,260.82376,262.33,262.445,0.39114147,-0.020305602,0.013749256,0.013749256,-0.0019494803,12.0,1133.0,245.65,248.225,244.825,247.675,6065948.0,245.05,252.67332,259.75375,261.542,262.12,0.42388055,0.008208496,0.008243473,0.0104824435,-0.0033584244,12.0,1134.0,244.525,247.0,243.7,245.775,7338468.0,245.455,252.115,257.97626,260.621,261.69,0.40546483,-0.0045796866,0.005111952,0.01012169,-0.0033738757,12.0,1135.0,245.25,246.35,243.575,244.525,6289418.0,245.555,251.78,256.24625,259.607,261.07584,0.41733283,0.0029649572,-0.002956192,0.004485244,-0.006829778,12.0,1136.0,247.575,248.425,245.225,246.5,11121756.0,245.33,251.615,254.63249,258.69,260.35834,0.45539197,0.009480109,-0.004342106,0.0034333277,-0.009492036,12.0
1133.0,245.65,248.225,244.825,247.675,6065948.0,245.05,252.67332,259.75375,261.542,262.12,0.42388055,0.008208496,0.008243473,0.0104824435,-0.0033584244,12.0,1134.0,244.525,247.0,243.7,245.775,7338468.0,245.455,252.115,257.97626,260.621,261.69,0.40546483,-0.0045796866,0.005111952,0.01012169,-0.0033738757,12.0,1135.0,245.25,246.35,243.575,244.525,6289418.0,245.555,251.78,256.24625,259.607,261.07584,0.41733283,0.0029649572,-0.002956192,0.004485244,-0.006829778,12.0,1136.0,247.575,248.425,245.225,246.5,11121756.0,245.33,251.615,254.63249,258.69,260.35834,0.45539197,0.009480109,-0.004342106,0.0034333277,-0.009492036,12.0,1137.0,258.125,258.725,248.975,250.5,25931140.0,248.22499,251.92833,253.20876,258.304,259.97916,0.62809074,0.04261336,-0.029539952,0.002324479,-0.035447918,12.0
1134.0,244.525,247.0,243.7,245.775,7338468.0,245.455,252.115,257.97626,260.621,261.69,0.40546483,-0.0045796866,0.005111952,0.01012169,-0.0033738757,12.0,1135.0,245.25,246.35,243.575,244.525,6289418.0,245.555,251.78,256.24625,259.607,261.07584,0.41733283,0.0029649572,-0.002956192,0.004485244,-0.006829778,12.0,1136.0,247.575,248.425,245.225,246.5,11121756.0,245.33,251.615,254.63249,258.69,260.35834,0.45539197,0.009480109,-0.004342106,0.0034333277,-0.009492036,12.0,1137.0,258.125,258.725,248.975,250.5,25931140.0,248.22499,251.92833,253.20876,258.304,259.97916,0.62809074,0.04261336,-0.029539952,0.002324479,-0.035447918,12.0,1138.0,259.875,261.6,256.85,258.0,11466562.0,251.06999,251.76,252.27249,258.017,259.79666,0.65673745,0.006779661,-0.007215007,0.0066378303,-0.011640188,12.0
1135.0,245.25,246.35,243.575,244.525,6289418.0,245.555,251.78,256.24625,259.607,261.07584,0.41733283,0.0029649572,-0.002956192,0.004485244,-0.006829778,12.0,1136.0,247.575,248.425,245.225,246.5,11121756.0,245.33,251.615,254.63249,258.69,260.35834,0.45539197,0.009480109,-0.004342106,0.0034333277,-0.009492036,12.0,1137.0,258.125,258.725,248.975,250.5,25931140.0,248.22499,251.92833,253.20876,258.304,259.97916,0.62809074,0.04261336,-0.029539952,0.002324479,-0.035447918,12.0,1138.0,259.875,261.6,256.85,258.0,11466562.0,251.06999,251.76,252.27249,258.017,259.79666,0.65673745,0.006779661,-0.007215007,0.0066378303,-0.011640188,12.0,1139.0,262.325,263.8,259.825,259.95,9543812.0,254.63,251.76833,252.74374,257.307,259.6225,0.696843,0.009427656,-0.009053654,0.0056227027,-0.009530162,12.0
1136.0,247.575,248.425,245.225,246.5,11121756.0,245.33,251.615,254.63249,258.69,260.35834,0.45539197,0.009480109,-0.004342106,0.0034333277,-0.009492036,12.0,1137.0,258.125,258.725,248.975,250.5,25931140.0,248.22499,251.92833,253.20876,258.304,259.97916,0.62809074,0.04261336,-0.029539952,0.002324479,-0.035447918,12.0,1138.0,259.875,261.6,256.85,258.0,11466562.0,251.06999,251.76,252.27249,258.017,259.79666,0.65673745,0.006779661,-0.007215007,0.0066378303,-0.011640188,12.0,1139.0,262.325,263.8,259.825,259.95,9543812.0,254.63,251.76833,252.74374,257.307,259.6225,0.696843,0.009427656,-0.009053654,0.0056227027,-0.009530162,12.0,1140.0,263.175,264.05,260.525,261.7,6454402.0,258.215,251.93,253.38875,256.64,259.375,0.7107567,0.0032401623,-0.0056045433,0.003324784,-0.010069323,12.0
1137.0,258.125,258.725,248.975,250.5,25931140.0,248.22499,251.92833,253.20876,258.304,259.97916,0.62809074,0.04261336,-0.029539952,0.002324479,-0.035447918,12.0,1138.0,259.875,261.6,256.85,258.0,11466562.0,251.06999,251.76,252.27249,258.017,259.79666,0.65673745,0.006779661,-0.007215007,0.0066378303,-0.011640188,12.0,1139.0,262.325,263.8,259.825,259.95,9543812.0,254.63,251.76833,252.74374,257.307,259.6225,0.696843,0.009427656,-0.009053654,0.0056227027,-0.009530162,12.0,1140.0,263.175,264.05,260.525,261.7,6454402.0,258.215,251.93,253.38875,256.64,259.375,0.7107567,0.0032401623,-0.0056045433,0.003324784,-0.010069323,12.0,1141.0,259.5,265.275,259.025,263.9,11496506.0,260.6,251.83,253.86125,255.826,259.00833,0.6505988,-0.013964047,0.01695566,0.022254312,-0.0018304667,12.0
1138.0,259.875,261.6,256.85,258.0,11466562.0,251.06999,251.76,252.27249,258.017,259.79666,0.65673745,0.006779661,-0.007215007,0.0066378303,-0.011640188,12.0,1139.0,262.325,263.8,259.825,259.95,9543812.0,254.63,251.76833,252.74374,257.307,259.6225,0.696843,0.009427656,-0.009053654,0.0056227027,-0.009530162,12.0,1140.0,263.175,264.05,260.525,261.7,6454402.0,258.215,251.93,253.38875,256.64,259.375,0.7107567,0.0032401623,-0.0056045433,0.003324784,-0.010069323,12.0,1141.0,259.5,265.275,259.025,263.9,11496506.0,260.6,251.83,253.86125,255.826,259.00833,0.6505988,-0.013964047,0.01695566,0.022254312,-0.0018304667,12.0,1142.0,256.2,260.725,255.675,259.95,11277706.0,260.215,251.525,254.0,254.61,258.6225,0.59657955,-0.012716716,0.014637002,0.017661959,-0.002049216,12.0
1139.0,262.325,263.8,259.825,259.95,9543812.0,254.63,251.76833,252.74374,257.307,259.6225,0.696843,0.009427656,-0.009053654,0.0056227027,-0.009530162,12.0,1140.0,263.175,264.05,260.525,261.7,6454402.0,258.215,251.93,253.38875,256.64,259.375,0.7107567,0.0032401623,-0.0056045433,0.003324784,-0.010069323,12.0,1141.0,259.5,265.275,259.025,263.9,11496506.0,260.6,251.83,253.86125,255.826,259.00833,0.6505988,-0.013964047,0.01695566,0.022254312,-0.0018304667,12.0,1142.0,256.2,260.725,255.675,259.95,11277706.0,260.215,251.525,254.0,254.61,258.6225,0.59657955,-0.012716716,0.014637002,0.017661959,-0.002049216,12.0,1143.0,260.0,262.4,257.975,258.0,17351380.0,260.24,252.12,253.88,253.866,258.3875,0.6587836,0.014832114,-0.0076923077,0.009230746,-0.007788438,12.0
1140.0,263.175,264.05,260.525,261.7,6454402.0,258.215,251.93,253.38875,256.64,259.375,0.7107567,0.0032401623,-0.0056045433,0.003324784,-0.010069323,12.0,1141.0,259.5,265.275,259.025,263.9,11496506.0,260.6,251.83,253.86125,255.826,259.00833,0.6505988,-0.013964047,0.01695566,0.022254312,-0.0018304667,12.0,1142.0,256.2,260.725,255.675,259.95,11277706.0,260.215,251.525,254.0,254.61,258.6225,0.59657955,-0.012716716,0.014637002,0.017661959,-0.002049216,12.0,1143.0,260.0,262.4,257.975,258.0,17351380.0,260.24,252.12,253.88,253.866,258.3875,0.6587836,0.014832114,-0.0076923077,0.009230746,-0.007788438,12.0,1144.0,258.575,261.625,258.0,260.0,7965796.0,259.49,253.19167,253.69875,254.093,257.67084,0.6354572,-0.005480722,0.0055109262,0.011795369,-0.0022237734,12.0
1141.0,259.5,265.275,259.025,263.9,11496506.0,260.6,251.83,253.86125,255.826,259.00833,0.6505988,-0.013964047,0.01695566,0.022254312,-0.0018304667,12.0,1142.0,256.2,260.725,255.675,259.95,11277706.0,260.215,251.525,254.0,254.61,258.6225,0.59657955,-0.012716716,0.014637002,0.017661959,-0.002049216,12.0,1143.0,260.0,262.4,257.975,258.0,17351380.0,260.24,252.12,253.88,253.866,258.3875,0.6587836,0.014832114,-0.0076923077,0.009230746,-0.007788438,12.0,1144.0,258.575,261.625,258.0,260.0,7965796.0,259.49,253.19167,253.69875,254.093,257.67084,0.6354572,-0.005480722,0.0055109262,0.011795369,-0.0022237734,12.0,1145.0,267.3,269.05,258.925,260.0,34375570.0,260.315,254.69499,254.02625,254.774,257.2525,0.7782811,0.033742532,-0.027310094,0.0065469514,-0.031331837,12.0
1142.0,256.2,260.725,255.675,259.95,11277706.0,260.215,251.525,254.0,254.61,258.6225,0.59657955,-0.012716716,0.014637002,0.017661959,-0.002049216,12.0,1143.0,260.0,262.4,257.975,258.0,17351380.0,260.24,252.12,253.88,253.866,258.3875,0.6587836,0.014832114,-0.0076923077,0.009230746,-0.007788438,12.0,1144.0,258.575,261.625,258.0,260.0,7965796.0,259.49,253.19167,253.69875,254.093,257.67084,0.6354572,-0.005480722,0.0055109262,0.011795369,-0.0022237734,12.0,1145.0,267.3,269.05,258.925,260.0,34375570.0,260.315,254.69499,254.02625,254.774,257.2525,0.7782811,0.033742532,-0.027310094,0.0065469514,-0.031331837,12.0,1146.0,269.35,270.975,267.025,267.5,25685318.0,262.285,256.07166,254.44376,255.546,256.9025,0.811839,0.0076693543,-0.0068684095,0.0060330424,-0.008631936,12.0
1143.0,260.0,262.4,257.975,258.0,17351380.0,260.24,252.12,253.88,253.866,258.3875,0.6587836,0.014832114,-0.0076923077,0.009230746,-0.007788438,12.0,1144.0,258.575,261.625,258.0,260.0,7965796.0,259.49,253.19167,253.69875,254.093,257.67084,0.6354572,-0.005480722,0.0055109262,0.011795369,-0.0022237734,12.0,1145.0,267.3,269.05,258.925,260.0,34375570.0,260.315,254.69499,254.02625,254.774,257.2525,0.7782811,0.033742532,-0.027310094,0.0065469514,-0.031331837,12.0,1146.0,269.35,270.975,267.025,267.5,25685318.0,262.285,256.07166,254.44376,255.546,256.9025,0.811839,0.0076693543,-0.0068684095,0.0060330424,-0.008631936,12.0,1147.0,269.2,271.0,267.85,270.85,19434804.0,264.885,257.775,254.865,256.177,256.3225,0.80938363,-0.00055687357,0.006129249,0.0066864328,-0.0050148815,12.0
1144.0,258.575,261.625,258.0,260.0,7965796.0,259.49,253.19167,253.69875,254.093,257.67084,0.6354572,-0.005480722,0.0055109262,0.011795369,-0.0022237734,12.0,1145.0,267.3,269.05,258.925,260.0,34375570.0,260.315,254.69499,254.02625,254.774,257.2525,0.7782811,0.033742532,-0.027310094,0.0065469514,-0.031331837,12.0,1146.0,269.35,270.975,267.025,267.5,25685318.0,262.285,256.07166,254.44376,255.546,256.9025,0.811839,0.0076693543,-0.0068684095,0.0060330424,-0.008631936,12.0,1147.0,269.2,271.0,267.85,270.85,19434804.0,264.885,257.775,254.865,256.177,256.3225,0.80938363,-0.00055687357,0.006129249,0.0066864328,-0.0050148815,12.0,1148.0,266.225,271.0,265.925,269.2,15735982.0,266.13,259.14667,255.6225,256.33,255.91,0.76068413,-0.011051285,0.011174781,0.017935934,-0.0011269351,12.0
1145.0,267.3,269.05,258.925,260.0,34375570.0,260.315,254.69499,254.02625,254.774,257.2525,0.7782811,0.033742532,-0.027310094,0.0065469514,-0.031331837,12.0,1146.0,269.35,270.975,267.025,267.5,25685318.0,262.285,256.07166,254.44376,255.546,256.9025,0.811839,0.0076693543,-0.0068684095,0.0060330424,-0.008631936,12.0,1147.0,269.2,271.0,267.85,270.85,19434804.0,264.885,257.775,254.865,256.177,256.3225,0.80938363,-0.00055687357,0.006129249,0.0066864328,-0.0050148815,12.0,1148.0,266.225,271.0,265.925,269.2,15735982.0,266.13,259.14667,255.6225,256.33,255.91,0.76068413,-0.011051285,0.011174781,0.017935934,-0.0011269351,12.0,1149.0,268.025,270.425,264.75,266.5,15056686.0,268.02,260.71335,256.89874,256.563,256.41415,0.7901491,0.0067611523,-0.0056897453,0.008954366,-0.012218987,12.0
1146.0,269.35,270.975,267.025,267.5,25685318.0,262.285,256.07166,254.44376,255.546,256.9025,0.811839,0.0076693543,-0.0068684095,0.0060330424,-0.008631936,12.0,1147.0,269.2,271.0,267.85,270.85,19434804.0,264.885,257.775,254.865,256.177,256.3225,0.80938363,-0.00055687357,0.006129249,0.0066864328,-0.0050148815,12.0,1148.0,266.225,271.0,265.925,269.2,15735982.0,266.13,259.14667,255.6225,256.33,255.91,0.76068413,-0.011051285,0.011174781,0.017935934,-0.0011269351,12.0,1149.0,268.025,270.425,264.75,266.5,15056686.0,268.02,260.71335,256.89874,256.563,256.41415,0.7901491,0.0067611523,-0.0056897453,0.008954366,-0.012218987,12.0,1150.0,259.575,264.125,258.375,264.0,20402128.0,266.475,261.66833,257.64,256.516,256.72418,0.65182674,-0.03152684,0.017047048,0.017528605,-0.004622988,12.0
1147.0,269.2,271.0,267.85,270.85,19434804.0,264.885,257.775,254.865,256.177,256.3225,0.80938363,-0.00055687357,0.006129249,0.0066864328,-0.0050148815,12.0,1148.0,266.225,271.0,265.925,269.2,15735982.0,266.13,259.14667,255.6225,256.33,255.91,0.76068413,-0.011051285,0.011174781,0.017935934,-0.0011269351,12.0,1149.0,268.025,270.425,264.75,266.5,15056686.0,268.02,260.71335,256.89874,256.563,256.41415,0.7901491,0.0067611523,-0.0056897453,0.008954366,-0.012218987,12.0,1150.0,259.575,264.125,258.375,264.0,20402128.0,266.475,261.66833,257.64,256.516,256.72418,0.65182674,-0.03152684,0.017047048,0.017528605,-0.004622988,12.0,1151.0,262.425,263.0,259.75,260.6,12069118.0,265.09,262.65833,258.32626,256.573,257.13666,0.6984796,0.010979391,-0.0069542984,0.002191149,-0.010193342,12.0
1148.0,266.225,271.0,265.925,269.2,15735982.0,266.13,259.14667,255.6225,256.33,255.91,0.76068413,-0.011051285,0.011174781,0.017935934,-0.0011269351,12.0,1149.0,268.025,270.425,264.75,266.5,15056686.0,268.02,260.71335,256.89874,256.563,256.41415,0.7901491,0.0067611523,-0.0056897453,0.008954366,-0.012218987,12.0,1150.0,259.575,264.125,258.375,264.0,20402128.0,266.475,261.66833,257.64,256.516,256.72418,0.65182674,-0.03152684,0.017047048,0.017528605,-0.004622988,12.0,1151.0,262.425,263.0,259.75,260.6,12069118.0,265.09,262.65833,258.32626,256.573,257.13666,0.6984796,0.010979391,-0.0069542984,0.002191149,-0.010193342,12.0,1152.0,260.3,264.95,259.225,262.425,14579954.0,263.31,262.80334,259.15875,256.554,257.36584,0.66369426,-0.008097552,0.008163658,0.017864097,-0.00412978,12.0
1149.0,268.025,270.425,264.75,266.5,15056686.0,268.02,260.71335,256.89874,256.563,256.41415,0.7901491,0.0067611523,-0.0056897453,0.008954366,-0.012218987,12.0,1150.0,259.575,264.125,258.375,264.0,20402128.0,266.475,261.66833,257.64,256.516,256.72418,0.65182674,-0.03152684,0.017047048,0.017528605,-0.004622988,12.0,1151.0,262.425,263.0,259.75,260.6,12069118.0,265.09,262.65833,258.32626,256.573,257.13666,0.6984796,0.010979391,-0.0069542984,0.002191149,-0.010193342,12.0,1152.0,260.3,264.95,259.225,262.425,14579954.0,263.31,262.80334,259.15875,256.554,257.36584,0.66369426,-0.008097552,0.008163658,0.017864097,-0.00412978,12.0,1153.0,257.425,260.875,256.725,258.55,11919540.0,261.55,262.64,259.7475,256.808,257.2,0.61663187,-0.011044948,0.004370205,0.013402009,-0.0027191676,12.0
1150.0,259.575,264.125,258.375,264.0,20402128.0,266.475,261.66833,257.64,256.516,256.72418,0.65182674,-0.03152684,0.017047048,0.017528605,-0.004622988,12.0,1151.0,262.425,263.0,259.75,260.6,12069118.0,265.09,262.65833,258.32626,256.573,257.13666,0.6984796,0.010979391,-0.0069542984,0.002191149,-0.010193342,12.0,1152.0,260.3,264.95,259.225,262.425,14579954.0,263.31,262.80334,259.15875,256.554,257.36584,0.66369426,-0.008097552,0.008163658,0.017864097,-0.00412978,12.0,1153.0,257.425,260.875,256.725,258.55,11919540.0,261.55,262.64,259.7475,256.808,257.2,0.61663187,-0.011044948,0.004370205,0.013402009,-0.0027191676,12.0,1154.0,262.875,264.0,257.0,258.4,10287272.0,260.52,262.67667,260.665,257.623,257.2225,0.7058461,0.021171262,-0.017023323,0.0042796005,-0.022349026,12.0
1151.0,262.425,263.0,259.75,260.6,12069118.0,265.09,262.65833,258.32626,256.573,257.13666,0.6984796,0.010979391,-0.0069542984,0.002191149,-0.010193342,12.0,1152.0,260.3,264.95,259.225,262.425,14579954.0,263.31,262.80334,259.15875,256.554,257.36584,0.66369426,-0.008097552,0.008163658,0.017864097,-0.00412978,12.0,1153.0,257.425,260.875,256.725,258.55,11919540.0,261.55,262.64,259.7475,256.808,257.2,0.61663187,-0.011044948,0.004370205,0.013402009,-0.0027191676,12.0,1154.0,262.875,264.0,257.0,258.4,10287272.0,260.52,262.67667,260.665,257.623,257.2225,0.7058461,0.021171262,-0.017023323,0.0042796005,-0.022349026,12.0,1155.0,257.175,263.125,256.625,262.5,8261524.0,260.03998,262.27667,261.26126,258.12,257.10333,0.61253947,-0.021683356,0.020705793,0.023136046,-0.0021385741,12.0
1152.0,260.3,264.95,259.225,262.425,14579954.0,263.31,262.80334,259.15875,256.554,257.36584,0.66369426,-0.008097552,0.008163658,0.017864097,-0.00412978,12.0,1153.0,257.425,260.875,256.725,258.55,11919540.0,261.55,262.64,259.7475,256.808,257.2,0.61663187,-0.011044948,0.004370205,0.013402009,-0.0027191676,12.0,1154.0,262.875,264.0,257.0,258.4,10287272.0,260.52,262.67667,260.665,257.623,257.2225,0.7058461,0.021171262,-0.017023323,0.0042796005,-0.022349026,12.0,1155.0,257.175,263.125,256.625,262.5,8261524.0,260.03998,262.27667,261.26126,258.12,257.10333,0.61253947,-0.021683356,0.020705793,0.023136046,-0.0021385741,12.0,1156.0,265.025,266.0,258.875,260.225,15779474.0,260.56,262.645,262.13376,258.773,257.2375,0.74104047,0.030523987,-0.018111452,0.0036789214,-0.023205336,12.0
1153.0,257.425,260.875,256.725,258.55,11919540.0,261.55,262.64,259.7475,256.808,257.2,0.61663187,-0.011044948,0.004370205,0.013402009,-0.0027191676,12.0,1154.0,262.875,264.0,257.0,258.4,10287272.0,260.52,262.67667,260.665,257.623,257.2225,0.7058461,0.021171262,-0.017023323,0.0042796005,-0.022349026,12.0,1155.0,257.175,263.125,256.625,262.5,8261524.0,260.03998,262.27667,261.26126,258.12,257.10333,0.61253947,-0.021683356,0.020705793,0.023136046,-0.0021385741,12.0,1156.0,265.025,266.0,258.875,260.225,15779474.0,260.56,262.645,262.13376,258.773,257.2375,0.74104047,0.030523987,-0.018111452,0.0036789214,-0.023205336,12.0,1157.0,275.3,276.25,265.425,266.9,35919704.0,263.56,263.91833,262.9925,260.039,257.72168,0.90923744,0.038769905,-0.030512149,0.0034508253,-0.035869963,12.0
1154.0,262.875,264.0,257.0,258.4,10287272.0,260.52,262.67667,260.665,257.623,257.2225,0.7058461,0.021171262,-0.017023323,0.0042796005,-0.022349026,12.0,1155.0,257.175,263.125,256.625,262.5,8261524.0,260.03998,262.27667,261.26126,258.12,257.10333,0.61253947,-0.021683356,0.020705793,0.023136046,-0.0021385741,12.0,1156.0,265.025,266.0,258.875,260.225,15779474.0,260.56,262.645,262.13376,258.773,257.2375,0.74104047,0.030523987,-0.018111452,0.0036789214,-0.023205336,12.0,1157.0,275.3,276.25,265.425,266.9,35919704.0,263.56,263.91833,262.9925,260.039,257.72168,0.90923744,0.038769905,-0.030512149,0.0034508253,-0.035869963,12.0,1158.0,275.95,278.425,274.5,276.5,11088578.0,267.26498,264.98166,263.79626,261.251,258.55084,0.91987807,0.0023611495,0.0019930704,0.008968927,-0.0052546193,12.0
1155.0,257.175,263.125,256.625,262.5,8261524.0,260.03998,262.27667,261.26126,258.12,257.10333,0.61253947,-0.021683356,0.020705793,0.023136046,-0.0021385741,12.0,1156.0,265.025,266.0,258.875,260.225,15779474.0,260.56,262.645,262.13376,258.773,257.2375,0.74104047,0.030523987,-0.018111452,0.0036789214,-0.023205336,12.0,1157.0,275.3,276.25,265.425,266.9,35919704.0,263.56,263.91833,262.9925,260.039,257.72168,0.90923744,0.038769905,-0.030512149,0.0034508253,-0.035869963,12.0,1158.0,275.95,278.425,274.5,276.5,11088578.0,267.26498,264.98166,263.79626,261.251,258.55084,0.91987807,0.0023611495,0.0019930704,0.008968927,-0.0052546193,12.0,1159.0,275.95,277.45,273.525,274.5,8728238.0,269.88,266.13998,264.4775,262.508,259.66583,0.91987807,0.0,-0.0052546193,0.005435767,-0.00878789,12.0
1156.0,265.025,266.0,258.875,260.225,15779474.0,260.56,262.645,262.13376,258.773,257.2375,0.74104047,0.030523987,-0.018111452,0.0036789214,-0.023205336,12.0,1157.0,275.3,276.25,265.425,266.9,35919704.0,263.56,263.91833,262.9925,260.039,257.72168,0.90923744,0.038769905,-0.030512149,0.0034508253,-0.035869963,12.0,1158.0,275.95,278.425,274.5,276.5,11088578.0,267.26498,264.98166,263.79626,261.251,258.55084,0.91987807,0.0023611495,0.0019930704,0.008968927,-0.0052546193,12.0,1159.0,275.95,277.45,273.525,274.5,8728238.0,269.88,266.13998,264.4775,262.508,259.66583,0.91987807,0.0,-0.0052546193,0.005435767,-0.00878789,12.0,1160.0,269.075,274.525,266.325,274.525,16665520.0,272.26,266.25833,264.7725,263.461,260.47665,0.80733746,-0.024913933,0.020254508,0.020254508,-0.010220198,12.0
1157.0,275.3,276.25,265.425,266.9,35919704.0,263.56,263.91833,262.9925,260.039,257.72168,0.90923744,0.038769905,-0.030512149,0.0034508253,-0.035869963,12.0,1158.0,275.95,278.425,274.5,276.5,11088578.0,267.26498,264.98166,263.79626,261.251,258.55084,0.91987807,0.0023611495,0.0019930704,0.008968927,-0.0052546193,12.0,1159.0,275.95,277.45,273.525,274.5,8728238.0,269.88,266.13998,264.4775,262.508,259.66583,0.91987807,0.0,-0.0052546193,0.005435767,-0.00878789,12.0,1160.0,269.075,274.525,266.325,274.525,16665520.0,272.26,266.25833,264.7725,263.461,260.47665,0.80733746,-0.024913933,0.020254508,0.020254508,-0.010220198,12.0,1161.0,266.675,275.725,264.575,272.1,20969182.0,272.59,266.08,265.13126,264.225,261.07584,0.76805013,-0.008919536,0.020343184,0.033936508,-0.007874663,12.0
1158.0,275.95,278.425,274.5,276.5,11088578.0,267.26498,264.98166,263.79626,261.251,258.55084,0.91987807,0.0023611495,0.0019930704,0.008968927,-0.0052546193,12.0,1159.0,275.95,277.45,273.525,274.5,8728238.0,269.88,266.13998,264.4775,262.508,259.66583,0.91987807,0.0,-0.0052546193,0.005435767,-0.00878789,12.0,1160.0,269.075,274.525,266.325,274.525,16665520.0,272.26,266.25833,264.7725,263.461,260.47665,0.80733746,-0.024913933,0.020254508,0.020254508,-0.010220198,12.0,1161.0,266.675,275.725,264.575,272.1,20969182.0,272.59,266.08,265.13126,264.225,261.07584,0.76805013,-0.008919536,0.020343184,0.033936508,-0.007874663,12.0,1162.0,269.55,270.375,265.5,268.95,16664232.0,271.44,266.10333,265.79874,264.682,261.93918,0.8151126,0.010780914,-0.0022258416,0.003060702,-0.015024997,12.0
1159.0,275.95,277.45,273.525,274.5,8728238.0,269.88,266.13998,264.4775,262.508,259.66583,0.91987807,0.0,-0.0052546193,0.005435767,-0.00878789,12.0,1160.0,269.075,274.525,266.325,274.525,16665520.0,272.26,266.25833,264.7725,263.461,260.47665,0.80733746,-0.024913933,0.020254508,0.020254508,-0.010220198,12.0,1161.0,266.675,275.725,264.575,272.1,20969182.0,272.59,266.08,265.13126,264.225,261.07584,0.76805013,-0.008919536,0.020343184,0.033936508,-0.007874663,12.0,1162.0,269.55,270.375,265.5,268.95,16664232.0,271.44,266.10333,265.79874,264.682,261.93918,0.8151126,0.010780914,-0.0022258416,0.003060702,-0.015024997,12.0,1163.0,267.45,270.2,266.0,269.55,8544290.0,269.74,266.185,266.17126,264.985,262.66583,0.7807369,-0.007790672,0.007851844,0.010282295,-0.0054216194,12.0
1160.0,269.075,274.525,266.325,274.525,16665520.0,272.26,266.25833,264.7725,263.461,260.47665,0.80733746,-0.024913933,0.020254508,0.020254508,-0.010220198,12.0,1161.0,266.675,275.725,264.575,272.1,20969182.0,272.59,266.08,265.13126,264.225,261.07584,0.76805013,-0.008919536,0.020343184,0.033936508,-0.007874663,12.0,1162.0,269.55,270.375,265.5,268.95,16664232.0,271.44,266.10333,265.79874,264.682,261.93918,0.8151126,0.010780914,-0.0022258416,0.003060702,-0.015024997,12.0,1163.0,267.45,270.2,266.0,269.55,8544290.0,269.74,266.185,266.17126,264.985,262.66583,0.7807369,-0.007790672,0.007851844,0.010282295,-0.0054216194,12.0,1164.0,269.775,270.95,264.675,266.1,12355694.0,268.505,266.30167,266.73126,265.283,263.5075,0.8187958,0.008693145,-0.013622418,0.0043555493,-0.018904665,12.0
1161.0,266.675,275.725,264.575,272.1,20969182.0,272.59,266.08,265.13126,264.225,261.07584,0.76805013,-0.008919536,0.020343184,0.033936508,-0.007874663,12.0,1162.0,269.55,270.375,265.5,268.95,16664232.0,271.44,266.10333,265.79874,264.682,261.93918,0.8151126,0.010780914,-0.0022258416,0.003060702,-0.015024997,12.0,1163.0,267.45,270.2,266.0,269.55,8544290.0,269.74,266.185,266.17126,264.985,262.66583,0.7807369,-0.007790672,0.007851844,0.010282295,-0.0054216194,12.0,1164.0,269.775,270.95,264.675,266.1,12355694.0,268.505,266.30167,266.73126,265.283,263.5075,0.8187958,0.008693145,-0.013622418,0.0043555493,-0.018904665,12.0,1165.0,268.1,269.7,265.375,269.4,8065196.0,268.31,266.87,266.77124,265.48,264.26917,0.791377,-0.006208833,0.0048488914,0.005967945,-0.010164141,12.0
1162.0,269.55,270.375,265.5,268.95,16664232.0,271.44,266.10333,265.79874,264.682,261.93918,0.8151126,0.010780914,-0.0022258416,0.003060702,-0.015024997,12.0,1163.0,267.45,270.2,266.0,269.55,8544290.0,269.74,266.185,266.17126,264.985,262.66583,0.7807369,-0.007790672,0.007851844,0.010282295,-0.0054216194,12.0,1164.0,269.775,270.95,264.675,266.1,12355694.0,268.505,266.30167,266.73126,265.283,263.5075,0.8187958,0.008693145,-0.013622418,0.0043555493,-0.018904665,12.0,1165.0,268.1,269.7,265.375,269.4,8065196.0,268.31,266.87,266.77124,265.48,264.26917,0.791377,-0.006208833,0.0048488914,0.005967945,-0.010164141,12.0,1166.0,270.95,271.55,267.85,269.35,11403400.0,269.165,267.43832,266.85126,265.938,265.04834,0.83803034,0.010630384,-0.005905171,0.0022143405,-0.011441248,12.0
1163.0,267.45,270.2,266.0,269.55,8544290.0,269.74,266.185,266.17126,264.985,262.66583,0.7807369,-0.007790672,0.007851844,0.010282295,-0.0054216194,12.0,1164.0,269.775,270.95,264.675,266.1,12355694.0,268.505,266.30167,266.73126,265.283,263.5075,0.8187958,0.008693145,-0.013622418,0.0043555493,-0.018904665,12.0,1165.0,268.1,269.7,265.375,269.4,8065196.0,268.31,266.87,266.77124,265.48,264.26917,0.791377,-0.006208833,0.0048488914,0.005967945,-0.010164141,12.0,1166.0,270.95,271.55,267.85,269.35,11403400.0,269.165,267.43832,266.85126,265.938,265.04834,0.83803034,0.010630384,-0.005905171,0.0022143405,-0.011441248,12.0,1167.0,270.9,279.45,270.35,274.45,26462384.0,269.435,268.145,266.93625,266.526,265.47418,0.83721155,-0.00018460346,0.013104535,0.03156153,-0.0020302245,12.0
1164.0,269.775,270.95,264.675,266.1,12355694.0,268.505,266.30167,266.73126,265.283,263.5075,0.8187958,0.008693145,-0.013622418,0.0043555493,-0.018904665,12.0,1165.0,268.1,269.7,265.375,269.4,8065196.0,268.31,266.87,266.77124,265.48,264.26917,0.791377,-0.006208833,0.0048488914,0.005967945,-0.010164141,12.0,1166.0,270.95,271.55,267.85,269.35,11403400.0,269.165,267.43832,266.85126,265.938,265.04834,0.83803034,0.010630384,-0.005905171,0.0022143405,-0.011441248,12.0,1167.0,270.9,279.45,270.35,274.45,26462384.0,269.435,268.145,266.93625,266.526,265.47418,0.83721155,-0.00018460346,0.013104535,0.03156153,-0.0020302245,12.0,1168.0,270.725,272.25,267.0,269.0,8199446.0,270.09,269.03168,267.16125,266.955,265.83585,0.83434707,-0.0006459498,-0.0063718017,0.005633,-0.013759372,12.0
1165.0,268.1,269.7,265.375,269.4,8065196.0,268.31,266.87,266.77124,265.48,264.26917,0.791377,-0.006208833,0.0048488914,0.005967945,-0.010164141,12.0,1166.0,270.95,271.55,267.85,269.35,11403400.0,269.165,267.43832,266.85126,265.938,265.04834,0.83803034,0.010630384,-0.005905171,0.0022143405,-0.011441248,12.0,1167.0,270.9,279.45,270.35,274.45,26462384.0,269.435,268.145,266.93625,266.526,265.47418,0.83721155,-0.00018460346,0.013104535,0.03156153,-0.0020302245,12.0,1168.0,270.725,272.25,267.0,269.0,8199446.0,270.09,269.03168,267.16125,266.955,265.83585,0.83434707,-0.0006459498,-0.0063718017,0.005633,-0.013759372,12.0,1169.0,273.375,274.8,270.1,270.1,9411274.0,270.81,269.73166,267.42874,267.547,266.20416,0.87772626,0.009788508,-0.011979858,0.005212575,-0.011979858,12.0
1166.0,270.95,271.55,267.85,269.35,11403400.0,269.165,267.43832,266.85126,265.938,265.04834,0.83803034,0.010630384,-0.005905171,0.0022143405,-0.011441248,12.0,1167.0,270.9,279.45,270.35,274.45,26462384.0,269.435,268.145,266.93625,266.526,265.47418,0.83721155,-0.00018460346,0.013104535,0.03156153,-0.0020302245,12.0,1168.0,270.725,272.25,267.0,269.0,8199446.0,270.09,269.03168,267.16125,266.955,265.83585,0.83434707,-0.0006459498,-0.0063718017,0.005633,-0.013759372,12.0,1169.0,273.375,274.8,270.1,270.1,9411274.0,270.81,269.73166,267.42874,267.547,266.20416,0.87772626,0.009788508,-0.011979858,0.005212575,-0.011979858,12.0,1170.0,265.075,271.2,263.125,270.05,14035368.0,270.20502,270.25833,267.70374,267.458,266.2675,0.74185926,-0.030361181,0.01876818,0.023106666,-0.007356454,12.0
1167.0,270.9,279.45,270.35,274.45,26462384.0,269.435,268.145,266.93625,266.526,265.47418,0.83721155,-0.00018460346,0.013104535,0.03156153,-0.0020302245,12.0,1168.0,270.725,272.25,267.0,269.0,8199446.0,270.09,269.03168,267.16125,266.955,265.83585,0.83434707,-0.0006459498,-0.0063718017,0.005633,-0.013759372,12.0,1169.0,273.375,274.8,270.1,270.1,9411274.0,270.81,269.73166,267.42874,267.547,266.20416,0.87772626,0.009788508,-0.011979858,0.005212575,-0.011979858,12.0,1170.0,265.075,271.2,263.125,270.05,14035368.0,270.20502,270.25833,267.70374,267.458,266.2675,0.74185926,-0.030361181,0.01876818,0.023106666,-0.007356454,12.0,1171.0,266.775,270.975,264.025,264.025,11922754.0,269.37,270.375,267.92126,267.355,266.51,0.7696872,0.0064132097,-0.010308312,0.01574365,-0.010308312,12.0
1168.0,270.725,272.25,267.0,269.0,8199446.0,270.09,269.03168,267.16125,266.955,265.83585,0.83434707,-0.0006459498,-0.0063718017,0.005633,-0.013759372,12.0,1169.0,273.375,274.8,270.1,270.1,9411274.0,270.81,269.73166,267.42874,267.547,266.20416,0.87772626,0.009788508,-0.011979858,0.005212575,-0.011979858,12.0,1170.0,265.075,271.2,263.125,270.05,14035368.0,270.20502,270.25833,267.70374,267.458,266.2675,0.74185926,-0.030361181,0.01876818,0.023106666,-0.007356454,12.0,1171.0,266.775,270.975,264.025,264.025,11922754.0,269.37,270.375,267.92126,267.355,266.51,0.7696872,0.0064132097,-0.010308312,0.01574365,-0.010308312,12.0,1172.0,265.725,270.85,262.975,269.0,9878074.0,268.335,269.73666,268.1925,267.216,266.8275,0.75249934,-0.0039358553,0.012324749,0.019286856,-0.010349045,12.0
1169.0,273.375,274.8,270.1,270.1,9411274.0,270.81,269.73166,267.42874,267.547,266.20416,0.87772626,0.009788508,-0.011979858,0.005212575,-0.011979858,12.0,1170.0,265.075,271.2,263.125,270.05,14035368.0,270.20502,270.25833,267.70374,267.458,266.2675,0.74185926,-0.030361181,0.01876818,0.023106666,-0.007356454,12.0,1171.0,266.775,270.975,264.025,264.025,11922754.0,269.37,270.375,267.92126,267.355,266.51,0.7696872,0.0064132097,-0.010308312,0.01574365,-0.010308312,12.0,1172.0,265.725,270.85,262.975,269.0,9878074.0,268.335,269.73666,268.1925,267.216,266.8275,0.75249934,-0.0039358553,0.012324749,0.019286856,-0.010349045,12.0,1173.0,263.475,266.9,260.15,265.775,11502804.0,266.885,268.905,268.495,267.106,266.94333,0.7156679,-0.0084674,0.008729435,0.012999289,-0.012619839,12.0
1170.0,265.075,271.2,263.125,270.05,14035368.0,270.20502,270.25833,267.70374,267.458,266.2675,0.74185926,-0.030361181,0.01876818,0.023106666,-0.007356454,12.0,1171.0,266.775,270.975,264.025,264.025,11922754.0,269.37,270.375,267.92126,267.355,266.51,0.7696872,0.0064132097,-0.010308312,0.01574365,-0.010308312,12.0,1172.0,265.725,270.85,262.975,269.0,9878074.0,268.335,269.73666,268.1925,267.216,266.8275,0.75249934,-0.0039358553,0.012324749,0.019286856,-0.010349045,12.0,1173.0,263.475,266.9,260.15,265.775,11502804.0,266.885,268.905,268.495,267.106,266.94333,0.7156679,-0.0084674,0.008729435,0.012999289,-0.012619839,12.0,1174.0,265.575,269.35,264.25,264.9,8841688.0,265.325,268.21335,268.63,267.008,267.17667,0.75004405,0.007970419,-0.0025417237,0.014214417,-0.0049892203,12.0
1171.0,266.775,270.975,264.025,264.025,11922754.0,269.37,270.375,267.92126,267.355,266.51,0.7696872,0.0064132097,-0.010308312,0.01574365,-0.010308312,12.0,1172.0,265.725,270.85,262.975,269.0,9878074.0,268.335,269.73666,268.1925,267.216,266.8275,0.75249934,-0.0039358553,0.012324749,0.019286856,-0.010349045,12.0,1173.0,263.475,266.9,260.15,265.775,11502804.0,266.885,268.905,268.495,267.106,266.94333,0.7156679,-0.0084674,0.008729435,0.012999289,-0.012619839,12.0,1174.0,265.575,269.35,264.25,264.9,8841688.0,265.325,268.21335,268.63,267.008,267.17667,0.75004405,0.007970419,-0.0025417237,0.014214417,-0.0049892203,12.0,1175.0,262.5,268.8,261.725,267.5,12620244.0,264.81,267.775,268.89624,267.125,267.01666,0.6997075,-0.011578696,0.01904762,0.023999954,-0.0029523578,12.0
1172.0,265.725,270.85,262.975,269.0,9878074.0,268.335,269.73666,268.1925,267.216,266.8275,0.75249934,-0.0039358553,0.012324749,0.019286856,-0.010349045,12.0,1173.0,263.475,266.9,260.15,265.775,11502804.0,266.885,268.905,268.495,267.106,266.94333,0.7156679,-0.0084674,0.008729435,0.012999289,-0.012619839,12.0,1174.0,265.575,269.35,264.25,264.9,8841688.0,265.325,268.21335,268.63,267.008,267.17667,0.75004405,0.007970419,-0.0025417237,0.014214417,-0.0049892203,12.0,1175.0,262.5,268.8,261.725,267.5,12620244.0,264.81,267.775,268.89624,267.125,267.01666,0.6997075,-0.011578696,0.01904762,0.023999954,-0.0029523578,12.0,1176.0,264.15,267.2,260.175,260.175,8436982.0,264.285,267.60666,268.8525,267.194,266.84332,0.7267171,0.006285691,-0.0150482915,0.011546539,-0.0150482915,12.0
1173.0,263.475,266.9,260.15,265.775,11502804.0,266.885,268.905,268.495,267.106,266.94333,0.7156679,-0.0084674,0.008729435,0.012999289,-0.012619839,12.0,1174.0,265.575,269.35,264.25,264.9,8841688.0,265.325,268.21335,268.63,267.008,267.17667,0.75004405,0.007970419,-0.0025417237,0.014214417,-0.0049892203,12.0,1175.0,262.5,268.8,261.725,267.5,12620244.0,264.81,267.775,268.89624,267.125,267.01666,0.6997075,-0.011578696,0.01904762,0.023999954,-0.0029523578,12.0,1176.0,264.15,267.2,260.175,260.175,8436982.0,264.285,267.60666,268.8525,267.194,266.84332,0.7267171,0.006285691,-0.0150482915,0.011546539,-0.0150482915,12.0,1177.0,274.775,275.925,268.15,269.35,33136266.0,266.095,267.95502,268.82626,267.773,267.02917,0.9006435,0.04022336,-0.019743383,0.00418522,-0.024110636,12.0
1174.0,265.575,269.35,264.25,264.9,8841688.0,265.325,268.21335,268.63,267.008,267.17667,0.75004405,0.007970419,-0.0025417237,0.014214417,-0.0049892203,12.0,1175.0,262.5,268.8,261.725,267.5,12620244.0,264.81,267.775,268.89624,267.125,267.01666,0.6997075,-0.011578696,0.01904762,0.023999954,-0.0029523578,12.0,1176.0,264.15,267.2,260.175,260.175,8436982.0,264.285,267.60666,268.8525,267.194,266.84332,0.7267171,0.006285691,-0.0150482915,0.011546539,-0.0150482915,12.0,1177.0,274.775,275.925,268.15,269.35,33136266.0,266.095,267.95502,268.82626,267.773,267.02917,0.9006435,0.04022336,-0.019743383,0.00418522,-0.024110636,12.0,1178.0,266.475,276.425,265.425,276.425,21601252.0,266.695,267.89,268.3525,268.135,267.0375,0.7647765,-0.030206488,0.037339266,0.037339266,-0.0039404007,12.0
1175.0,262.5,268.8,261.725,267.5,12620244.0,264.81,267.775,268.89624,267.125,267.01666,0.6997075,-0.011578696,0.01904762,0.023999954,-0.0029523578,12.0,1176.0,264.15,267.2,260.175,260.175,8436982.0,264.285,267.60666,268.8525,267.194,266.84332,0.7267171,0.006285691,-0.0150482915,0.011546539,-0.0150482915,12.0,1177.0,274.775,275.925,268.15,269.35,33136266.0,266.095,267.95502,268.82626,267.773,267.02917,0.9006435,0.04022336,-0.019743383,0.00418522,-0.024110636,12.0,1178.0,266.475,276.425,265.425,276.425,21601252.0,266.695,267.89,268.3525,268.135,267.0375,0.7647765,-0.030206488,0.037339266,0.037339266,-0.0039404007,12.0,1179.0,266.075,269.4,264.5,266.5,12553622.0,266.795,267.64334,267.85876,268.263,266.9725,0.7582288,-0.001501056,0.001597248,0.012496407,-0.005919429,12.0
1176.0,264.15,267.2,260.175,260.175,8436982.0,264.285,267.60666,268.8525,267.194,266.84332,0.7267171,0.006285691,-0.0150482915,0.011546539,-0.0150482915,12.0,1177.0,274.775,275.925,268.15,269.35,33136266.0,266.095,267.95502,268.82626,267.773,267.02917,0.9006435,0.04022336,-0.019743383,0.00418522,-0.024110636,12.0,1178.0,266.475,276.425,265.425,276.425,21601252.0,266.695,267.89,268.3525,268.135,267.0375,0.7647765,-0.030206488,0.037339266,0.037339266,-0.0039404007,12.0,1179.0,266.075,269.4,264.5,266.5,12553622.0,266.795,267.64334,267.85876,268.263,266.9725,0.7582288,-0.001501056,0.001597248,0.012496407,-0.005919429,12.0,1180.0,264.375,269.0,262.525,267.475,23755278.0,267.17,267.395,267.62375,268.551,267.1325,0.7304004,-0.0063892216,0.011725792,0.01749409,-0.006997659,12.0
1177.0,274.775,275.925,268.15,269.35,33136266.0,266.095,267.95502,268.82626,267.773,267.02917,0.9006435,0.04022336,-0.019743383,0.00418522,-0.024110636,12.0,1178.0,266.475,276.425,265.425,276.425,21601252.0,266.695,267.89,268.3525,268.135,267.0375,0.7647765,-0.030206488,0.037339266,0.037339266,-0.0039404007,12.0,1179.0,266.075,269.4,264.5,266.5,12553622.0,266.795,267.64334,267.85876,268.263,266.9725,0.7582288,-0.001501056,0.001597248,0.012496407,-0.005919429,12.0,1180.0,264.375,269.0,262.525,267.475,23755278.0,267.17,267.395,267.62375,268.551,267.1325,0.7304004,-0.0063892216,0.011725792,0.01749409,-0.006997659,12.0,1181.0,274.325,279.2,262.4,266.0,74653060.0,269.20502,267.62,268.00626,268.923,267.52917,0.8932775,0.03763598,-0.03034726,0.017770892,-0.0434704,12.0
1178.0,266.475,276.425,265.425,276.425,21601252.0,266.695,267.89,268.3525,268.135,267.0375,0.7647765,-0.030206488,0.037339266,0.037339266,-0.0039404007,12.0,1179.0,266.075,269.4,264.5,266.5,12553622.0,266.795,267.64334,267.85876,268.263,266.9725,0.7582288,-0.001501056,0.001597248,0.012496407,-0.005919429,12.0,1180.0,264.375,269.0,262.525,267.475,23755278.0,267.17,267.395,267.62375,268.551,267.1325,0.7304004,-0.0063892216,0.011725792,0.01749409,-0.006997659,12.0,1181.0,274.325,279.2,262.4,266.0,74653060.0,269.20502,267.62,268.00626,268.923,267.52917,0.8932775,0.03763598,-0.03034726,0.017770892,-0.0434704,12.0,1182.0,274.05,280.95,273.5,275.8,23966964.0,269.06,267.83002,268.23126,268.87302,267.9875,0.8887755,-0.0010025495,0.006385696,0.025177978,-0.0020068886,12.0
1179.0,266.075,269.4,264.5,266.5,12553622.0,266.795,267.64334,267.85876,268.263,266.9725,0.7582288,-0.001501056,0.001597248,0.012496407,-0.005919429,12.0,1180.0,264.375,269.0,262.525,267.475,23755278.0,267.17,267.395,267.62375,268.551,267.1325,0.7304004,-0.0063892216,0.011725792,0.01749409,-0.006997659,12.0,1181.0,274.325,279.2,262.4,266.0,74653060.0,269.20502,267.62,268.00626,268.923,267.52917,0.8932775,0.03763598,-0.03034726,0.017770892,-0.0434704,12.0,1182.0,274.05,280.95,273.5,275.8,23966964.0,269.06,267.83002,268.23126,268.87302,267.9875,0.8887755,-0.0010025495,0.006385696,0.025177978,-0.0020068886,12.0,1183.0,272.725,277.75,271.925,274.9,18478300.0,270.31,267.96335,268.495,268.744,268.4975,0.8670862,-0.0048348177,0.007975021,0.018425131,-0.002933425,12.0
1180.0,264.375,269.0,262.525,267.475,23755278.0,267.17,267.395,267.62375,268.551,267.1325,0.7304004,-0.0063892216,0.011725792,0.01749409,-0.006997659,12.0,1181.0,274.325,279.2,262.4,266.0,74653060.0,269.20502,267.62,268.00626,268.923,267.52917,0.8932775,0.03763598,-0.03034726,0.017770892,-0.0434704,12.0,1182.0,274.05,280.95,273.5,275.8,23966964.0,269.06,267.83002,268.23126,268.87302,267.9875,0.8887755,-0.0010025495,0.006385696,0.025177978,-0.0020068886,12.0,1183.0,272.725,277.75,271.925,274.9,18478300.0,270.31,267.96335,268.495,268.744,268.4975,0.8670862,-0.0048348177,0.007975021,0.018425131,-0.002933425,12.0,1184.0,273.6,277.25,271.1,273.75,12698576.0,271.815,267.97833,268.68625,268.65,268.855,0.8814095,0.00320836,0.00054822327,0.01334062,-0.0091374265,12.0
1181.0,274.325,279.2,262.4,266.0,74653060.0,269.20502,267.62,268.00626,268.923,267.52917,0.8932775,0.03763598,-0.03034726,0.017770892,-0.0434704,12.0,1182.0,274.05,280.95,273.5,275.8,23966964.0,269.06,267.83002,268.23126,268.87302,267.9875,0.8887755,-0.0010025495,0.006385696,0.025177978,-0.0020068886,12.0,1183.0,272.725,277.75,271.925,274.9,18478300.0,270.31,267.96335,268.495,268.744,268.4975,0.8670862,-0.0048348177,0.007975021,0.018425131,-0.002933425,12.0,1184.0,273.6,277.25,271.1,273.75,12698576.0,271.815,267.97833,268.68625,268.65,268.855,0.8814095,0.00320836,0.00054822327,0.01334062,-0.0091374265,12.0,1185.0,273.45,275.25,272.575,273.6,9576604.0,273.63,268.53668,268.95377,268.825,269.3975,0.8789542,-0.00054822327,0.000548524,0.006582511,-0.0031998535,12.0
1182.0,274.05,280.95,273.5,275.8,23966964.0,269.06,267.83002,268.23126,268.87302,267.9875,0.8887755,-0.0010025495,0.006385696,0.025177978,-0.0020068886,12.0,1183.0,272.725,277.75,271.925,274.9,18478300.0,270.31,267.96335,268.495,268.744,268.4975,0.8670862,-0.0048348177,0.007975021,0.018425131,-0.002933425,12.0,1184.0,273.6,277.25,271.1,273.75,12698576.0,271.815,267.97833,268.68625,268.65,268.855,0.8814095,0.00320836,0.00054822327,0.01334062,-0.0091374265,12.0,1185.0,273.45,275.25,272.575,273.6,9576604.0,273.63,268.53668,268.95377,268.825,269.3975,0.8789542,-0.00054822327,0.000548524,0.006582511,-0.0031998535,12.0,1186.0,271.725,276.0,270.25,274.875,10124540.0,273.11002,268.86667,268.9925,269.027,269.62085,0.85071665,-0.006308305,0.01159258,0.015732795,-0.0054283044,12.0
1183.0,272.725,277.75,271.925,274.9,18478300.0,270.31,267.96335,268.495,268.744,268.4975,0.8670862,-0.0048348177,0.007975021,0.018425131,-0.002933425,12.0,1184.0,273.6,277.25,271.1,273.75,12698576.0,271.815,267.97833,268.68625,268.65,268.855,0.8814095,0.00320836,0.00054822327,0.01334062,-0.0091374265,12.0,1185.0,273.45,275.25,272.575,273.6,9576604.0,273.63,268.53668,268.95377,268.825,269.3975,0.8789542,-0.00054822327,0.000548524,0.006582511,-0.0031998535,12.0,1186.0,271.725,276.0,270.25,274.875,10124540.0,273.11002,268.86667,268.9925,269.027,269.62085,0.85071665,-0.006308305,0.01159258,0.015732795,-0.0054283044,12.0,1187.0,279.3,279.9,271.35,271.725,11185858.0,274.16,269.77167,269.4125,269.417,269.75418,0.97471565,0.027877381,-0.027121311,0.0021482497,-0.028463952,12.0
1184.0,273.6,277.25,271.1,273.75,12698576.0,271.815,267.97833,268.68625,268.65,268.855,0.8814095,0.00320836,0.00054822327,0.01334062,-0.0091374265,12.0,1185.0,273.45,275.25,272.575,273.6,9576604.0,273.63,268.53668,268.95377,268.825,269.3975,0.8789542,-0.00054822327,0.000548524,0.006582511,-0.0031998535,12.0,1186.0,271.725,276.0,270.25,274.875,10124540.0,273.11002,268.86667,268.9925,269.027,269.62085,0.85071665,-0.006308305,0.01159258,0.015732795,-0.0054283044,12.0,1187.0,279.3,279.9,271.35,271.725,11185858.0,274.16,269.77167,269.4125,269.417,269.75418,0.97471565,0.027877381,-0.027121311,0.0021482497,-0.028463952,12.0,1188.0,281.1,281.7,276.625,279.9,12055630.0,275.835,270.94666,269.93124,269.963,269.92584,1.0041811,0.006444749,-0.0042689866,0.0021344933,-0.015919622,12.0
1185.0,273.45,275.25,272.575,273.6,9576604.0,273.63,268.53668,268.95377,268.825,269.3975,0.8789542,-0.00054822327,0.000548524,0.006582511,-0.0031998535,12.0,1186.0,271.725,276.0,270.25,274.875,10124540.0,273.11002,268.86667,268.9925,269.027,269.62085,0.85071665,-0.006308305,0.01159258,0.015732795,-0.0054283044,12.0,1187.0,279.3,279.9,271.35,271.725,11185858.0,274.16,269.77167,269.4125,269.417,269.75418,0.97471565,0.027877381,-0.027121311,0.0021482497,-0.028463952,12.0,1188.0,281.1,281.7,276.625,279.9,12055630.0,275.835,270.94666,269.93124,269.963,269.92584,1.0041811,0.006444749,-0.0042689866,0.0021344933,-0.015919622,12.0,1189.0,282.625,289.375,280.55,281.25,20755492.0,277.64,272.08334,270.39374,270.477,270.14835,1.0291445,0.0054250937,-0.004865104,0.023883238,-0.0073419274,12.0
1186.0,271.725,276.0,270.25,274.875,10124540.0,273.11002,268.86667,268.9925,269.027,269.62085,0.85071665,-0.006308305,0.01159258,0.015732795,-0.0054283044,12.0,1187.0,279.3,279.9,271.35,271.725,11185858.0,274.16,269.77167,269.4125,269.417,269.75418,0.97471565,0.027877381,-0.027121311,0.0021482497,-0.028463952,12.0,1188.0,281.1,281.7,276.625,279.9,12055630.0,275.835,270.94666,269.93124,269.963,269.92584,1.0041811,0.006444749,-0.0042689866,0.0021344933,-0.015919622,12.0,1189.0,282.625,289.375,280.55,281.25,20755492.0,277.64,272.08334,270.39374,270.477,270.14835,1.0291445,0.0054250937,-0.004865104,0.023883238,-0.0073419274,12.0,1190.0,275.9,283.15,274.15,282.4,15680094.0,278.13,272.97665,270.935,270.789,270.37582,0.9190593,-0.023794802,0.023559261,0.026277637,-0.006342878,12.0
1187.0,279.3,279.9,271.35,271.725,11185858.0,274.16,269.77167,269.4125,269.417,269.75418,0.97471565,0.027877381,-0.027121311,0.0021482497,-0.028463952,12.0,1188.0,281.1,281.7,276.625,279.9,12055630.0,275.835,270.94666,269.93124,269.963,269.92584,1.0041811,0.006444749,-0.0042689866,0.0021344933,-0.015919622,12.0,1189.0,282.625,289.375,280.55,281.25,20755492.0,277.64,272.08334,270.39374,270.477,270.14835,1.0291445,0.0054250937,-0.004865104,0.023883238,-0.0073419274,12.0,1190.0,275.9,283.15,274.15,282.4,15680094.0,278.13,272.97665,270.935,270.789,270.37582,0.9190593,-0.023794802,0.023559261,0.026277637,-0.006342878,12.0,1191.0,275.675,277.45,275.0,275.85,1962810.0,278.91998,273.745,271.38,270.978,270.67584,0.915376,-0.000815535,0.00063487195,0.00643883,-0.0024484913,12.0
1188.0,281.1,281.7,276.625,279.9,12055630.0,275.835,270.94666,269.93124,269.963,269.92584,1.0041811,0.006444749,-0.0042689866,0.0021344933,-0.015919622,12.0,1189.0,282.625,289.375,280.55,281.25,20755492.0,277.64,272.08334,270.39374,270.477,270.14835,1.0291445,0.0054250937,-0.004865104,0.023883238,-0.0073419274,12.0,1190.0,275.9,283.15,274.15,282.4,15680094.0,278.13,272.97665,270.935,270.789,270.37582,0.9190593,-0.023794802,0.023559261,0.026277637,-0.006342878,12.0,1191.0,275.675,277.45,275.0,275.85,1962810.0,278.91998,273.745,271.38,270.978,270.67584,0.915376,-0.000815535,0.00063487195,0.00643883,-0.0024484913,12.0,1192.0,270.4,276.225,267.1,275.5,9855560.0,277.13998,273.45334,271.61374,270.958,270.70416,0.82902676,-0.019134829,0.01886097,0.021542205,-0.012204098,12.0
1189.0,282.625,289.375,280.55,281.25,20755492.0,277.64,272.08334,270.39374,270.477,270.14835,1.0291445,0.0054250937,-0.004865104,0.023883238,-0.0073419274,12.0,1190.0,275.9,283.15,274.15,282.4,15680094.0,278.13,272.97665,270.935,270.789,270.37582,0.9190593,-0.023794802,0.023559261,0.026277637,-0.006342878,12.0,1191.0,275.675,277.45,275.0,275.85,1962810.0,278.91998,273.745,271.38,270.978,270.67584,0.915376,-0.000815535,0.00063487195,0.00643883,-0.0024484913,12.0,1192.0,270.4,276.225,267.1,275.5,9855560.0,277.13998,273.45334,271.61374,270.958,270.70416,0.82902676,-0.019134829,0.01886097,0.021542205,-0.012204098,12.0,1193.0,271.85,272.675,270.2,271.5,6862260.0,275.29,273.81168,272.0325,271.003,270.85083,0.8527628,0.005362471,-0.0012874971,0.0030346944,-0.006069501,12.0
1190.0,275.9,283.15,274.15,282.4,15680094.0,278.13,272.97665,270.935,270.789,270.37582,0.9190593,-0.023794802,0.023559261,0.026277637,-0.006342878,12.0,1191.0,275.675,277.45,275.0,275.85,1962810.0,278.91998,273.745,271.38,270.978,270.67584,0.915376,-0.000815535,0.00063487195,0.00643883,-0.0024484913,12.0,1192.0,270.4,276.225,267.1,275.5,9855560.0,277.13998,273.45334,271.61374,270.958,270.70416,0.82902676,-0.019134829,0.01886097,0.021542205,-0.012204098,12.0,1193.0,271.85,272.675,270.2,271.5,6862260.0,275.29,273.81168,272.0325,271.003,270.85083,0.8527628,0.005362471,-0.0012874971,0.0030346944,-0.006069501,12.0,1194.0,281.95,282.925,270.5,273.725,19554884.0,275.155,274.87,272.85126,271.346,271.25668,1.0180954,0.037152864,-0.02917186,0.0034579732,-0.04061008,12.0
1191.0,275.675,277.45,275.0,275.85,1962810.0,278.91998,273.745,271.38,270.978,270.67584,0.915376,-0.000815535,0.00063487195,0.00643883,-0.0024484913,12.0,1192.0,270.4,276.225,267.1,275.5,9855560.0,277.13998,273.45334,271.61374,270.958,270.70416,0.82902676,-0.019134829,0.01886097,0.021542205,-0.012204098,12.0,1193.0,271.85,272.675,270.2,271.5,6862260.0,275.29,273.81168,272.0325,271.003,270.85083,0.8527628,0.005362471,-0.0012874971,0.0030346944,-0.006069501,12.0,1194.0,281.95,282.925,270.5,273.725,19554884.0,275.155,274.87,272.85126,271.346,271.25668,1.0180954,0.037152864,-0.02917186,0.0034579732,-0.04061008,12.0,1195.0,281.7,284.85,277.225,283.0,11997142.0,276.315,276.025,273.81125,272.01102,271.71,1.0140029,-0.000886682,0.004614795,0.011182087,-0.015885714,12.0
1192.0,270.4,276.225,267.1,275.5,9855560.0,277.13998,273.45334,271.61374,270.958,270.70416,0.82902676,-0.019134829,0.01886097,0.021542205,-0.012204098,12.0,1193.0,271.85,272.675,270.2,271.5,6862260.0,275.29,273.81168,272.0325,271.003,270.85083,0.8527628,0.005362471,-0.0012874971,0.0030346944,-0.006069501,12.0,1194.0,281.95,282.925,270.5,273.725,19554884.0,275.155,274.87,272.85126,271.346,271.25668,1.0180954,0.037152864,-0.02917186,0.0034579732,-0.04061008,12.0,1195.0,281.7,284.85,277.225,283.0,11997142.0,276.315,276.025,273.81125,272.01102,271.71,1.0140029,-0.000886682,0.004614795,0.011182087,-0.015885714,12.0,1196.0,284.5,289.4,282.5,282.5,20852658.0,278.08002,276.70334,274.82877,272.72,272.16168,1.0598375,0.009939608,-0.007029877,0.017223177,-0.007029877,12.0
1193.0,271.85,272.675,270.2,271.5,6862260.0,275.29,273.81168,272.0325,271.003,270.85083,0.8527628,0.005362471,-0.0012874971,0.0030346944,-0.006069501,12.0,1194.0,281.95,282.925,270.5,273.725,19554884.0,275.155,274.87,272.85126,271.346,271.25668,1.0180954,0.037152864,-0.02917186,0.0034579732,-0.04061008,12.0,1195.0,281.7,284.85,277.225,283.0,11997142.0,276.315,276.025,273.81125,272.01102,271.71,1.0140029,-0.000886682,0.004614795,0.011182087,-0.015885714,12.0,1196.0,284.5,289.4,282.5,282.5,20852658.0,278.08002,276.70334,274.82877,272.72,272.16168,1.0598375,0.009939608,-0.007029877,0.017223177,-0.007029877,12.0,1197.0,286.75,291.6,283.025,284.5,16139444.0,281.35,277.55,275.4275,273.561,272.69,1.096669,0.007908612,-0.007846557,0.016913708,-0.012990431,12.0
1194.0,281.95,282.925,270.5,273.725,19554884.0,275.155,274.87,272.85126,271.346,271.25668,1.0180954,0.037152864,-0.02917186,0.0034579732,-0.04061008,12.0,1195.0,281.7,284.85,277.225,283.0,11997142.0,276.315,276.025,273.81125,272.01102,271.71,1.0140029,-0.000886682,0.004614795,0.011182087,-0.015885714,12.0,1196.0,284.5,289.4,282.5,282.5,20852658.0,278.08002,276.70334,274.82877,272.72,272.16168,1.0598375,0.009939608,-0.007029877,0.017223177,-0.007029877,12.0,1197.0,286.75,291.6,283.025,284.5,16139444.0,281.35,277.55,275.4275,273.561,272.69,1.096669,0.007908612,-0.007846557,0.016913708,-0.012990431,12.0,1198.0,285.325,289.85,284.525,287.5,11260890.0,284.045,278.39,276.37,274.435,273.17667,1.0733426,-0.004969443,0.007622843,0.015859086,-0.0028038842,12.0
1195.0,281.7,284.85,277.225,283.0,11997142.0,276.315,276.025,273.81125,272.01102,271.71,1.0140029,-0.000886682,0.004614795,0.011182087,-0.015885714,12.0,1196.0,284.5,289.4,282.5,282.5,20852658.0,278.08002,276.70334,274.82877,272.72,272.16168,1.0598375,0.009939608,-0.007029877,0.017223177,-0.007029877,12.0,1197.0,286.75,291.6,283.025,284.5,16139444.0,281.35,277.55,275.4275,273.561,272.69,1.096669,0.007908612,-0.007846557,0.016913708,-0.012990431,12.0,1198.0,285.325,289.85,284.525,287.5,11260890.0,284.045,278.39,276.37,274.435,273.17667,1.0733426,-0.004969443,0.007622843,0.015859086,-0.0028038842,12.0,1199.0,284.5,286.8,282.775,285.0,11391200.0,284.555,279.11667,277.29126,275.19202,273.54752,1.0598375,-0.0028914823,0.0017574693,0.008084316,-0.0060632904,12.0
1196.0,284.5,289.4,282.5,282.5,20852658.0,278.08002,276.70334,274.82877,272.72,272.16168,1.0598375,0.009939608,-0.007029877,0.017223177,-0.007029877,12.0,1197.0,286.75,291.6,283.025,284.5,16139444.0,281.35,277.55,275.4275,273.561,272.69,1.096669,0.007908612,-0.007846557,0.016913708,-0.012990431,12.0,1198.0,285.325,289.85,284.525,287.5,11260890.0,284.045,278.39,276.37,274.435,273.17667,1.0733426,-0.004969443,0.007622843,0.015859086,-0.0028038842,12.0,1199.0,284.5,286.8,282.775,285.0,11391200.0,284.555,279.11667,277.29126,275.19202,273.54752,1.0598375,-0.0028914823,0.0017574693,0.008084316,-0.0060632904,12.0,1200.0,283.35,287.275,282.1,284.475,9783520.0,284.885,279.77667,278.24,276.026,274.15668,1.0410126,-0.004042158,0.003970355,0.013852083,-0.004411505,12.0
1197.0,286.75,291.6,283.025,284.5,16139444.0,281.35,277.55,275.4275,273.561,272.69,1.096669,0.007908612,-0.007846557,0.016913708,-0.012990431,12.0,1198.0,285.325,289.85,284.525,287.5,11260890.0,284.045,278.39,276.37,274.435,273.17667,1.0733426,-0.004969443,0.007622843,0.015859086,-0.0028038842,12.0,1199.0,284.5,286.8,282.775,285.0,11391200.0,284.555,279.11667,277.29126,275.19202,273.54752,1.0598375,-0.0028914823,0.0017574693,0.008084316,-0.0060632904,12.0,1200.0,283.35,287.275,282.1,284.475,9783520.0,284.885,279.77667,278.24,276.026,274.15668,1.0410126,-0.004042158,0.003970355,0.013852083,-0.004411505,12.0,1201.0,276.425,283.35,270.15,283.35,15289764.0,283.27,280.09,278.345,276.517,274.47833,0.9276532,-0.024439802,0.02505207,0.02505207,-0.022700531,12.0
1198.0,285.325,289.85,284.525,287.5,11260890.0,284.045,278.39,276.37,274.435,273.17667,1.0733426,-0.004969443,0.007622843,0.015859086,-0.0028038842,12.0,1199.0,284.5,286.8,282.775,285.0,11391200.0,284.555,279.11667,277.29126,275.19202,273.54752,1.0598375,-0.0028914823,0.0017574693,0.008084316,-0.0060632904,12.0,1200.0,283.35,287.275,282.1,284.475,9783520.0,284.885,279.77667,278.24,276.026,274.15668,1.0410126,-0.004042158,0.003970355,0.013852083,-0.004411505,12.0,1201.0,276.425,283.35,270.15,283.35,15289764.0,283.27,280.09,278.345,276.517,274.47833,0.9276532,-0.024439802,0.02505207,0.02505207,-0.022700531,12.0,1202.0,281.0,284.9,277.35,278.0,12919778.0,282.12,280.20334,278.6925,276.766,274.9875,1.002544,0.016550647,-0.010676157,0.013878982,-0.012989302,12.0
1199.0,284.5,286.8,282.775,285.0,11391200.0,284.555,279.11667,277.29126,275.19202,273.54752,1.0598375,-0.0028914823,0.0017574693,0.008084316,-0.0060632904,12.0,1200.0,283.35,287.275,282.1,284.475,9783520.0,284.885,279.77667,278.24,276.026,274.15668,1.0410126,-0.004042158,0.003970355,0.013852083,-0.004411505,12.0,1201.0,276.425,283.35,270.15,283.35,15289764.0,283.27,280.09,278.345,276.517,274.47833,0.9276532,-0.024439802,0.02505207,0.02505207,-0.022700531,12.0,1202.0,281.0,284.9,277.35,278.0,12919778.0,282.12,280.20334,278.6925,276.766,274.9875,1.002544,0.016550647,-0.010676157,0.013878982,-0.012989302,12.0,1203.0,278.575,283.8,277.65,281.0,11672608.0,280.77,280.035,278.98502,277.25,275.49084,0.9628481,-0.00862985,0.008704972,0.01875608,-0.0033205359,12.0
1200.0,283.35,287.275,282.1,284.475,9783520.0,284.885,279.77667,278.24,276.026,274.15668,1.0410126,-0.004042158,0.003970355,0.013852083,-0.004411505,12.0,1201.0,276.425,283.35,270.15,283.35,15289764.0,283.27,280.09,278.345,276.517,274.47833,0.9276532,-0.024439802,0.02505207,0.02505207,-0.022700531,12.0,1202.0,281.0,284.9,277.35,278.0,12919778.0,282.12,280.20334,278.6925,276.766,274.9875,1.002544,0.016550647,-0.010676157,0.013878982,-0.012989302,12.0,1203.0,278.575,283.8,277.65,281.0,11672608.0,280.77,280.035,278.98502,277.25,275.49084,0.9628481,-0.00862985,0.008704972,0.01875608,-0.0033205359,12.0,1204.0,285.825,286.8,278.95,280.975,14733232.0,281.035,280.24832,279.59625,278.04,276.16583,1.0815274,0.026025306,-0.016968446,0.0034110926,-0.024053179,12.0
1201.0,276.425,283.35,270.15,283.35,15289764.0,283.27,280.09,278.345,276.517,274.47833,0.9276532,-0.024439802,0.02505207,0.02505207,-0.022700531,12.0,1202.0,281.0,284.9,277.35,278.0,12919778.0,282.12,280.20334,278.6925,276.766,274.9875,1.002544,0.016550647,-0.010676157,0.013878982,-0.012989302,12.0,1203.0,278.575,283.8,277.65,281.0,11672608.0,280.77,280.035,278.98502,277.25,275.49084,0.9628481,-0.00862985,0.008704972,0.01875608,-0.0033205359,12.0,1204.0,285.825,286.8,278.95,280.975,14733232.0,281.035,280.24832,279.59625,278.04,276.16583,1.0815274,0.026025306,-0.016968446,0.0034110926,-0.024053179,12.0,1205.0,291.225,293.775,286.95,287.75,23297474.0,282.61002,281.27,280.48502,279.114,277.12332,1.1699227,0.018892657,-0.011932376,0.008756074,-0.01467935,12.0
1202.0,281.0,284.9,277.35,278.0,12919778.0,282.12,280.20334,278.6925,276.766,274.9875,1.002544,0.016550647,-0.010676157,0.013878982,-0.012989302,12.0,1203.0,278.575,283.8,277.65,281.0,11672608.0,280.77,280.035,278.98502,277.25,275.49084,0.9628481,-0.00862985,0.008704972,0.01875608,-0.0033205359,12.0,1204.0,285.825,286.8,278.95,280.975,14733232.0,281.035,280.24832,279.59625,278.04,276.16583,1.0815274,0.026025306,-0.016968446,0.0034110926,-0.024053179,12.0,1205.0,291.225,293.775,286.95,287.75,23297474.0,282.61002,281.27,280.48502,279.114,277.12332,1.1699227,0.018892657,-0.011932376,0.008756074,-0.01467935,12.0,1206.0,294.5,295.175,289.65,292.5,15771340.0,286.225,282.525,281.62375,279.921,278.135,1.2235329,0.011245579,-0.0067911716,0.002291979,-0.016468612,12.0
1203.0,278.575,283.8,277.65,281.0,11672608.0,280.77,280.035,278.98502,277.25,275.49084,0.9628481,-0.00862985,0.008704972,0.01875608,-0.0033205359,12.0,1204.0,285.825,286.8,278.95,280.975,14733232.0,281.035,280.24832,279.59625,278.04,276.16583,1.0815274,0.026025306,-0.016968446,0.0034110926,-0.024053179,12.0,1205.0,291.225,293.775,286.95,287.75,23297474.0,282.61002,281.27,280.48502,279.114,277.12332,1.1699227,0.018892657,-0.011932376,0.008756074,-0.01467935,12.0,1206.0,294.5,295.175,289.65,292.5,15771340.0,286.225,282.525,281.62375,279.921,278.135,1.2235329,0.011245579,-0.0067911716,0.002291979,-0.016468612,12.0,1207.0,291.45,298.0,290.95,295.75,13659676.0,288.315,283.92834,282.23126,280.617,278.69083,1.173606,-0.010356495,0.014753775,0.022473795,-0.0017155601,12.0
1204.0,285.825,286.8,278.95,280.975,14733232.0,281.035,280.24832,279.59625,278.04,276.16583,1.0815274,0.026025306,-0.016968446,0.0034110926,-0.024053179,12.0,1205.0,291.225,293.775,286.95,287.75,23297474.0,282.61002,281.27,280.48502,279.114,277.12332,1.1699227,0.018892657,-0.011932376,0.008756074,-0.01467935,12.0,1206.0,294.5,295.175,289.65,292.5,15771340.0,286.225,282.525,281.62375,279.921,278.135,1.2235329,0.011245579,-0.0067911716,0.002291979,-0.016468612,12.0,1207.0,291.45,298.0,290.95,295.75,13659676.0,288.315,283.92834,282.23126,280.617,278.69083,1.173606,-0.010356495,0.014753775,0.022473795,-0.0017155601,12.0,1208.0,286.1,293.0,285.275,292.875,11896556.0,289.82,284.87833,282.48126,281.152,279.345,1.0860288,-0.018356513,0.02368051,0.02411742,-0.0028836497,12.0
1205.0,291.225,293.775,286.95,287.75,23297474.0,282.61002,281.27,280.48502,279.114,277.12332,1.1699227,0.018892657,-0.011932376,0.008756074,-0.01467935,12.0,1206.0,294.5,295.175,289.65,292.5,15771340.0,286.225,282.525,281.62375,279.921,278.135,1.2235329,0.011245579,-0.0067911716,0.002291979,-0.016468612,12.0,1207.0,291.45,298.0,290.95,295.75,13659676.0,288.315,283.92834,282.23126,280.617,278.69083,1.173606,-0.010356495,0.014753775,0.022473795,-0.0017155601,12.0,1208.0,286.1,293.0,285.275,292.875,11896556.0,289.82,284.87833,282.48126,281.152,279.345,1.0860288,-0.018356513,0.02368051,0.02411742,-0.0028836497,12.0,1209.0,288.925,290.375,285.8,287.5,8540112.0,290.44,285.34332,282.79626,281.765,280.10666,1.1322725,0.009874105,-0.004932034,0.005018646,-0.010815956,12.0
1206.0,294.5,295.175,289.65,292.5,15771340.0,286.225,282.525,281.62375,279.921,278.135,1.2235329,0.011245579,-0.0067911716,0.002291979,-0.016468612,12.0,1207.0,291.45,298.0,290.95,295.75,13659676.0,288.315,283.92834,282.23126,280.617,278.69083,1.173606,-0.010356495,0.014753775,0.022473795,-0.0017155601,12.0,1208.0,286.1,293.0,285.275,292.875,11896556.0,289.82,284.87833,282.48126,281.152,279.345,1.0860288,-0.018356513,0.02368051,0.02411742,-0.0028836497,12.0,1209.0,288.925,290.375,285.8,287.5,8540112.0,290.44,285.34332,282.79626,281.765,280.10666,1.1322725,0.009874105,-0.004932034,0.005018646,-0.010815956,12.0,1210.0,292.275,292.775,289.1,291.225,11194000.0,290.65,286.04834,283.615,282.518,281.03668,1.1871105,0.011594726,-0.0035924653,0.0017107177,-0.010863015,12.0
1207.0,291.45,298.0,290.95,295.75,13659676.0,288.315,283.92834,282.23126,280.617,278.69083,1.173606,-0.010356495,0.014753775,0.022473795,-0.0017155601,12.0,1208.0,286.1,293.0,285.275,292.875,11896556.0,289.82,284.87833,282.48126,281.152,279.345,1.0860288,-0.018356513,0.02368051,0.02411742,-0.0028836497,12.0,1209.0,288.925,290.375,285.8,287.5,8540112.0,290.44,285.34332,282.79626,281.765,280.10666,1.1322725,0.009874105,-0.004932034,0.005018646,-0.010815956,12.0,1210.0,292.275,292.775,289.1,291.225,11194000.0,290.65,286.04834,283.615,282.518,281.03668,1.1871105,0.011594726,-0.0035924653,0.0017107177,-0.010863015,12.0,1211.0,291.65,296.2,289.3,295.35,15445286.0,290.08,286.525,284.41376,283.315,281.61417,1.1768796,-0.0021383972,0.012686482,0.015600954,-0.008057624,12.0
1208.0,286.1,293.0,285.275,292.875,11896556.0,289.82,284.87833,282.48126,281.152,279.345,1.0860288,-0.018356513,0.02368051,0.02411742,-0.0028836497,12.0,1209.0,288.925,290.375,285.8,287.5,8540112.0,290.44,285.34332,282.79626,281.765,280.10666,1.1322725,0.009874105,-0.004932034,0.005018646,-0.010815956,12.0,1210.0,292.275,292.775,289.1,291.225,11194000.0,290.65,286.04834,283.615,282.518,281.03668,1.1871105,0.011594726,-0.0035924653,0.0017107177,-0.010863015,12.0,1211.0,291.65,296.2,289.3,295.35,15445286.0,290.08,286.525,284.41376,283.315,281.61417,1.1768796,-0.0021383972,0.012686482,0.015600954,-0.008057624,12.0,1212.0,294.0,297.0,291.8,294.65,14036431.0,290.59,287.00833,285.59375,283.903,282.27917,1.2153481,0.008057624,0.0022108636,0.010204081,-0.007483035,12.0
1209.0,288.925,290.375,285.8,287.5,8540112.0,290.44,285.34332,282.79626,281.765,280.10666,1.1322725,0.009874105,-0.004932034,0.005018646,-0.010815956,12.0,1210.0,292.275,292.775,289.1,291.225,11194000.0,290.65,286.04834,283.615,282.518,281.03668,1.1871105,0.011594726,-0.0035924653,0.0017107177,-0.010863015,12.0,1211.0,291.65,296.2,289.3,295.35,15445286.0,290.08,286.525,284.41376,283.315,281.61417,1.1768796,-0.0021383972,0.012686482,0.015600954,-0.008057624,12.0,1212.0,294.0,297.0,291.8,294.65,14036431.0,290.59,287.00833,285.59375,283.903,282.27917,1.2153481,0.008057624,0.0022108636,0.010204081,-0.007483035,12.0,1213.0,299.3,300.9,293.9,295.0,13487264.0,293.22998,287.94,286.96625,284.631,283.165,1.3021065,0.01802717,-0.014366816,0.0053458274,-0.018042078,12.0
1210.0,292.275,292.775,289.1,291.225,11194000.0,290.65,286.04834,283.615,282.518,281.03668,1.1871105,0.011594726,-0.0035924653,0.0017107177,-0.010863015,12.0,1211.0,291.65,296.2,289.3,295.35,15445286.0,290.08,286.525,284.41376,283.315,281.61417,1.1768796,-0.0021383972,0.012686482,0.015600954,-0.008057624,12.0,1212.0,294.0,297.0,291.8,294.65,14036431.0,290.59,287.00833,285.59375,283.903,282.27917,1.2153481,0.008057624,0.0022108636,0.010204081,-0.007483035,12.0,1213.0,299.3,300.9,293.9,295.0,13487264.0,293.22998,287.94,286.96625,284.631,283.165,1.3021065,0.01802717,-0.014366816,0.0053458274,-0.018042078,12.0,1214.0,297.35,299.15,296.2,299.15,7894350.0,294.915,288.79666,287.73627,285.22,283.95667,1.2701862,-0.006515141,0.006053431,0.006053431,-0.0038674755,12.0
1211.0,291.65,296.2,289.3,295.35,15445286.0,290.08,286.525,284.41376,283.315,281.61417,1.1768796,-0.0021383972,0.012686482,0.015600954,-0.008057624,12.0,1212.0,294.0,297.0,291.8,294.65,14036431.0,290.59,287.00833,285.59375,283.903,282.27917,1.2153481,0.008057624,0.0022108636,0.010204081,-0.007483035,12.0,1213.0,299.3,300.9,293.9,295.0,13487264.0,293.22998,287.94,286.96625,284.631,283.165,1.3021065,0.01802717,-0.014366816,0.0053458274,-0.018042078,12.0,1214.0,297.35,299.15,296.2,299.15,7894350.0,294.915,288.79666,287.73627,285.22,283.95667,1.2701862,-0.006515141,0.006053431,0.006053431,-0.0038674755,12.0,1215.0,303.75,305.7,293.75,295.0,9285213.0,297.21,290.15668,288.83875,286.334,284.96667,1.3749512,0.021523437,-0.028806584,0.0064197932,-0.03292181,12.0
1212.0,294.0,297.0,291.8,294.65,14036431.0,290.59,287.00833,285.59375,283.903,282.27917,1.2153481,0.008057624,0.0022108636,0.010204081,-0.007483035,12.0,1213.0,299.3,300.9,293.9,295.0,13487264.0,293.22998,287.94,286.96625,284.631,283.165,1.3021065,0.01802717,-0.014366816,0.0053458274,-0.018042078,12.0,1214.0,297.35,299.15,296.2,299.15,7894350.0,294.915,288.79666,287.73627,285.22,283.95667,1.2701862,-0.006515141,0.006053431,0.006053431,-0.0038674755,12.0,1215.0,303.75,305.7,293.75,295.0,9285213.0,297.21,290.15668,288.83875,286.334,284.96667,1.3749512,0.021523437,-0.028806584,0.0064197932,-0.03292181,12.0,1216.0,308.1,311.0,303.45,306.0,17028502.0,300.5,292.26834,290.01874,287.631,286.17917,1.4461588,0.014321008,-0.0068159886,0.009412508,-0.015092483,12.0
1213.0,299.3,300.9,293.9,295.0,13487264.0,293.22998,287.94,286.96625,284.631,283.165,1.3021065,0.01802717,-0.014366816,0.0053458274,-0.018042078,12.0,1214.0,297.35,299.15,296.2,299.15,7894350.0,294.915,288.79666,287.73627,285.22,283.95667,1.2701862,-0.006515141,0.006053431,0.006053431,-0.0038674755,12.0,1215.0,303.75,305.7,293.75,295.0,9285213.0,297.21,290.15668,288.83875,286.334,284.96667,1.3749512,0.021523437,-0.028806584,0.0064197932,-0.03292181,12.0,1216.0,308.1,311.0,303.45,306.0,17028502.0,300.5,292.26834,290.01874,287.631,286.17917,1.4461588,0.014321008,-0.0068159886,0.009412508,-0.015092483,12.0,1217.0,309.0,309.9,305.55,308.15,8608406.0,303.5,294.135,291.13126,289.175,287.16916,1.4608914,0.0029211096,-0.0027508289,0.0029126017,-0.011165088,12.0
1214.0,297.35,299.15,296.2,299.15,7894350.0,294.915,288.79666,287.73627,285.22,283.95667,1.2701862,-0.006515141,0.006053431,0.006053431,-0.0038674755,12.0,1215.0,303.75,305.7,293.75,295.0,9285213.0,297.21,290.15668,288.83875,286.334,284.96667,1.3749512,0.021523437,-0.028806584,0.0064197932,-0.03292181,12.0,1216.0,308.1,311.0,303.45,306.0,17028502.0,300.5,292.26834,290.01874,287.631,286.17917,1.4461588,0.014321008,-0.0068159886,0.009412508,-0.015092483,12.0,1217.0,309.0,309.9,305.55,308.15,8608406.0,303.5,294.135,291.13126,289.175,287.16916,1.4608914,0.0029211096,-0.0027508289,0.0029126017,-0.011165088,12.0,1218.0,309.1,313.8,307.45,308.0,12958440.0,305.46,296.17,292.32,290.665,288.1025,1.4625283,0.00032364434,-0.0035587386,0.015205376,-0.0053380583,12.0
1215.0,303.75,305.7,293.75,295.0,9285213.0,297.21,290.15668,288.83875,286.334,284.96667,1.3749512,0.021523437,-0.028806584,0.0064197932,-0.03292181,12.0,1216.0,308.1,311.0,303.45,306.0,17028502.0,300.5,292.26834,290.01874,287.631,286.17917,1.4461588,0.014321008,-0.0068159886,0.009412508,-0.015092483,12.0,1217.0,309.0,309.9,305.55,308.15,8608406.0,303.5,294.135,291.13126,289.175,287.16916,1.4608914,0.0029211096,-0.0027508289,0.0029126017,-0.011165088,12.0,1218.0,309.1,313.8,307.45,308.0,12958440.0,305.46,296.17,292.32,290.665,288.1025,1.4625283,0.00032364434,-0.0035587386,0.015205376,-0.0053380583,12.0,1219.0,309.95,311.05,304.2,309.1,7382211.0,307.98,297.77832,293.5925,291.785,289.01334,1.4764426,0.0027499388,-0.0027423974,0.0035488806,-0.01855138,12.0
1216.0,308.1,311.0,303.45,306.0,17028502.0,300.5,292.26834,290.01874,287.631,286.17917,1.4461588,0.014321008,-0.0068159886,0.009412508,-0.015092483,12.0,1217.0,309.0,309.9,305.55,308.15,8608406.0,303.5,294.135,291.13126,289.175,287.16916,1.4608914,0.0029211096,-0.0027508289,0.0029126017,-0.011165088,12.0,1218.0,309.1,313.8,307.45,308.0,12958440.0,305.46,296.17,292.32,290.665,288.1025,1.4625283,0.00032364434,-0.0035587386,0.015205376,-0.0053380583,12.0,1219.0,309.95,311.05,304.2,309.1,7382211.0,307.98,297.77832,293.5925,291.785,289.01334,1.4764426,0.0027499388,-0.0027423974,0.0035488806,-0.01855138,12.0,1220.0,309.2,311.4,307.1,310.0,7221189.0,309.07,298.97665,294.885,292.885,290.12332,1.4641654,-0.002419745,0.0025872826,0.0071150763,-0.00679174,12.0
1217.0,309.0,309.9,305.55,308.15,8608406.0,303.5,294.135,291.13126,289.175,287.16916,1.4608914,0.0029211096,-0.0027508289,0.0029126017,-0.011165088,12.0,1218.0,309.1,313.8,307.45,308.0,12958440.0,305.46,296.17,292.32,290.665,288.1025,1.4625283,0.00032364434,-0.0035587386,0.015205376,-0.0053380583,12.0,1219.0,309.95,311.05,304.2,309.1,7382211.0,307.98,297.77832,293.5925,291.785,289.01334,1.4764426,0.0027499388,-0.0027423974,0.0035488806,-0.01855138,12.0,1220.0,309.2,311.4,307.1,310.0,7221189.0,309.07,298.97665,294.885,292.885,290.12332,1.4641654,-0.002419745,0.0025872826,0.0071150763,-0.00679174,12.0,1221.0,308.85,312.25,307.3,311.0,10568517.0,309.22,299.93335,296.50626,293.859,291.22916,1.458436,-0.0011319731,0.0069612884,0.011008561,-0.0050186766,12.0
1218.0,309.1,313.8,307.45,308.0,12958440.0,305.46,296.17,292.32,290.665,288.1025,1.4625283,0.00032364434,-0.0035587386,0.015205376,-0.0053380583,12.0,1219.0,309.95,311.05,304.2,309.1,7382211.0,307.98,297.77832,293.5925,291.785,289.01334,1.4764426,0.0027499388,-0.0027423974,0.0035488806,-0.01855138,12.0,1220.0,309.2,311.4,307.1,310.0,7221189.0,309.07,298.97665,294.885,292.885,290.12332,1.4641654,-0.002419745,0.0025872826,0.0071150763,-0.00679174,12.0,1221.0,308.85,312.25,307.3,311.0,10568517.0,309.22,299.93335,296.50626,293.859,291.22916,1.458436,-0.0011319731,0.0069612884,0.011008561,-0.0050186766,12.0,1222.0,312.6,313.25,308.55,309.0,10965226.0,309.94,301.34332,298.08624,294.893,292.63583,1.5198218,0.012141816,-0.0115163345,0.002079315,-0.012955912,12.0
1219.0,309.95,311.05,304.2,309.1,7382211.0,307.98,297.77832,293.5925,291.785,289.01334,1.4764426,0.0027499388,-0.0027423974,0.0035488806,-0.01855138,12.0,1220.0,309.2,311.4,307.1,310.0,7221189.0,309.07,298.97665,294.885,292.885,290.12332,1.4641654,-0.002419745,0.0025872826,0.0071150763,-0.00679174,12.0,1221.0,308.85,312.25,307.3,311.0,10568517.0,309.22,299.93335,296.50626,293.859,291.22916,1.458436,-0.0011319731,0.0069612884,0.011008561,-0.0050186766,12.0,1222.0,312.6,313.25,308.55,309.0,10965226.0,309.94,301.34332,298.08624,294.893,292.63583,1.5198218,0.012141816,-0.0115163345,0.002079315,-0.012955912,12.0,1223.0,312.75,313.4,301.15,306.35,12405595.0,310.67,303.12,299.795,295.99,293.99918,1.5222771,0.0004798269,-0.02046361,0.0020783178,-0.037090346,12.0
1220.0,309.2,311.4,307.1,310.0,7221189.0,309.07,298.97665,294.885,292.885,290.12332,1.4641654,-0.002419745,0.0025872826,0.0071150763,-0.00679174,12.0,1221.0,308.85,312.25,307.3,311.0,10568517.0,309.22,299.93335,296.50626,293.859,291.22916,1.458436,-0.0011319731,0.0069612884,0.011008561,-0.0050186766,12.0,1222.0,312.6,313.25,308.55,309.0,10965226.0,309.94,301.34332,298.08624,294.893,292.63583,1.5198218,0.012141816,-0.0115163345,0.002079315,-0.012955912,12.0,1223.0,312.75,313.4,301.15,306.35,12405595.0,310.67,303.12,299.795,295.99,293.99918,1.5222771,0.0004798269,-0.02046361,0.0020783178,-0.037090346,12.0,1224.0,305.2,320.0,304.4,315.5,22214824.0,309.72,304.20502,300.76376,296.818,294.77417,1.3986872,-0.024140649,0.03374832,0.04849275,-0.002621292,12.0
1221.0,308.85,312.25,307.3,311.0,10568517.0,309.22,299.93335,296.50626,293.859,291.22916,1.458436,-0.0011319731,0.0069612884,0.011008561,-0.0050186766,12.0,1222.0,312.6,313.25,308.55,309.0,10965226.0,309.94,301.34332,298.08624,294.893,292.63583,1.5198218,0.012141816,-0.0115163345,0.002079315,-0.012955912,12.0,1223.0,312.75,313.4,301.15,306.35,12405595.0,310.67,303.12,299.795,295.99,293.99918,1.5222771,0.0004798269,-0.02046361,0.0020783178,-0.037090346,12.0,1224.0,305.2,320.0,304.4,315.5,22214824.0,309.72,304.20502,300.76376,296.818,294.77417,1.3986872,-0.024140649,0.03374832,0.04849275,-0.002621292,12.0,1225.0,307.9,310.65,305.0,306.6,6693583.0,309.46,305.24667,301.5975,297.8,295.6475,1.4428847,0.008846598,-0.0042221104,0.008931471,-0.009418623,12.0
1222.0,312.6,313.25,308.55,309.0,10965226.0,309.94,301.34332,298.08624,294.893,292.63583,1.5198218,0.012141816,-0.0115163345,0.002079315,-0.012955912,12.0,1223.0,312.75,313.4,301.15,306.35,12405595.0,310.67,303.12,299.795,295.99,293.99918,1.5222771,0.0004798269,-0.02046361,0.0020783178,-0.037090346,12.0,1224.0,305.2,320.0,304.4,315.5,22214824.0,309.72,304.20502,300.76376,296.818,294.77417,1.3986872,-0.024140649,0.03374832,0.04849275,-0.002621292,12.0,1225.0,307.9,310.65,305.0,306.6,6693583.0,309.46,305.24667,301.5975,297.8,295.6475,1.4428847,0.008846598,-0.0042221104,0.008931471,-0.009418623,12.0,1226.0,305.3,309.2,302.8,307.5,8837902.0,308.75,306.15668,302.1375,298.95502,296.34082,1.4003237,-0.00844432,0.007206067,0.0127744,-0.008188667,12.0
1223.0,312.75,313.4,301.15,306.35,12405595.0,310.67,303.12,299.795,295.99,293.99918,1.5222771,0.0004798269,-0.02046361,0.0020783178,-0.037090346,12.0,1224.0,305.2,320.0,304.4,315.5,22214824.0,309.72,304.20502,300.76376,296.818,294.77417,1.3986872,-0.024140649,0.03374832,0.04849275,-0.002621292,12.0,1225.0,307.9,310.65,305.0,306.6,6693583.0,309.46,305.24667,301.5975,297.8,295.6475,1.4428847,0.008846598,-0.0042221104,0.008931471,-0.009418623,12.0,1226.0,305.3,309.2,302.8,307.5,8837902.0,308.75,306.15668,302.1375,298.95502,296.34082,1.4003237,-0.00844432,0.007206067,0.0127744,-0.008188667,12.0,1227.0,305.05,306.95,304.0,305.4,6516148.0,307.24,306.89334,302.8175,299.917,296.95084,1.3962314,-0.0008188667,0.001147373,0.0062285676,-0.0034420188,12.0
1224.0,305.2,320.0,304.4,315.5,22214824.0,309.72,304.20502,300.76376,296.818,294.77417,1.3986872,-0.024140649,0.03374832,0.04849275,-0.002621292,12.0,1225.0,307.9,310.65,305.0,306.6,6693583.0,309.46,305.24667,301.5975,297.8,295.6475,1.4428847,0.008846598,-0.0042221104,0.008931471,-0.009418623,12.0,1226.0,305.3,309.2,302.8,307.5,8837902.0,308.75,306.15668,302.1375,298.95502,296.34082,1.4003237,-0.00844432,0.007206067,0.0127744,-0.008188667,12.0,1227.0,305.05,306.95,304.0,305.4,6516148.0,307.24,306.89334,302.8175,299.917,296.95084,1.3962314,-0.0008188667,0.001147373,0.0062285676,-0.0034420188,12.0,1228.0,309.1,310.9,304.7,305.2,8063921.0,306.51,307.54666,303.9675,301.138,297.74335,1.4625283,0.013276572,-0.012617256,0.0058233184,-0.014234856,12.0
1225.0,307.9,310.65,305.0,306.6,6693583.0,309.46,305.24667,301.5975,297.8,295.6475,1.4428847,0.008846598,-0.0042221104,0.008931471,-0.009418623,12.0,1226.0,305.3,309.2,302.8,307.5,8837902.0,308.75,306.15668,302.1375,298.95502,296.34082,1.4003237,-0.00844432,0.007206067,0.0127744,-0.008188667,12.0,1227.0,305.05,306.95,304.0,305.4,6516148.0,307.24,306.89334,302.8175,299.917,296.95084,1.3962314,-0.0008188667,0.001147373,0.0062285676,-0.0034420188,12.0,1228.0,309.1,310.9,304.7,305.2,8063921.0,306.51,307.54666,303.9675,301.138,297.74335,1.4625283,0.013276572,-0.012617256,0.0058233184,-0.014234856,12.0,1229.0,303.7,309.4,302.65,309.1,13709891.0,306.21,307.97,304.70624,301.853,298.38333,1.3741329,-0.017470054,0.017780684,0.018768461,-0.0034574193,12.0
1226.0,305.3,309.2,302.8,307.5,8837902.0,308.75,306.15668,302.1375,298.95502,296.34082,1.4003237,-0.00844432,0.007206067,0.0127744,-0.008188667,12.0,1227.0,305.05,306.95,304.0,305.4,6516148.0,307.24,306.89334,302.8175,299.917,296.95084,1.3962314,-0.0008188667,0.001147373,0.0062285676,-0.0034420188,12.0,1228.0,309.1,310.9,304.7,305.2,8063921.0,306.51,307.54666,303.9675,301.138,297.74335,1.4625283,0.013276572,-0.012617256,0.0058233184,-0.014234856,12.0,1229.0,303.7,309.4,302.65,309.1,13709891.0,306.21,307.97,304.70624,301.853,298.38333,1.3741329,-0.017470054,0.017780684,0.018768461,-0.0034574193,12.0,1230.0,301.85,303.0,295.25,300.95,9337030.0,305.0,307.84332,305.185,302.278,299.0,1.3438492,-0.0060915574,-0.0029815931,0.003809819,-0.021865185,12.0
1227.0,305.05,306.95,304.0,305.4,6516148.0,307.24,306.89334,302.8175,299.917,296.95084,1.3962314,-0.0008188667,0.001147373,0.0062285676,-0.0034420188,12.0,1228.0,309.1,310.9,304.7,305.2,8063921.0,306.51,307.54666,303.9675,301.138,297.74335,1.4625283,0.013276572,-0.012617256,0.0058233184,-0.014234856,12.0,1229.0,303.7,309.4,302.65,309.1,13709891.0,306.21,307.97,304.70624,301.853,298.38333,1.3741329,-0.017470054,0.017780684,0.018768461,-0.0034574193,12.0,1230.0,301.85,303.0,295.25,300.95,9337030.0,305.0,307.84332,305.185,302.278,299.0,1.3438492,-0.0060915574,-0.0029815931,0.003809819,-0.021865185,12.0,1231.0,300.3,303.35,298.95,300.0,7878201.0,304.0,307.32333,305.6175,302.51,299.79584,1.3184761,-0.005135061,-0.0009989603,0.010156572,-0.0044954233,12.0
1228.0,309.1,310.9,304.7,305.2,8063921.0,306.51,307.54666,303.9675,301.138,297.74335,1.4625283,0.013276572,-0.012617256,0.0058233184,-0.014234856,12.0,1229.0,303.7,309.4,302.65,309.1,13709891.0,306.21,307.97,304.70624,301.853,298.38333,1.3741329,-0.017470054,0.017780684,0.018768461,-0.0034574193,12.0,1230.0,301.85,303.0,295.25,300.95,9337030.0,305.0,307.84332,305.185,302.278,299.0,1.3438492,-0.0060915574,-0.0029815931,0.003809819,-0.021865185,12.0,1231.0,300.3,303.35,298.95,300.0,7878201.0,304.0,307.32333,305.6175,302.51,299.79584,1.3184761,-0.005135061,-0.0009989603,0.010156572,-0.0044954233,12.0,1232.0,303.8,304.45,297.15,298.0,8800435.0,303.75,306.97665,306.1075,303.004,300.55585,1.3757695,0.011655012,-0.019091468,0.0021396459,-0.021889381,12.0
1229.0,303.7,309.4,302.65,309.1,13709891.0,306.21,307.97,304.70624,301.853,298.38333,1.3741329,-0.017470054,0.017780684,0.018768461,-0.0034574193,12.0,1230.0,301.85,303.0,295.25,300.95,9337030.0,305.0,307.84332,305.185,302.278,299.0,1.3438492,-0.0060915574,-0.0029815931,0.003809819,-0.021865185,12.0,1231.0,300.3,303.35,298.95,300.0,7878201.0,304.0,307.32333,305.6175,302.51,299.79584,1.3184761,-0.005135061,-0.0009989603,0.010156572,-0.0044954233,12.0,1232.0,303.8,304.45,297.15,298.0,8800435.0,303.75,306.97665,306.1075,303.004,300.55585,1.3757695,0.011655012,-0.019091468,0.0021396459,-0.021889381,12.0,1233.0,294.45,303.8,294.0,303.3,12535720.0,300.82,306.0,305.865,303.338,301.085,1.2227147,-0.030776748,0.030055953,0.03175403,-0.0015283144,12.0
1230.0,301.85,303.0,295.25,300.95,9337030.0,305.0,307.84332,305.185,302.278,299.0,1.3438492,-0.0060915574,-0.0029815931,0.003809819,-0.021865185,12.0,1231.0,300.3,303.35,298.95,300.0,7878201.0,304.0,307.32333,305.6175,302.51,299.79584,1.3184761,-0.005135061,-0.0009989603,0.010156572,-0.0044954233,12.0,1232.0,303.8,304.45,297.15,298.0,8800435.0,303.75,306.97665,306.1075,303.004,300.55585,1.3757695,0.011655012,-0.019091468,0.0021396459,-0.021889381,12.0,1233.0,294.45,303.8,294.0,303.3,12535720.0,300.82,306.0,305.865,303.338,301.085,1.2227147,-0.030776748,0.030055953,0.03175403,-0.0015283144,12.0,1234.0,294.3,297.8,290.55,295.0,9173687.0,298.94,304.95667,305.7125,303.553,301.3675,1.2202588,-0.00050950726,0.002378567,0.011892627,-0.0127421,12.0
1231.0,300.3,303.35,298.95,300.0,7878201.0,304.0,307.32333,305.6175,302.51,299.79584,1.3184761,-0.005135061,-0.0009989603,0.010156572,-0.0044954233,12.0,1232.0,303.8,304.45,297.15,298.0,8800435.0,303.75,306.97665,306.1075,303.004,300.55585,1.3757695,0.011655012,-0.019091468,0.0021396459,-0.021889381,12.0,1233.0,294.45,303.8,294.0,303.3,12535720.0,300.82,306.0,305.865,303.338,301.085,1.2227147,-0.030776748,0.030055953,0.03175403,-0.0015283144,12.0,1234.0,294.3,297.8,290.55,295.0,9173687.0,298.94,304.95667,305.7125,303.553,301.3675,1.2202588,-0.00050950726,0.002378567,0.011892627,-0.0127421,12.0,1235.0,294.05,297.5,291.3,294.3,7381943.0,297.38,303.94666,305.2275,303.624,301.46167,1.2161664,-0.00084947335,0.0008501956,0.01173274,-0.009352151,12.0
1232.0,303.8,304.45,297.15,298.0,8800435.0,303.75,306.97665,306.1075,303.004,300.55585,1.3757695,0.011655012,-0.019091468,0.0021396459,-0.021889381,12.0,1233.0,294.45,303.8,294.0,303.3,12535720.0,300.82,306.0,305.865,303.338,301.085,1.2227147,-0.030776748,0.030055953,0.03175403,-0.0015283144,12.0,1234.0,294.3,297.8,290.55,295.0,9173687.0,298.94,304.95667,305.7125,303.553,301.3675,1.2202588,-0.00050950726,0.002378567,0.011892627,-0.0127421,12.0,1235.0,294.05,297.5,291.3,294.3,7381943.0,297.38,303.94666,305.2275,303.624,301.46167,1.2161664,-0.00084947335,0.0008501956,0.01173274,-0.009352151,12.0,1236.0,297.55,298.45,289.3,293.0,7937785.0,296.83,303.19333,304.7,303.86,301.56332,1.2734598,0.011902738,-0.015291507,0.003024784,-0.027726434,12.0
1233.0,294.45,303.8,294.0,303.3,12535720.0,300.82,306.0,305.865,303.338,301.085,1.2227147,-0.030776748,0.030055953,0.03175403,-0.0015283144,12.0,1234.0,294.3,297.8,290.55,295.0,9173687.0,298.94,304.95667,305.7125,303.553,301.3675,1.2202588,-0.00050950726,0.002378567,0.011892627,-0.0127421,12.0,1235.0,294.05,297.5,291.3,294.3,7381943.0,297.38,303.94666,305.2275,303.624,301.46167,1.2161664,-0.00084947335,0.0008501956,0.01173274,-0.009352151,12.0,1236.0,297.55,298.45,289.3,293.0,7937785.0,296.83,303.19333,304.7,303.86,301.56332,1.2734598,0.011902738,-0.015291507,0.003024784,-0.027726434,12.0,1237.0,292.3,298.0,291.35,297.0,7964702.0,294.53,301.84,303.865,303.792,301.59167,1.1875197,-0.017644094,0.016079413,0.019500555,-0.0032500231,12.0
